""	"logFC"	"Fold Change"	"AveExpr"	"t"	"P.Value"	"adj.P.Val"
"hsa-miR-381-3p"	616.645273507206	4.25328035409786e+185	640.662990326105	68.8546358036427	1.00969376885225e-17	7.74435120709672e-15
"hsa-miR-106b-3p"	150.560214252562	2.10445984589976e+45	139.27930079919	61.6497950245582	4.09275749358984e-17	1.19472237130326e-14
"hsa-miR-502-5p"	138.869052003652	6.36429236971889e+41	126.817594171214	60.5452653934744	5.14515820647545e-17	1.19472237130326e-14
"hsa-miR-573"	102.642786639264	7.91694480137347e+30	100.225434868639	59.6364535580618	6.23062514369367e-17	1.19472237130326e-14
"hsa-miR-548d-3p"	110.492713792932	1.82650621363816e+33	101.368969522598	57.574945069839	9.72453724811384e-17	1.49174401386066e-14
"hsa-miR-651-5p"	107.319072494331	2.02423032916349e+32	101.67153154316	55.5918380019179	1.51513845427885e-16	1.80157905918041e-14
"hsa-miR-125a-3p"	173.464164922156	1.65164540848829e+52	157.434770483748	55.2337151052896	1.64420513875657e-16	1.80157905918041e-14
"hsa-miR-612"	136.341111576601	1.10347939151249e+41	116.088277473888	54.3545252254859	2.01416631525079e-16	1.9310819547467e-14
"ebv-miR-BART4-5p"	98.4911653691316	4.45446021111832e+29	97.0916984953097	53.184143402794	2.65244933952976e-16	2.26047627046592e-14
"hsa-miR-613"	85.776522577888	6.62683595158865e+25	81.5808636612288	52.5573472282099	3.08141489081516e-16	2.26283507390662e-14
"hsa-miR-92a-1-5p"	83.0235459444074	9.83054681327243e+24	83.5861365796625	52.3424300065224	3.24526542542019e-16	2.26283507390662e-14
"hiv1-miR-N367"	99.6103476119021	9.67614816208717e+29	95.9956626781792	51.7192452102085	3.77584422956912e-16	2.37035845303877e-14
"hsa-miR-19a-5p"	77.2113498508967	1.74957397862568e+23	76.5499262269936	51.357465237518	4.12623084445473e-16	2.37035845303877e-14
"hsa-miR-188-5p"	93.340679063056	1.2541347847353e+28	91.0592961749448	51.1651809899711	4.32659952314768e-16	2.37035845303877e-14
"hsa-miR-30c-1-3p"	117.269246105954	2.00244523233413e+35	115.411323071158	50.6845248105512	4.8748489971675e-16	2.37595645428447e-14
"hsa-miR-330-3p"	197.566959114972	2.97564313568401e+59	188.906025564912	50.5101736406816	5.09186109521901e-16	2.37595645428447e-14
"ebv-miR-BHRF1-1"	373.925504046272	3.65420461453078e+112	374.904502509273	50.2502697405981	5.43493039045933e-16	2.37595645428447e-14
"hsa-miR-10a-5p"	111.965704776953	5.07032296495445e+33	108.687656829405	50.1485556220169	5.57590823691271e-16	2.37595645428447e-14
"hsa-miR-16-2-3p"	97.1006123704674	1.69901385661884e+29	97.1155161771164	49.7444591346629	6.17621219778368e-16	2.49323934510531e-14
"hsa-miR-760"	114.315527573027	2.58465611889141e+34	108.198530431082	49.3122539157782	6.89628014865392e-16	2.51180659245457e-14
"hsa-miR-767-5p"	86.6007848758158	1.1733670696896e+26	88.6460726392105	49.3096985258351	6.90079765095026e-16	2.51180659245457e-14
"hsa-miR-26b-3p"	106.623269895969	1.24969051750466e+32	101.01606910988	49.1418339432444	7.20466036949159e-16	2.51180659245457e-14
"hsa-miR-548a-3p"	99.4041903016717	8.38770167418243e+29	97.4627031175858	48.695124418976	8.08582886986701e-16	2.69644814921217e-14
"hsa-miR-569"	78.5635880397414	4.46680061180524e+23	79.6622773392821	48.1428788331318	9.3391495114844e-16	2.98463653137856e-14
"hsa-miR-378a-5p"	85.1250130204407	4.21873552868815e+25	87.9331954533017	46.3840880712913	1.49438961642111e-15	4.58478734317996e-14
"hsa-miR-629-3p&hsa-miR-629-5p"	129.905427236801	1.27476519626163e+39	123.277139410098	46.0404494255832	1.64151833388442e-15	4.84247908495903e-14
"ebv-miR-BART14-5p"	109.960293938967	1.26283557462875e+33	104.674523345767	45.3826546403388	1.96859850983709e-15	5.59227798905573e-14
"hsa-miR-148a-5p"	78.6970391456051	4.89969845451871e+23	76.9823880536276	45.2308859063498	2.05364034962943e-15	5.62550767202061e-14
"hsa-miR-497-3p"	84.5734735680205	2.87840818839539e+25	81.0403547033796	44.9436288777665	2.22564537737069e-15	5.88644829118386e-14
"hsa-miR-493-5p"	109.080272386496	6.86173471447943e+32	104.621297859877	44.8226877126413	2.30265537729346e-15	5.88712224794694e-14
"hsa-miR-512-3p"	99.4435222246294	8.6195196505163e+29	99.5283051711258	44.116413249625	2.81381207098128e-15	6.80167576967934e-14
"hsa-miR-26a-5p"	14415.9305230209	Inf	14478.1081203838	44.0868413737882	2.83772652711524e-15	6.80167576967934e-14
"ebv-miR-BART3-3p"	73.1732816845841	1.06500750503643e+22	80.6277219163726	43.8867048466998	3.00544969378363e-15	6.98539368221832e-14
"hsa-miR-362-3p"	121.058515609372	2.76849936972763e+36	123.252495037054	43.1782929740928	3.69059098036292e-15	7.94345428536627e-14
"hsa-miR-19b-1-5p"	87.1212013785315	1.68304168753514e+26	82.5374130711696	43.1099558770459	3.76509201375343e-15	7.94345428536627e-14
"hsa-miR-330-5p"	254.235316736274	3.40766030067092e+76	239.746766604501	43.0851409424066	3.79254522479185e-15	7.94345428536627e-14
"hsa-miR-450b-5p"	79.2713927956627	7.29570104332087e+23	79.7306126582127	43.0498914718857	3.8319140620411e-15	7.94345428536627e-14
"hsa-miR-563"	80.8349381346206	2.15645835792778e+24	77.5484654756837	42.8687173011267	4.04133590451721e-15	7.99615026623421e-14
"hsa-miR-875-5p"	90.3107490144583	1.53548077856344e+27	86.0647674190064	42.8481832999786	4.06583911842417e-15	7.99615026623421e-14
"hsa-miR-431-3p"	115.120919492918	4.5169979741929e+34	110.536765584347	42.3746589816026	4.67774551010183e-15	8.74247215830944e-14
"hsa-miR-373-5p"	103.004253538375	1.0171148521499e+31	101.585260991673	42.3528791236762	4.70818157956865e-15	8.74247215830944e-14
"ebv-miR-BART6-5p"	74.426179726041	2.53812238985875e+22	77.7077775027709	42.0825542185458	5.10424611331608e-15	8.74247215830944e-14
"hsa-miR-24-1-5p"	441.926700479291	1.07942563818016e+133	435.331761160944	42.0002045763821	5.23192860104305e-15	8.74247215830944e-14
"hsa-miR-208b-3p"	85.7908661835732	6.69305009039658e+25	95.7431048088311	41.9907675394569	5.24677916215046e-15	8.74247215830944e-14
"hsa-miR-639"	79.8007465274726	1.05297577821177e+24	81.3894502042145	41.9722159327932	5.27610549819323e-15	8.74247215830944e-14
"ebv-miR-BART10-5p"	105.123693098457	4.41961946472283e+31	100.969731253526	41.8231239662647	5.51830868625516e-15	8.74247215830944e-14
"hsa-miR-593-5p"	88.9819411920354	6.11270407144383e+26	90.6980964914836	41.7765525334116	5.59640153831692e-15	8.74247215830944e-14
"hsa-miR-488-5p"	108.02896484022	3.31099723012805e+32	107.197446331376	41.7293940144316	5.67669447524523e-15	8.74247215830944e-14
"ebv-miR-BART17-3p"	109.877768621637	1.19262583175176e+33	102.096068309859	41.7215407331735	5.69018583908847e-15	8.74247215830944e-14
"hsa-miR-15a-5p"	1378.88760067803	Inf	1375.51691166463	41.71634287413	5.69913439263979e-15	8.74247215830944e-14
"hsa-miR-541-5p"	90.5031033899752	1.75448161259631e+27	90.5126925674153	41.5715834605983	5.95454687491343e-15	8.95517147658549e-14
"hsa-miR-517a-3p"	95.1292148341468	4.33258537158064e+28	90.5276881353729	41.4834317850658	6.11610789566742e-15	9.01693381106368e-14
"hsa-miR-616-5p"	109.929318820731	1.23601109145139e+33	102.480557780052	41.422396856656	6.230736531765e-15	9.01693381106368e-14
"ebv-miR-BART13-3p"	302.216743419142	9.46901841269113e+90	290.363882554706	41.3256785890306	6.41715212221575e-15	9.11473273655459e-14
"hsa-miR-500a-3p"	218.276254740219	5.10152498527445e+65	214.002368517073	41.09211962696	6.89257708944355e-15	9.61201205018764e-14
"hsa-miR-542-5p"	104.229469003981	2.37791651056563e+31	103.026871891551	40.629347113792	7.95060016966102e-15	1.0889482732375e-13
"hsa-miR-326"	243.80061417803	2.46205544475753e+73	229.236112593568	40.3021756135463	8.80374206552124e-15	1.16540496770757e-13
"hsa-miR-1296-5p"	127.760845043269	2.88301319052799e+38	132.343820918717	40.2989206493005	8.81271031643271e-15	1.16540496770757e-13
"hsa-miR-194-3p"	123.735318579607	1.77028184498067e+37	120.407452380945	40.083944096398	9.42740388778091e-15	1.19601974143445e-13
"hsa-miR-145-3p"	109.36293093266	8.34685029846119e+32	111.781643850722	40.0672328250999	9.47708740272928e-15	1.19601974143445e-13
"hsa-miR-346"	76.19696096529	8.66105564804836e+22	80.829462458217	40.0555390746577	9.51202141166906e-15	1.19601974143445e-13
"hsa-miR-875-3p"	108.306025531725	4.0120135969298e+32	104.833068904692	39.8274539494757	1.02219220854294e-14	1.26455068379425e-13
"hsa-miR-361-3p"	194.714710120008	4.12067481326103e+58	175.407689963445	39.7499895271186	1.04758539071203e-14	1.27539364234306e-13
"hsa-let-7d-3p"	234.267911064167	3.32405538900084e+70	225.714355021092	39.6766955041832	1.07223857527366e-14	1.28501091755453e-13
"hsa-miR-520g-3p"	91.8164935137576	4.36032282531045e+27	101.395597298352	39.6190604716309	1.09206399495292e-14	1.28863551404444e-13
"hsa-miR-892a"	87.5752132362372	2.30550495942174e+26	85.5801176772713	39.4597651861899	1.14894344242074e-14	1.33521154596471e-13
"hsa-miR-615-5p"	94.4371108588414	2.68165603769643e+28	94.6863850495523	39.1858888395932	1.25434189451796e-14	1.43594064641086e-13
"hsa-miR-593-5p&hsa-miR-593-3p"	108.407836866419	4.30537179960772e+32	103.659280965982	38.9705338260541	1.3445380061789e-14	1.50832291088036e-13
"hsa-miR-604"	84.6965082465198	3.13465327378963e+25	84.7190964548414	38.9067483501028	1.37257713178379e-14	1.50832291088036e-13
"hsa-miR-202-5p"	88.9536334024013	5.99393290772188e+26	81.8919424981299	38.8471416350756	1.39934978892302e-14	1.50832291088036e-13
"hsa-miR-192-3p"	84.820177397658	3.41521173624665e+25	71.2661413932584	38.8308357549822	1.40677134911522e-14	1.50832291088036e-13
"hsa-miR-375-3p"	94.7439299781847	3.31714786105637e+28	94.487682934933	38.7779153056489	1.4311517178054e-14	1.50832291088036e-13
"hsa-miR-372-3p"	92.2736587213662	5.98603269799075e+27	95.1168993310206	38.7684470572128	1.43556157098131e-14	1.50832291088036e-13
"hsa-miR-606"	71.091869129831	2.51643116955711e+21	75.5528558455185	38.645540231178	1.49415446242821e-14	1.54867090903032e-13
"hsa-miR-371a-3p"	98.4538254650962	4.34064884174897e+29	95.4330311277458	38.4888072888403	1.57264165815406e-14	1.60828820240555e-13
"hsa-miR-148a-3p"	98.2418926254746	3.74762831059563e+29	102.392414635397	38.2896515342889	1.67884691072678e-14	1.6861235930263e-13
"hsa-miR-96-5p"	111.97396204055	5.09942615988477e+33	108.749593094326	38.2646465740499	1.69271860056095e-14	1.6861235930263e-13
"hsa-miR-941"	87.6629924406666	2.4501362416584e+26	83.0664495905009	38.0885408281373	1.79398496996453e-14	1.76408522046513e-13
"hsa-miR-522-3p"	89.4533212498523	8.47486732445951e+26	85.9024984026973	37.9537272253821	1.8759178320831e-14	1.82130250279461e-13
"hsa-miR-609"	102.732914815802	8.42730867542739e+30	95.5868356966129	37.6862290956984	2.05068516513994e-14	1.95844733017433e-13
"hsa-let-7f-2-3p"	93.1821465084332	1.12362439447813e+28	92.7365741407393	37.6331378266251	2.08741635151541e-14	1.95844733017433e-13
"hsa-miR-323b-5p"	102.84296090439	9.09528003502628e+30	100.223820853343	37.620085464815	2.096554840437e-14	1.95844733017433e-13
"hsa-miR-632"	104.692777524311	3.27843338951862e+31	100.361395827804	37.5878483833106	2.11931067020169e-14	1.95844733017433e-13
"hsa-miR-595"	123.282831098334	1.29368967183516e+37	113.614437598715	37.4935167616494	2.18744169776282e-14	1.99317837893114e-13
"hsa-miR-192-5p"	154.907989165167	4.2850047403702e+46	157.439724365449	37.4645044092141	2.20886782541261e-14	1.99317837893114e-13
"hsa-miR-524-3p"	82.536739254834	7.01510636004776e+24	79.9313801789784	37.2897113296272	2.34283931279679e-14	2.08941954979075e-13
"hsa-miR-507"	103.152852971836	1.12746451692959e+31	98.3607084515226	37.2555815759952	2.37000652974961e-14	2.08941954979075e-13
"hsa-miR-188-3p"	82.1696550986011	5.43914852415125e+24	73.9647679748998	37.0813655285643	2.51407682806693e-14	2.19124650809925e-13
"hsa-miR-10b-3p"	81.4176242808453	3.22958771379559e+24	81.5388947682837	36.8432904452844	2.72642731632262e-14	2.34962893440388e-13
"hsa-miR-374a-3p"	91.1996251114293	2.84330043739801e+27	96.2151269960653	36.7302746183884	2.83393086294648e-14	2.41513885764439e-13
"hsa-miR-556-3p"	83.0846534334359	1.02558783968764e+25	79.0270036428979	36.6681471798425	2.8949674001291e-14	2.43057513729361e-13
"hsa-miR-502-3p"	131.382891572951	3.54969697552218e+39	135.681361718658	36.6476418074921	2.91542258971332e-14	2.43057513729361e-13
"hsa-miR-567"	84.4247963441285	2.59654633788188e+25	87.7188656457543	36.5181978273949	3.04820076125929e-14	2.51394621923213e-13
"hsa-miR-324-3p"	132.306981922584	6.73550549017659e+39	120.059128129077	36.48499257902	3.08330216460491e-14	2.51584336197018e-13
"hsa-miR-521"	91.2289546827975	2.90169547577736e+27	97.0374699110908	36.4405272029265	3.13099080158919e-14	2.52786309980938e-13
"hsa-miR-532-3p"	123.940415531596	2.04071684833597e+37	125.129640442372	36.2637439896139	3.32860475204803e-14	2.65941650502171e-13
"hsa-miR-345-5p"	139.103921011508	7.48949851391419e+41	139.620109456528	36.2211811994348	3.37816465770876e-14	2.67118793037384e-13
"hsa-miR-506-3p"	96.0004627991469	7.92535820289457e+28	105.08663019966	36.0886290831776	3.53767226574202e-14	2.74994054520919e-13
"hsa-miR-873-5p"	253.240460727206	1.70991607304124e+76	253.049920961545	36.0682890840711	3.56285884823211e-14	2.74994054520919e-13
"hsa-miR-618"	106.809956411261	1.42233112992619e+32	98.9495681738997	36.0502643354689	3.58534010176928e-14	2.74994054520919e-13
"hsa-miR-328-3p"	128.765663969034	5.78531840732934e+38	121.434450975135	36.0217847797367	3.62117333854144e-14	2.74994054520919e-13
"hsa-miR-135b-3p"	82.1608720004778	5.40613569104014e+24	84.8997762952416	35.9175532699005	3.75564710537902e-14	2.77818519150572e-13
"hsa-miR-490-5p"	121.9601253776	5.17197019656881e+36	120.266361853209	35.9092834980103	3.76654448654204e-14	2.77818519150572e-13
"hsa-miR-532-5p"	124.877549107704	3.90740174772703e+37	117.35867840327	35.908915071476	3.76703076814335e-14	2.77818519150572e-13
"sv40-miR-S1-3p"	106.078644639694	8.56749650482e+31	98.1811755893837	35.7557924147739	3.97511781459951e-14	2.88748295743984e-13
"hsa-miR-425-3p"	141.846175417709	5.01133656143018e+42	137.119304452802	35.7448010827974	3.99052403505376e-14	2.88748295743984e-13
"hsa-miR-641"	82.94760843216	9.32648952245229e+24	87.5576702440386	35.7167921385867	4.03007510196075e-14	2.88884822729336e-13
"hsa-miR-517b-3p"	102.844333049311	9.10393465620596e+30	97.2910811340981	35.5093873322272	4.33643720373363e-14	3.07249686760922e-13
"hsa-miR-373-3p"	101.239160085282	2.99242945892549e+30	98.074205563709	35.4899622500503	4.36639059412523e-14	3.07249686760922e-13
"hcmv-miR-UL36-5p"	105.645830360362	6.34693214496111e+31	105.30009079976	35.3711630944053	4.55450091412623e-14	3.17572927375893e-13
"hsa-miR-769-3p"	118.729309712518	5.50913719662178e+35	116.767904185779	35.3302707636809	4.6212572844429e-14	3.19324715060153e-13
"hsa-miR-1180-3p"	89.9623375322356	1.20604101423326e+27	91.0556734821776	35.277696728007	4.70863802111848e-14	3.2245762162481e-13
"hsa-miR-148b-3p"	801.232769149306	1.56710112669402e+241	739.798499582601	35.1433205656912	4.94017655493856e-14	3.35319948463529e-13
"hsa-miR-96-3p"	75.9592760927915	7.34548629621497e+22	77.5445907810134	35.0849343061734	5.04457888456138e-14	3.39402807408647e-13
"hsa-miR-224-5p"	99.4697083430956	8.77739961449242e+29	94.6088556423187	34.7974395747718	5.59453969770068e-14	3.73131473750993e-13
"hsa-miR-29a-3p"	17190.045705095	Inf	17475.5564822652	34.7131661896709	5.76775089044144e-14	3.78130971469267e-13
"hsa-miR-454-5p"	83.7016594253377	1.5729328185013e+25	82.1988528316993	34.7119096854432	5.77037678138978e-14	3.78130971469267e-13
"hsa-miR-181d-5p"	171.669526545416	4.76076595550322e+51	167.544325488239	34.6694242819922	5.85992729501024e-14	3.78130971469267e-13
"hsa-miR-484"	123.766518712722	1.80898344094199e+37	121.573666239506	34.6662398313694	5.86669955734586e-14	3.78130971469267e-13
"hsa-let-7e-3p"	157.533850887179	2.64493162543465e+47	147.172149333645	34.6022624825304	6.00456091117935e-14	3.80835352262889e-13
"hsa-miR-591"	86.5829932741709	1.15898573306373e+26	80.0076173282857	34.5842268811805	6.04405294421438e-14	3.80835352262889e-13
"hsa-miR-519c-3p"	100.786406719676	2.18640986299964e+30	90.474962330444	34.5462361188262	6.12815932042516e-14	3.80835352262889e-13
"hsa-miR-33a-3p"	87.1517901121796	1.71910735965287e+26	91.7670736772895	34.5341147255554	6.15525924706211e-14	3.80835352262889e-13
"hsa-miR-218-1-3p"	78.0658954943046	3.16356077552095e+23	83.1289636886179	34.5333733437609	6.15692094923054e-14	3.80835352262889e-13
"hsa-miR-449b-5p"	92.3222832513931	6.19122413796585e+27	94.101486125338	34.458802337732	6.32655767090443e-14	3.88067100022266e-13
"hsa-miR-500a-3p&hsa-miR-500a-5p"	172.771193476912	1.02167231045849e+52	172.66476802356	34.4378911901709	6.37502667572432e-14	3.88067100022266e-13
"hsa-miR-10b-5p"	107.421447439356	2.17309071850288e+32	102.509944585405	34.379759271173	6.51188346935481e-14	3.93276741810641e-13
"hsa-miR-182-5p"	99.0533006517122	6.57680046174279e+29	105.713261975394	34.3291669899399	6.63356921064211e-14	3.97495905043945e-13
"hsa-miR-624-5p&hsa-miR-624-3p"	71.7023134592472	3.84190931711964e+21	80.019613853482	34.2154169495036	6.91620858998212e-14	4.11219533993511e-13
"hsa-miR-92b-5p"	76.9812678551649	1.49166303866292e+23	84.1745066728486	34.1666155733661	7.04142300403733e-14	4.15443957238203e-13
"hsa-miR-499a-3p"	79.2642823003675	7.25983177255778e+23	80.9018676475499	34.0632697787629	7.3147287442674e-14	4.28274576095656e-13
"hsa-miR-194-5p"	136.967426382202	1.70334951008927e+41	131.1861449943	34.0250452085449	7.41869516077389e-14	4.31071150629816e-13
"hsa-miR-588"	85.7725800782512	6.6087513030692e+25	76.614615746125	33.9595928564557	7.60043550381828e-14	4.38310829430724e-13
"hsa-miR-205-5p"	91.8657222740162	4.51167676875037e+27	87.6670858547344	33.8499085071409	7.91584345016993e-14	4.53093427334354e-13
"hsa-miR-223-5p"	104.919392522219	3.83605014836322e+31	98.1961289139176	33.7635869746152	8.17398920342551e-14	4.64403682890916e-13
"hsa-miR-20a-3p"	90.5811484470556	1.85200742819285e+27	94.5582508651282	33.6449354351387	8.54373478635383e-14	4.81841513318632e-13
"hsa-miR-146a-3p"	103.402944472059	1.34087386515507e+31	99.5535874639729	33.5732632882572	8.77578711358163e-14	4.91315964680081e-13
"hsa-miR-501-5p"	104.522358965086	2.91316622439986e+31	101.853617788375	33.5252549378524	8.93501780675902e-14	4.94976090179129e-13
"hcmv-miR-UL112-3p"	94.8802959114219	3.64598658859873e+28	95.0929072136095	33.5147624376428	8.97023162123845e-14	4.94976090179129e-13
"ebv-miR-BART12"	136.915235008183	1.64282990870798e+41	121.430301575101	33.4466517023413	9.20248663937728e-14	5.04164803743027e-13
"hsa-miR-147a"	180.202584134359	1.76353109073514e+54	179.518020766546	33.3777621744694	9.44400503131776e-14	5.1118787583621e-13
"ebv-miR-BART9-3p"	108.32141585453	4.0550418901982e+32	104.603203625563	33.3605938524542	9.50525282912555e-14	5.1118787583621e-13
"hsa-miR-34c-5p"	225.422193279735	7.22506678017111e+67	212.968274776761	33.353517698695	9.53062141389544e-14	5.1118787583621e-13
"hsa-miR-519e-3p"	228.729488233135	7.15215390018059e+68	236.48674739106	33.2157772813767	1.00392519823037e-13	5.34729602112981e-13
"hsa-miR-18b-3p"	97.9900986742871	3.14745100988768e+29	101.469099472331	33.1837884208305	1.0161515504358e-13	5.375091304719e-13
"hsa-miR-646"	67.7553965533808	2.49118930459984e+20	68.2211737811357	33.1496582403216	1.02937352754063e-13	5.40773627139493e-13
"hsa-miR-124-3p"	44213.1676792606	Inf	42526.3031316238	33.0212916653298	1.08078779846308e-13	5.63220481253813e-13
"hsa-miR-370-3p"	100.569400949127	1.88107595320905e+30	102.693074296268	33.0067416200788	1.0867878908157e-13	5.63220481253813e-13
"hsa-miR-605-5p"	153.163838989985	1.27911557479501e+46	148.840649578444	32.9423633997991	1.11377018583793e-13	5.73330021837378e-13
"hsa-miR-34b-5p"	109.84065199561	1.16233413975422e+33	103.935825793698	32.8225247331275	1.16593991272084e-13	5.96183942037923e-13
"hsa-miR-940"	104.394821760293	2.66669128645445e+31	104.840877242298	32.7775315242662	1.18620196349944e-13	6.02527752320577e-13
"hsa-miR-139-3p"	112.848374379898	9.34858003072467e+33	118.962966081955	32.6745090691165	1.23404048983761e-13	6.22703326122004e-13
"hsa-miR-548b-3p"	100.886585487302	2.34362645548801e+30	100.100640293358	32.2344328125539	1.4631139620625e-13	7.33469548301918e-13
"hsa-miR-935"	110.610315654044	1.9816312470066e+33	109.774531384853	32.2127811513771	1.475508943963e-13	7.34791859433302e-13
"hsa-miR-31-3p"	125.397820577005	5.60409365515733e+37	125.492412498042	32.1964864543628	1.48491184109729e-13	7.34791859433302e-13
"hsa-miR-518d-3p"	96.6926201413153	1.2804983461351e+29	95.3562391264404	32.1409369489036	1.5174553412255e-13	7.46082209435871e-13
"hsa-miR-590-3p"	77.0976824724537	1.61701861829233e+23	73.0955701162744	32.1036547274462	1.53972767158732e-13	7.49199548834036e-13
"hsa-miR-135b-5p"	120.457536503378	1.82528923010651e+36	110.292289707141	32.0976768000191	1.5433315347559e-13	7.49199548834036e-13
"hsa-miR-629-3p"	171.345924282088	3.80419564166152e+51	164.701636173276	32.0255333237345	1.58754835735641e-13	7.65817352259348e-13
"hsa-miR-196b-5p"	102.389462590853	6.64200930625801e+30	97.9807039450995	31.9298435195269	1.6483156931383e-13	7.90161335398174e-13
"hsa-miR-501-3p"	89.7290906303266	1.02600095113412e+27	90.3286955414001	31.8712131410698	1.6867839535206e-13	8.03579684689625e-13
"hsa-miR-122-5p"	119.011473681824	6.6992071397861e+35	115.771861578139	31.7465988172719	1.77179778891068e-13	8.38869693885488e-13
"hsa-miR-551a"	153.777935744223	1.95781355167456e+46	154.651474215099	31.7061045596008	1.80040884078928e-13	8.47186245941951e-13
"hsa-miR-377-5p"	141.353867375348	3.56249352025432e+42	148.030681267534	31.5393881352742	1.92355677557606e-13	8.99614662723683e-13
"hsa-miR-520a-3p"	97.8825083331052	2.92126569746365e+29	90.5689262172582	31.4517747355812	1.99188768618596e-13	9.25925972911897e-13
"hsa-miR-525-3p"	87.9958050295922	3.08586417448387e+26	89.6319698531959	31.3911125483298	2.04072960821754e-13	9.32712832832332e-13
"kshv-miR-K12-3-3p"	95.3532450439577	5.06042441177872e+28	95.1297366030392	31.3791996405711	2.05047202238015e-13	9.32712832832332e-13
"hsa-miR-148b-5p"	82.4499797886193	6.60567280552609e+24	88.7726036891644	31.3759738858198	2.05311867128478e-13	9.32712832832332e-13
"hsa-miR-429"	92.0860035462456	5.25592607536188e+27	86.548368429892	31.3735254953463	2.05512997064751e-13	9.32712832832332e-13
"hsa-miR-539-5p"	187.274984928339	2.3734927034188e+56	175.293180157675	31.3236960388073	2.0965286226248e-13	9.42949103011969e-13
"kshv-miR-K12-12-5p&kshv-miR-K12-12-3p"	93.0110939090588	9.97996908897185e+27	93.7636287739339	31.3168663640982	2.10227244608927e-13	9.42949103011969e-13
"hsa-miR-590-5p"	136.929386444333	1.65902376655427e+41	137.787359070462	31.1854823256583	2.21613437904844e-13	9.8824131902916e-13
"hsa-miR-645"	115.084173825596	4.4034021254696e+34	113.103559210314	31.1199969204863	2.27535315145772e-13	1.00878373824744e-12
"hsa-miR-196a-5p"	104.012477976798	2.04585944938679e+31	100.070302252337	31.0554889536415	2.33535876133525e-13	1.02943687927824e-12
"hsa-miR-186-3p"	103.276491441652	1.22834898377056e+31	114.937263344633	30.9948644209772	2.39330886521583e-13	1.04895308549745e-12
"hsa-miR-572"	83.7564359054662	1.63380242921228e+25	81.6321590516179	30.8112885644392	2.57844226828698e-13	1.12265949456489e-12
"hsa-miR-210-3p"	96.7463209909672	1.32906000288427e+29	102.949116617489	30.7995895207052	2.59075267976512e-13	1.12265949456489e-12
"hsa-miR-30a-3p"	139.900812551397	1.30119083526345e+42	143.473242187346	30.7773893544596	2.61428748556522e-13	1.12649354012838e-12
"hsa-miR-33b-5p"	95.0386846534202	4.06906688999089e+28	93.9372961303194	30.7458875017507	2.64807950333704e-13	1.13467987656956e-12
"hsa-miR-125a-5p"	6549.52892198069	Inf	6857.06856756091	30.5738140362509	2.84116745099264e-13	1.2106530193952e-12
"hsa-miR-545-3p"	95.1781077216301	4.48193294559841e+28	94.9758963139464	30.556021315092	2.8619823901693e-13	1.212784802906e-12
"hsa-miR-586"	93.6350327975827	1.53799001897488e+28	96.0739498838292	30.4479641357623	2.99197685811886e-13	1.26090453306438e-12
"hsa-miR-449a"	102.239290687999	5.98540073312737e+30	102.331699382499	30.3300892963949	3.14107634950917e-13	1.31650577053199e-12
"hsa-miR-661"	100.499714770772	1.79237427330884e+30	98.0351334127874	30.2486757232745	3.24872206093199e-13	1.35235328545629e-12
"hsa-miR-589-3p"	76.0900286873304	8.04231363610859e+22	78.134704052129	30.2389321954032	3.26186907183068e-13	1.35235328545629e-12
"hsa-miR-34a-3p"	117.020101098432	1.6848472222847e+35	123.9786924604	30.1969841544129	3.31912827264633e-13	1.36227207609567e-12
"hsa-miR-384"	79.3779641581364	7.85503648051112e+23	74.8491667997943	30.1953974875823	3.32131523115894e-13	1.36227207609567e-12
"hsa-miR-424-3p"	83.2809308282493	1.17505513882856e+25	87.2343417178385	30.165850205207	3.36232631262602e-13	1.3717575966937e-12
"hcmv-miR-UL70-5p"	85.7260635214452	6.39906512541188e+25	87.1086051666528	30.1150495884791	3.43411802092456e-13	1.39363413865034e-12
"hsa-miR-124-5p"	251.52981503252	5.22419198567372e+75	265.504626196515	30.0826994445643	3.4806952665831e-13	1.40510172077328e-12
"hsa-miR-542-3p"	136.92332485179	1.65206787556067e+41	131.834790626639	30.0122564759896	3.58449038137409e-13	1.43656998505874e-12
"hcmv-miR-US5-2-3p"	91.2977910828674	3.04350243677731e+27	92.3878699132841	29.9860877521498	3.62389468395811e-13	1.43656998505874e-12
"hsa-miR-342-5p"	174.258746347352	2.8649012529465e+52	177.420357581398	29.9824571894164	3.62939828146323e-13	1.43656998505874e-12
"hsa-miR-323a-5p"	98.1287051494218	3.46484399829972e+29	97.8045458463354	29.979711255575	3.63356684617204e-13	1.43656998505874e-12
"hsa-miR-15b-3p"	106.605227986587	1.23415957954919e+32	100.711549474436	29.9662785193178	3.65403339491458e-13	1.43725313533307e-12
"hsa-miR-191-3p"	96.9841575289246	1.56725809041053e+29	96.7786936941251	29.9532278592439	3.67403683420913e-13	1.43774808767266e-12
"hsa-miR-152-3p"	225.046585275275	5.5689406514374e+67	210.701247237369	29.9345139693264	3.70292682841294e-13	1.43971543223086e-12
"hsa-miR-27a-3p"	1333.64274883275	Inf	1298.91266988463	29.9257081212752	3.71660567903142e-13	1.43971543223086e-12
"hsa-miR-601"	168.177848324043	4.23230494432041e+50	157.780436711227	29.894755564721	3.76512064057187e-13	1.45117966397921e-12
"hsa-miR-596"	97.0129018969793	1.59879741497813e+29	95.5848532728	29.8225401032836	3.88098528183652e-13	1.48835785558431e-12
"hsa-miR-23a-5p"	123.582495108006	1.59234792579464e+37	117.296820949613	29.7623155305969	3.98055115534123e-13	1.51894663489887e-12
"hsa-miR-378a-5p&hsa-miR-378a-3p"	366.652679762312	2.36295036439553e+110	351.158334926172	29.6507345813419	4.17237261575675e-13	1.58426227538883e-12
"ebv-miR-BART1-3p"	113.96159557184	2.02236071721482e+34	109.064377165775	29.622020548361	4.22333139255285e-13	1.5957119103882e-12
"hsa-miR-122-3p"	100.672318384673	2.02016836903639e+30	104.31492863078	29.5426643859884	4.36768547162752e-13	1.64216409644035e-12
"hsa-miR-515-3p"	96.188900648299	9.03117681450704e+28	92.7816841395005	29.4942682908215	4.45832502560941e-13	1.66168660805147e-12
"hsa-miR-200a-5p"	95.0055429181316	3.97665736125696e+28	100.094313764528	29.491832998758	4.46293926021646e-13	1.66168660805147e-12
"hsa-miR-519b-3p"	91.836337025062	4.42071112445994e+27	84.0814508014032	29.4735407952697	4.49776310345536e-13	1.66656246393733e-12
"hsa-miR-380-3p"	99.4315781379617	8.54845314721658e+29	99.241957997439	29.4337582077071	4.57451450481676e-13	1.68685222365118e-12
"hcmv-miR-UL70-3p"	98.7770308339743	5.43061686065826e+29	97.0315614389708	29.3295397596442	4.78235282912372e-13	1.75505484207555e-12
"hsa-miR-520e-3p"	100.88065699799	2.33401551533083e+30	93.1475537683879	29.2682561781577	4.90930223924313e-13	1.79306419880927e-12
"hsa-miR-505-3p"	113.368188017157	1.34037138357428e+34	120.884043502197	29.2518257779409	4.94395198331923e-13	1.79716169251462e-12
"hsa-miR-483-3p"	132.695820527668	8.81905960930485e+39	113.722225896248	29.1817551644517	5.09470921405782e-13	1.84322734301054e-12
"hsa-miR-561-3p"	92.2471561255075	5.87707196194805e+27	93.0305920620916	29.1266946547393	5.21664757269318e-13	1.87848295223271e-12
"hsa-miR-93-3p"	92.8466458648477	8.90482526857048e+27	95.2229757422651	28.9037921272432	5.74341361407697e-13	2.05850385140048e-12
"hsa-miR-874-3p"	281.211692624092	4.49940007570672e+84	281.674650332816	28.7798342465561	6.06092956339965e-13	2.16220138378025e-12
"hsa-let-7i-3p"	88.6262099185066	4.7769158131568e+26	99.805884465526	28.757630877087	6.11977496907769e-13	2.17308675985305e-12
"hsa-miR-24-3p"	6037.81261026431	Inf	5454.38172734596	28.7450688318354	6.15334052324076e-13	2.17493648909017e-12
"hsa-miR-452-5p"	112.509394794413	7.39099021171498e+33	114.320642106287	28.7063662847207	6.25800622163852e-13	2.20178475779667e-12
"hsa-miR-200c-5p"	101.478338383401	3.53202495649142e+30	106.304893211227	28.6636071055714	6.37587768708069e-13	2.23301287031548e-12
"hsa-miR-130b-3p"	264.013777539258	2.99272152902293e+79	263.773615256263	28.5433450751223	6.72041234656946e-13	2.3429801226449e-12
"hsa-miR-382-5p"	360.348582142503	2.99041952669814e+108	356.63119198838	28.4521378711253	6.99507577908097e-13	2.42770277038692e-12
"hsa-miR-508-3p"	101.015816549404	2.56324912539502e+30	97.1715525709835	28.3999886302636	7.15753562985784e-13	2.4728963189644e-12
"hsa-miR-423-5p"	1343.10294444373	Inf	1279.75917941562	28.3700963790498	7.25248816964144e-13	2.49446566193497e-12
"hsa-miR-744-3p"	106.502086836595	1.14900716962191e+32	113.247647631494	28.2296180484153	7.71726247916869e-13	2.64247335782249e-12
"ebv-miR-BART14-3p"	95.0945937032063	4.22985159296686e+28	94.4852110378603	28.117242019885	8.1121688484608e-13	2.76534822523086e-12
"hsa-let-7e"	9035.74668646589	Inf	9200.20002626784	28.0670831384591	8.29541587627759e-13	2.81530264473669e-12
"hsa-miR-218-2-3p"	115.353432248399	5.30692817155136e+34	144.652506075839	28.0247126532661	8.45368608847973e-13	2.8563776343013e-12
"hsa-miR-125b-5p"	37465.7094887133	Inf	39152.5740363501	27.9818476126885	8.61711994194171e-13	2.89882938397776e-12
"ebv-miR-BART10-3p"	99.0755584094418	6.67905344113646e+29	103.756389257799	27.957853914908	8.71008566646353e-13	2.91730816863647e-12
"hsa-miR-217-5p"	79.6895607876857	9.74873215511567e+23	91.9974357127915	27.9375826676106	8.78947083997026e-13	2.93109744967704e-12
"hcmv-miR-US25-1-5p"	98.7384815868275	5.28743064685432e+29	95.9171405371394	27.9080908414928	8.9063606059979e-13	2.95722016658025e-12
"ebv-miR-BART9-5p"	98.2506483084171	3.77044173747073e+29	104.5046538071	27.867319842865	9.07072171981513e-13	2.99881187892164e-12
"hsa-miR-337-3p"	181.599032813686	4.64254434210313e+54	188.495208907425	27.7929045846571	9.37920227662435e-13	3.08326104185624e-12
"hsa-miR-125b-2-3p"	198.994404796115	8.00358963152451e+59	184.788875508433	27.7822760538014	9.42417651912856e-13	3.08326104185624e-12
"hsa-miR-600"	301.619069784535	6.25730420886713e+90	299.797776407051	27.7769600611688	9.44675808130661e-13	3.08326104185624e-12
"hsa-miR-450a-5p"	129.820519705257	1.20190594675282e+39	112.16338812201	27.722193226611	9.68282402749332e-13	3.14691780893533e-12
"hsa-miR-34c-3p"	83.490576833326	1.35883893450964e+25	91.3600348040672	27.6848179435874	9.84757091078113e-13	3.18695649306714e-12
"hsa-miR-877-3p"	109.673361688842	1.03507446226698e+33	103.918032312754	27.6603091524308	9.95724164573371e-13	3.20890938751166e-12
"hsa-miR-302d-3p"	94.515723352104	2.83183399424312e+28	88.8874690178661	27.6211758947351	1.01350909276517e-12	3.25255846925057e-12
"hsa-miR-892b"	96.2531475367267	9.44244764776013e+28	96.0032010175824	27.3788441003839	1.13155482592045e-12	3.59342779416254e-12
"hsa-miR-183-3p"	235.312040995945	6.85460890288975e+70	228.080966828475	27.3784394945783	1.13176388810877e-12	3.59342779416254e-12
"hcmv-miR-UL148D"	436.973807549137	3.48516538388771e+131	355.675392400862	27.3745410962553	1.13378034704998e-12	3.59342779416254e-12
"hsa-miR-301b-3p"	126.404036948849	1.12565860239756e+38	115.145455151855	27.3351397160388	1.15437952037008e-12	3.64365881532449e-12
"hsa-miR-106a-5p"	723.631323613621	6.83493218181679e+217	745.39723051491	27.2961970334327	1.17513566212078e-12	3.69397152806e-12
"ebv-miR-BART13-5p"	92.3501174271713	6.31183225856213e+27	85.3020917042077	27.2281219455799	1.21239139398586e-12	3.79552734362105e-12
"hsa-miR-199b-5p"	111.990707964824	5.15896204880218e+33	105.843798614438	27.1414044617387	1.26170348723681e-12	3.92444794637442e-12
"hsa-miR-525-5p"	454.726258857618	7.69562208316507e+136	441.683701012314	27.1377899284832	1.26380527086634e-12	3.92444794637442e-12
"hsa-miR-216a-5p"	87.1773937228624	1.7498888116574e+26	92.4472448055593	27.0576240240176	1.3114033687615e-12	4.05583219290352e-12
"hsa-miR-130b-5p"	130.034665586047	1.39423126554453e+39	134.00051664098	27.0273735356108	1.32986337758512e-12	4.09640646830438e-12
"hsa-miR-626"	82.4410209400334	6.56477999383327e+24	85.5590460640428	27.0136048686972	1.338358095321e-12	4.10608263644481e-12
"hsa-miR-16-1-3p"	100.393179063998	1.66478539933709e+30	102.280040441397	27.0001365783497	1.34672408388625e-12	4.11528833601893e-12
"hsa-let-7c"	15119.2068096087	Inf	14570.4183001748	26.9671123334346	1.36747690549332e-12	4.16212216870387e-12
"hsa-miR-616-5p&hsa-miR-616-3p"	87.8330838018843	2.75672113604045e+26	89.0092041614805	26.9157017157847	1.40047276886164e-12	4.24570203050149e-12
"hsa-miR-200b-3p"	115.067859743681	4.35388866872966e+34	111.523725654578	26.9055369481421	1.40709763197011e-12	4.24899166819321e-12
"hsa-miR-27a-5p"	112.885353847205	9.5913022953659e+33	110.580433820435	26.8924671673811	1.41566549502455e-12	4.25809974385816e-12
"hcmv-miR-UL22A-5p"	79.5879502227594	9.08574011913634e+23	84.9802399036095	26.6281150463839	1.60159676623154e-12	4.79853406132653e-12
"hsa-miR-576-5p"	167.591962435185	2.81973130009035e+50	162.86132740566	26.6073512558577	1.61727709786609e-12	4.82665966561593e-12
"hsa-miR-367-3p"	92.4479898931698	6.75488557554913e+27	89.9322652647541	26.5954100176261	1.62636969572064e-12	4.83498277758809e-12
"hsa-miR-937-3p"	206.135439874811	1.12966733669683e+62	217.565776193577	26.5713096005072	1.64488904308145e-12	4.87115789978176e-12
"hsa-miR-518c-3p"	95.2530062094016	4.72076135243967e+28	85.3133822845393	26.41865156902	1.76760316002864e-12	5.21442932208448e-12
"hsa-miR-105-5p"	137.886205552792	3.22020751866744e+41	158.491147325238	26.3084753916022	1.86228352559522e-12	5.47268760203653e-12
"hsa-miR-603"	125.893574537977	7.90209410424171e+37	117.303520789892	26.1898397641404	1.97037801464324e-12	5.75514198480466e-12
"ebv-miR-BART3-5p"	97.8568530100773	2.86977625148338e+29	85.0691316053029	26.1866183103735	1.97340592177787e-12	5.75514198480466e-12
"hsa-miR-7-1-3p"	127.583890885854	2.55022277633607e+38	126.758431715399	26.0474541357102	2.10911745425422e-12	6.1276253311098e-12
"hsa-let-7d"	852.507264287452	4.26833081612975e+256	830.897422946688	26.0085789568238	2.14880087878278e-12	6.21935952462789e-12
"hsa-miR-1307-3p"	106.942199907579	1.55887026998768e+32	106.25058054619	25.9379721306357	2.22294818688875e-12	6.40977917046493e-12
"hsa-miR-202-3p"	146.94585094303	1.71833909938976e+44	152.972302620309	25.8736581419992	2.29288963777267e-12	6.58669045757169e-12
"hsa-miR-26a-1-3p"	103.638723878795	1.57893626546981e+31	100.032516088468	25.7714550866742	2.40895957853784e-12	6.89429849529299e-12
"hsa-miR-888-3p"	1342.11627296091	Inf	1687.575807357	25.7436961289119	2.44156700590583e-12	6.96164272687648e-12
"hsa-miR-22-3p"	6860.60375380056	Inf	6656.20615267053	25.7236079993711	2.46546024259825e-12	6.98814161707986e-12
"hsa-miR-380-5p"	79.7475630231055	1.01486564485895e+24	81.2255485471233	25.7205808104984	2.46908263132808e-12	6.98814161707986e-12
"hsa-miR-550a-3p"	137.391256871975	2.28501713138212e+41	142.948797626012	25.7007651211934	2.49293651504155e-12	7.02971436410614e-12
"ebv-miR-BHRF1-2-5p"	72.6343546953242	7.33026168626854e+21	77.4393095884355	25.6798501728693	2.51838324940991e-12	7.07545770072307e-12
"hsa-miR-885-3p"	156.720367550374	1.50498289568008e+47	150.620454519398	25.4870573560116	2.76657528241154e-12	7.74439139273596e-12
"ebv-miR-BHRF1-3"	148.749998053244	6.00082924492137e+44	143.361918413473	25.4404147183564	2.83049914971423e-12	7.89451944665752e-12
"hsa-miR-615-3p"	238.739327550986	7.37392536336227e+71	242.511129000772	25.4234099984477	2.85419845615965e-12	7.93177614447265e-12
"hsa-miR-105-3p"	94.2819943811841	2.40828765664869e+28	95.0429567056897	25.355456941015	2.9510600743616e-12	8.17134684850307e-12
"kshv-miR-K12-9-3p"	69.7382135503779	9.84677745623038e+20	69.5895986899089	25.3415867410148	2.97126277783929e-12	8.18253983099053e-12
"hsa-miR-208a-3p"	222.115342477654	7.30097032011781e+66	226.827227629964	25.3325734206468	2.98447101128039e-12	8.18253983099053e-12
"hsa-miR-433-3p"	290.340853546011	2.5194508126974e+87	269.277551158465	25.3307796876851	2.98710710909693e-12	8.18253983099053e-12
"hsa-miR-29a-5p"	227.873985948045	3.95280146530149e+68	218.910008019357	25.2527604477094	3.10422833008667e-12	8.47310722126860e-12
"hsa-miR-199a-5p"	195.966592382185	9.81346674458835e+58	193.725786465325	25.2065577951164	3.17591214961289e-12	8.6380305629542e-12
"hsa-miR-571"	103.087124836051	1.07725059443799e+31	97.8088807576303	25.1511348621208	3.26426229657961e-12	8.84695823843307e-12
"hsa-miR-186-5p"	303.158204397962	1.81849853458022e+91	273.192156047905	25.1421682675974	3.27880317471988e-12	8.85507758806389e-12
"hsa-miR-30c-5p"	6603.73764200054	Inf	6856.03024541575	25.128388474698	3.30128567342857e-12	8.884512671999e-12
"hsa-miR-215-5p"	145.356642950068	5.71096629418789e+43	150.617238367127	25.0934504220992	3.35903681350381e-12	9.00832599985111e-12
"hsa-miR-509-3p"	99.5732657805856	9.43060958891806e+29	97.9390201500346	25.0589124222949	3.41719776815553e-12	9.13237173580241e-12
"hsa-miR-93-5p"	577.957795072387	9.60799004919548e+173	542.082606747986	25.0483366216825	3.43522334778816e-12	9.14866773525527e-12
"hiv1-miR-H1"	99.8710947785576	1.15929837776563e+30	104.529926897965	25.0063753367122	3.50775888214613e-12	9.30951924777192e-12
"hsa-miR-20b-5p"	193.250489155814	1.49346109162689e+58	204.934780758062	24.995885808044	3.5261480364991e-12	9.32605359998211e-12
"hsa-miR-155-3p"	82.3893916272362	6.33400211868793e+24	87.5513660824515	24.9447721871984	3.61725340207383e-12	9.53413525563789e-12
"hsa-miR-135a-3p"	111.995409178753	5.17580063419486e+33	111.939654110431	24.7737377258247	3.94101956560466e-12	1.03519246808862e-11
"hsa-miR-28-3p"	98.6289446814997	4.90084299814466e+29	98.8445782526974	24.6095773548089	4.28129638333869e-12	1.12056149222075e-11
"hsa-miR-197-3p"	450.204262959541	3.34955664491645e+135	485.77374054037	24.6031523858257	4.29524222572228e-12	1.12056149222075e-11
"hsa-miR-485-5p"	197.034678133876	2.05754008216695e+59	185.192392420417	24.5929635050275	4.31745833237126e-12	1.12253916641653e-11
"hsa-miR-885-5p"	1459.16981461609	Inf	1475.50705986074	24.554249506415	4.40300680960057e-12	1.14091426451474e-11
"hsa-let-7b-3p"	274.413675688038	4.04340833970266e+82	255.424818574715	24.4980383879778	4.5304862194548e-12	1.16984235936262e-11
"hsa-let-7b"	6390.99292555794	Inf	5985.42689820886	24.4916818967375	4.54515023585478e-12	1.16984235936262e-11
"hsa-miR-34b-5p&hsa-miR-34b-3p"	1742.21734132285	Inf	1822.81712423278	24.484469259309	4.56185127365326e-12	1.17021402237192e-11
"hsa-miR-767-3p"	95.6263502212874	6.11504690315242e+28	99.7574605523587	24.4711591451003	4.59284497881075e-12	1.17423736624928e-11
"hsa-miR-655-3p"	79.1814532092615	6.85476414243789e+23	85.5606349927353	24.4253703121453	4.70121248676414e-12	1.19795015858741e-11
"hsa-miR-541-3p"	80.1256789822802	1.31896355841501e+24	84.8073947551813	24.4158605775572	4.72406256485173e-12	1.19978675074215e-11
"hcmv-miR-US25-1-3p"	115.919332670396	7.85590478605948e+34	115.8359096279	24.391735443046	4.78256913359363e-12	1.2106371371176e-11
"hsa-miR-485-3p"	728.34134464619	1.78892371244702e+219	809.975849060093	24.3271098497592	4.94317501773714e-12	1.24502737226034e-11
"hsa-miR-942-5p"	102.212315792557	5.87452802300055e+30	100.587645606548	24.3240621683403	4.95089111524645e-12	1.24502737226034e-11
"hsa-miR-99b-3p"	300.297823615347	2.50410503138982e+90	285.646821788277	24.272591964172	5.08318184627655e-12	1.27411780264514e-11
"hsa-miR-877-5p"	326.870758711683	2.49978741704504e+98	301.018245500346	24.0548565965939	5.68645872011628e-12	1.42068854668703e-11
"hsa-miR-7-2-3p"	183.518918209042	1.75670627546913e+55	195.497837225642	24.0467474882021	5.71036700407992e-12	1.42202970523678e-11
"hsa-miR-33b-3p"	72.0294683811681	4.81981705893039e+21	71.6011594565957	23.9247289185368	6.08349619068996e-12	1.51004581820686e-11
"kshv-miR-K12-11-3p"	109.028882155278	6.62161494586e+32	109.077981414603	23.9158025603458	6.11180532805915e-12	1.51217893116818e-11
"hcmv-miR-UL36-3p"	78.7073283219313	4.93476758673313e+23	75.0387844267947	23.9030532802663	6.15248485665815e-12	1.51734915918225e-11
"hsa-miR-656-3p"	174.666846157758	3.80154329998156e+52	180.126795014089	23.8661389429268	6.27192212651773e-12	1.54184752276894e-11
"kshv-miR-K12-10a-3p"	167.801608764653	3.26075041956638e+50	138.026401676835	23.8385584342042	6.36278898252784e-12	1.5591882267089e-11
"hsa-miR-423-3p"	579.637851098261	3.07878812491609e+174	559.952769620606	23.7508352855549	6.66135562320332e-12	1.62715279076336e-11
"hsa-miR-18b-5p"	205.897372676511	9.57822873366991e+61	191.371612582255	23.727999565284	6.74152899122737e-12	1.64150880516552e-11
"hsa-miR-297"	178.028945309215	3.90888266783967e+53	176.380898748696	23.6824327353952	6.90463179892034e-12	1.67590271828225e-11
"hsa-miR-299-3p"	162.184277034258	6.64250993109755e+48	159.889058332044	23.6548697756111	7.00535055898758e-12	1.69301598892864e-11
"ebv-miR-BART11-3p"	85.0620805570749	4.03866416815196e+25	89.6426665864268	23.6510903447941	7.0192840218945e-12	1.69301598892864e-11
"hsa-miR-99a-3p"	181.699782550047	4.97834228558676e+54	171.946243482807	23.6402138720069	7.05954866090772e-12	1.69738991313988e-11
"hsa-miR-146a-5p"	225.365979640155	6.94896099377805e+67	220.334318851371	23.615386827594	7.15239333567596e-12	1.71433927764483e-11
"hsa-miR-421"	208.005013178207	4.12808104581413e+62	208.567232382422	23.6061484697466	7.18727666991681e-12	1.71733370898012e-11
"hsa-miR-125b-1-3p"	281.392254728579	5.09928424121131e+84	246.542744988552	23.553954722016	7.38782994508399e-12	1.7597719154905e-11
"hsa-miR-325"	104.874987626909	3.71977842015188e+31	104.767593777658	23.4579235413961	7.77275151678469e-12	1.84572768215909e-11
"hsa-miR-671-3p"	100.513020386129	1.80898135649689e+30	102.023351977227	23.4520686564024	7.79690817311185e-12	1.84574955826444e-11
"hsa-miR-543"	94.6440109654299	3.09518213868872e+28	98.6453050888199	23.4045079574345	7.99616148379712e-12	1.88188723744098e-11
"hsa-miR-374b-5p"	435.347173725484	1.12864618753112e+131	428.301460167837	23.403925792933	7.99863415131367e-12	1.88188723744098e-11
"hsa-miR-302c-5p"	227.191484840576	2.4629278887002e+68	248.09424011736	23.3916490064487	8.05097046269116e-12	1.88840805653949e-11
"ebv-miR-BART19-3p"	345.469611211129	9.92465833949132e+103	302.140993609578	23.3691757993276	8.14773244509077e-12	1.90527767847092e-11
"hsa-miR-890"	153.26199598037	1.36917192536607e+46	157.484588946704	23.3559131302719	8.2054241426657e-12	1.9129362666944e-11
"hsa-miR-138-2-3p"	153.36483866004	1.47033642700156e+46	147.200975281684	23.3018783864888	8.44506019733833e-12	1.96283671859348e-11
"hsa-miR-23b-3p"	7440.36439107518	Inf	7191.94344517046	23.280457518432	8.54213557701322e-12	1.97940120470367e-11
"kshv-miR-K12-2"	89.2225236423301	7.22197374391576e+26	88.6710924843751	23.252599973882	8.67018256085837e-12	2.00302109161999e-11
"hsa-miR-26b-5p"	13136.8414093667	Inf	14213.9869435545	23.242607422914	8.71661573690376e-12	2.00457037356462e-11
"hsa-miR-552-3p"	134.163706389193	2.43949511394525e+40	130.738579854666	23.2399178843339	8.72915912347566e-12	2.00457037356462e-11
"hsa-miR-492"	87.1162024145915	1.67722001012824e+26	95.582122383672	23.2154815630041	8.84401930705541e-12	2.02488442045119e-11
"hsa-miR-511-5p"	99.3019946772915	7.81410112227757e+29	91.0784041188602	23.2099028421313	8.87046902833663e-12	2.02489575736137e-11
"hsa-miR-548b-5p"	95.0141096037428	4.00034089570446e+28	98.4616171097999	23.1805848781217	9.01087834021985e-12	2.04577012913369e-11
"hsa-miR-27b-5p"	112.017501840397	5.25567005998231e+33	111.594768628002	23.1796782784571	9.01525819618238e-12	2.04577012913369e-11
"ebv-miR-BART5-5p"	184.627649518764	3.78844105245556e+55	197.00544672505	23.1725182098224	9.04992973287165e-12	2.0475799720096e-11
"hsa-miR-520f-3p"	82.4628121190303	6.66469032371867e+24	79.4354522219585	23.0984121319588	9.41733264046059e-12	2.1244394515392e-11
"hsa-miR-99b-5p"	2063.57025520713	Inf	2077.41380872975	22.9461120988679	1.02238348565916e-11	2.29961329472309e-11
"hsa-miR-28-5p"	900.861012101626	1.53527637429703e+271	859.908041826653	22.8838057087807	1.05749510041044e-11	2.37163374858132e-11
"hcmv-miR-UL22A-3p"	98.4893884556141	4.44897719640149e+29	93.8025553409179	22.808864147025	1.10145658497066e-11	2.46302390866617e-11
"hsa-miR-149-3p"	1407.53409665849	Inf	1376.31338030393	22.7976760532761	1.10818676109165e-11	2.47086990045726e-11
"hsa-miR-17-5p"	790.515891837182	9.31098210686694e+237	789.639377435335	22.6988828216011	1.16957458779562e-11	2.60018466330215e-11
"hsa-miR-200a-3p"	93.9556122272386	1.92069117696214e+28	96.5341568483564	22.67678784163	1.18379900540262e-11	2.62420184145609e-11
"hsa-miR-183-5p"	129.592733059255	1.02636036119012e+39	152.361216113384	22.6647410901047	1.19163291353708e-11	2.63395517199695e-11
"hsa-miR-19a-3p"	676.143820070473	3.46394688477586e+203	609.015410724035	22.6194976236697	1.22155673863455e-11	2.68734120173628e-11
"hsa-miR-592"	151.420765488357	3.82113497266263e+45	140.456974780934	22.6176545011414	1.22279280235458e-11	2.68734120173628e-11
"hsa-miR-548c-5p"	104.530922882352	2.93051036660761e+31	104.271104018244	22.6011100863927	1.23394858030468e-11	2.70140242830296e-11
"hsa-miR-30a-5p"	5952.0798258029	Inf	6196.37462966322	22.597739123269	1.23623500956237e-11	2.70140242830296e-11
"kshv-miR-K12-10b"	165.899737319349	8.72563828977826e+49	134.678169419601	22.5893175191228	1.24196710801087e-11	2.70621810183051e-11
"hsa-miR-214-3p"	415.940308401485	1.62371287575902e+125	431.346706101579	22.5170556809858	1.29234453947645e-11	2.80801207302673e-11
"hsa-miR-587"	81.4412475122287	3.28290552978214e+24	78.1122095722068	22.4784491364094	1.32015737841547e-11	2.86034098656686e-11
"hsa-miR-548a-5p"	77.216014155544	1.75523959177377e+23	85.2871541323381	22.4577513240429	1.33533330661561e-11	2.88507224274416e-11
"hsa-miR-20b-3p"	149.878420278475	1.31189841255825e+45	158.391834184857	22.4411195665565	1.3476640857865e-11	2.90353470168045e-11
"ebv-miR-BART1-5p"	116.423532700078	1.1142317868988e+35	120.511348832354	22.4193271665966	1.36400689811124e-11	2.92483355120237e-11
"hsa-miR-944"	103.650270536625	1.5916240402665e+31	107.295629313207	22.4177782890802	1.36517654671505e-11	2.92483355120237e-11
"hsa-miR-660-5p"	134.360954710868	2.79690434758887e+40	135.946304487825	22.3720098754907	1.40023114783768e-11	2.9915801960766e-11
"hsa-miR-486-3p"	71.2014040893064	2.71492829820746e+21	78.5373798520837	22.3604660589873	1.40922495978134e-11	3.00243206708968e-11
"hsa-miR-558"	88.8342534987539	5.51791422980393e+26	82.547137691655	22.2824143162135	1.47169183396505e-11	3.12683555859057e-11
"hsa-miR-376b-3p"	157.839756699764	3.26965006685641e+47	159.526855701187	22.2200339183579	1.52376044560067e-11	3.22852006015391e-11
"hsa-miR-140-3p"	1263.83548436475	Inf	1270.21411759094	22.2105105692303	1.53188257268069e-11	3.23678769489280e-11
"hsa-miR-517-5p"	103.335001529469	1.27919001966415e+31	105.117909930619	22.1483719100764	1.58603650795535e-11	3.34200549890591e-11
"hsa-miR-206"	125.748627054377	7.14675109582406e+37	127.35410037727	22.1098788318539	1.62061487099436e-11	3.40551124945937e-11
"hsa-miR-491-3p"	2669.6641373705	Inf	2449.38321849225	22.0966288551331	1.63270443683429e-11	3.42154181161721e-11
"hsa-miR-134-5p"	103.915082027527	1.91230293755096e+31	110.893550974033	22.0781309539731	1.6497450335404e-11	3.44783226355719e-11
"hsa-miR-623"	189.617347724788	1.20367534080564e+57	176.422153200179	22.0510529527826	1.67503606929996e-11	3.49117572052464e-11
"hsa-miR-580-3p"	105.880527765944	7.4681806431583e+31	97.6824674453719	21.9408574626229	1.78235025787986e-11	3.70477682328958e-11
"hsa-miR-589-3p&hsa-miR-589-5p"	152.397209666295	7.51850278698248e+45	162.083578778198	21.9193821346833	1.8041135588853e-11	3.73987864774332e-11
"ebv-miR-BART19-5p"	85.0847875720796	4.10273280418054e+25	93.1695228419801	21.835084754435	1.89234845551771e-11	3.91221365332099e-11
"hsa-miR-550a-3p&hsa-miR-550a-5p"	1536.76613817049	Inf	1526.28413061435	21.7523673157089	1.98346197928565e-11	4.08955736051639e-11
"hsa-miR-652-3p"	149.432744998296	9.6324902677678e+44	151.655241175535	21.7272611291991	2.01204257084475e-11	4.13736367784966e-11
"hsa-let-7g"	242.943348622548	1.35904920997723e+73	250.682626371668	21.7014469522531	2.04189210270449e-11	4.18751669191002e-11
"hsa-miR-508-5p"	90.8240252856666	2.19157298287475e+27	97.1235805311872	21.631217290789	2.12554016978566e-11	4.34743816060161e-11
"hsa-miR-138-5p"	5815.61448641389	Inf	5328.88660622744	21.6051348094036	2.1575394844407e-11	4.40115102278195e-11
"hsa-miR-340-3p"	244.414944781067	3.76903150467823e+73	244.181502866488	21.5848125629086	2.18283134046655e-11	4.44093272715608e-11
"hcmv-miR-US4-5p"	65.472166028793	51178300001932394496	72.4142848507618	21.5569864975851	2.21798115334725e-11	4.50050673179191e-11
"hsa-miR-130a-5p"	94.7546526801986	3.34189411445134e+28	87.4329526395485	21.4443232950159	2.36665315851686e-11	4.78950652396419e-11
"hcmv-miR-US33-3p"	67.4881381627029	2.06992180010502e+20	76.1415885233451	21.4223234001409	2.39691779451502e-11	4.83798933787637e-11
"hsa-miR-455-3p"	103.707889039062	1.65647691464014e+31	108.770296455735	21.4151312313348	2.40690203457024e-11	4.8453907100141e-11
"hsa-miR-758-3p"	140.701636907505	2.2667997088132e+42	142.85265250567	21.3711676961128	2.46891444601256e-11	4.95721827249118e-11
"kshv-miR-K12-5-3p"	172.630068962389	9.26464773949333e+51	182.534214998715	21.2963680700067	2.57841120980687e-11	5.16355456376467e-11
"ebv-miR-BART20-5p"	94.4611967869828	2.72680234743637e+28	103.018175847455	21.2891408526378	2.58926465087711e-11	5.17178642505923e-11
"hsa-miR-409-5p"	196.185621922419	1.14223882178372e+59	208.920326314417	21.273692822201	2.61262896069604e-11	5.2048997736464e-11
"hsa-miR-15b-5p"	583.207696807196	3.65603581148955e+175	582.19919562187	21.23385851459	2.67393002807665e-11	5.31322365682588e-11
"hsa-miR-933"	6579.78941386582	Inf	7377.89429520435	21.1776659236974	2.76305254969855e-11	5.47612740469972e-11
"hsa-miR-103a-3p"	2418.1593428686	Inf	2520.80519313952	21.1700507377584	2.77537439613089e-11	5.48637155111442e-11
"hsa-miR-25-3p"	203.135240626321	1.41188916346984e+61	184.056564144243	21.1615355730992	2.78922256671727e-11	5.4995725158667e-11
"hsa-miR-657"	152.874086802279	1.04637098187721e+46	152.629767862851	21.0568649553798	2.96566195343455e-11	5.81844382216877e-11
"hsa-miR-142-3p"	444.043321302917	4.68122037292678e+133	436.519150808673	21.056603906437	2.96611673333506e-11	5.81844382216877e-11
"hsa-miR-138-1-3p"	877.777238428382	1.72694409227692e+264	987.582547598105	20.9065290687555	3.24042764207926e-11	6.34032653437447e-11
"hsa-miR-663a"	94.2077456709552	2.28747981685936e+28	96.3523025097849	20.8877464597389	3.27663773701911e-11	6.39486296257928e-11
"hsa-miR-18a-5p"	216.703202915988	1.71460558557846e+65	202.525198983767	20.865006784172	3.32106046805962e-11	6.46511009898916e-11
"hsa-miR-106b-5p"	1886.21008147526	Inf	1778.99962569923	20.8344745295982	3.38172892381288e-11	6.56654704953033e-11
"hsa-miR-518e-3p"	97.0585507773702	1.65019444057305e+29	102.335555483203	20.8219339542906	3.40699215028939e-11	6.59889641230293e-11
"hsa-miR-302b-5p"	84.6489932380076	3.03309537905333e+25	92.371665618876	20.7920105312164	3.46809805217515e-11	6.70033049374897e-11
"hsa-miR-770-5p"	108.068961217612	3.40407348467346e+32	111.243489800613	20.668370503564	3.73338164452031e-11	7.19473296820874e-11
"hsa-miR-363-5p"	159.1812458791	8.28571053151107e+47	140.023581851128	20.6240730697556	3.83367529986994e-11	7.36949612782016e-11
"hsa-miR-662"	114.704488666654	3.38447823806532e+34	116.475173410445	20.6182008440983	3.84718684334603e-11	7.37698077211602e-11
"hsa-miR-544a"	108.799726883059	5.64912665500304e+32	109.987601446971	20.5942168232303	3.90290692416029e-11	7.4647313309579e-11
"hsa-miR-708-3p"	140.539337204409	2.02561110494028e+42	131.709280653257	20.5901611989316	3.91241459588667e-11	7.4647313309579e-11
"kshv-miR-K12-9-5p"	76.6708186388612	1.20286310024756e+23	83.9075770817998	20.5459768754067	4.01762764770488e-11	7.64645261982542e-11
"hsa-miR-610"	132.635713531774	8.4591800603237e+39	127.613962328492	20.5390144552139	4.03448275596279e-11	7.65267591207659e-11
"hsa-miR-455-5p"	129.572525991182	1.01208488119888e+39	124.832365367523	20.5363914900498	4.04085233949285e-11	7.65267591207659e-11
"ebv-miR-BART8-5p"	90.8561051571245	2.24085080066758e+27	81.2742038038157	20.4980691751339	4.13515884789475e-11	7.81198728161398e-11
"hsa-miR-150-3p"	85.3220738966663	4.83619200944389e+25	83.1938732402625	20.4753335352858	4.19222624712614e-11	7.90033791534582e-11
"hsa-miR-193a-3p"	267.614544374937	3.63082345913876e+80	249.479906192727	20.3580166646229	4.5004877107566e-11	8.46047567193705e-11
"hsa-miR-151a-5p"	1168.30622323587	Inf	1139.09675873791	20.3530470643975	4.51407337567282e-11	8.46526718616394e-11
"hsa-miR-29b-2-5p"	130.818550462963	2.40053298930215e+39	137.456958254654	20.332052942892	4.57195528845085e-11	8.55290172254098e-11
"hsa-miR-181a-3p"	241.156161580943	3.93766055391512e+72	244.028835614764	20.2761811984567	4.72992508766442e-11	8.82689183026427e-11
"hsa-miR-376a-3p"	309.086654381785	1.10752675980167e+93	312.601882814446	20.2598600788768	4.77717235184884e-11	8.89342522783509e-11
"hsa-miR-876-3p"	181.613985149024	4.69091066205507e+54	181.102454235595	20.2502461901396	4.80524074216345e-11	8.9240185211607e-11
"hsa-miR-23a-3p"	2361.31744675062	Inf	2425.06219617823	20.1790348205788	5.01875810883621e-11	9.29803736588737e-11
"hsa-miR-624-5p"	71.0834985913215	2.50187307173488e+21	73.9363616125265	20.1230995731703	5.19363214736444e-11	9.59883339043019e-11
"hsa-miR-631"	87.7564545924755	2.61411774678966e+26	95.0336452325277	20.0951581153176	5.28343422896775e-11	9.74133185965929e-11
"hsa-miR-337-5p"	192.142277457353	6.92769804284459e+57	185.419302771946	20.0659569856105	5.37907391158829e-11	9.89388414913242e-11
"hsa-miR-488-5p&hsa-miR-488-3p"	1064.07393150262	Inf	1055.34501606279	20.0199295936363	5.53362723821715e-11	1.01538088318482e-10
"hsa-miR-22-5p"	429.52510968509	1.9949954341443e+129	412.23344691375	19.961377830845	5.73717966256261e-11	1.05021880696552e-10
"hsa-miR-302c-3p"	114.637865297533	3.23173761730275e+34	99.7942905144328	19.9371962904595	5.82358462345918e-11	1.06349747766505e-10
"hsa-miR-548c-3p"	85.572274463747	5.75203355368879e+25	87.0766731102486	19.9210308484168	5.88212723809871e-11	1.07163695762986e-10
"hsa-miR-143-5p"	95.3577959340117	5.07641240310032e+28	98.273115182909	19.8228486131112	6.2515799042059e-11	1.13624686884501e-10
"hsa-miR-425-3p&hsa-miR-425-5p"	365.364481883641	9.67538816031408e+109	359.745234929713	19.6722038932504	6.86787113530398e-11	1.24530902146056e-10
"hsa-miR-526b-3p"	118.389712022003	4.35365986901645e+35	114.518245191274	19.5846117221347	7.25603788747911e-11	1.31258987256992e-10
"hsa-miR-100-5p"	3493.89310804912	Inf	3336.44216472666	19.4382199539056	7.95848902073295e-11	1.4362731950358e-10
"hsa-miR-101-3p"	3278.05235678537	Inf	3093.24494277262	19.4221866320894	8.0397613354706e-11	1.44753449396853e-10
"hsa-miR-574-3p"	487.39162369785	5.24201631662586e+146	507.820599918737	19.3536836429201	8.3972001576142e-11	1.50834953650822e-10
"hsa-miR-889-3p"	155.955895062855	8.85936132491408e+46	155.885917270227	19.3435294654495	8.45162280971046e-11	1.51457819977755e-10
"hsa-miR-339-3p"	145.617474940416	6.8427055143645e+43	146.673752541195	19.3019719543367	8.6783444518718e-11	1.55158279594072e-10
"hsa-miR-519e-5p"	492.192482144525	1.46117006356425e+148	534.363947993135	19.2468636054452	8.98914427216132e-11	1.60329393465054e-10
"hsa-miR-581"	106.530197843489	1.17161519332141e+32	98.0959041834827	19.2433464158859	9.00938312691504e-11	1.60329393465054e-10
"hsa-miR-383-5p"	268.967284963861	9.27300782847319e+80	238.713909876766	19.1608586936991	9.49838168767352e-11	1.686402489455e-10
"hsa-miR-32-5p"	232.728226408936	1.14334418359226e+70	218.416003184348	19.1260341429007	9.7133352326402e-11	1.72058386222518e-10
"hsa-miR-340-3p&hsa-miR-340-5p"	1361.5277744672	Inf	1351.38214033976	19.0835872271022	9.98244282398859e-11	1.76253003653696e-10
"hsa-miR-320a-3p"	1624.25976364543	Inf	1559.47156270325	19.0814666088573	9.99609603511833e-11	1.76253003653696e-10
"hsa-miR-410-3p"	380.153636109554	2.73934940185672e+114	406.840439364976	19.0716822533704	1.00593516094586e-10	1.76961529459971e-10
"hsa-miR-19b-3p"	740.211752298358	6.69792969744829e+222	654.56442402047	19.065379990815	1.0100323569194e-10	1.77275702003931e-10
"hsa-miR-518f-3p"	69.2914906860784	7.22465546220958e+20	70.035046098233	19.0359128974736	1.02942910853658e-10	1.80267608732319e-10
"hsa-miR-520a-5p"	152.120117674552	6.20466536825009e+45	144.649097067131	18.9953969965941	1.05675604791757e-10	1.84631409738673e-10
"hsa-miR-769-5p"	743.915473643365	8.72713723281692e+223	758.941941374225	18.9842878680156	1.06438452011717e-10	1.85541574302243e-10
"hsa-miR-181a-2-3p"	147.778793001832	3.06090193959038e+44	156.235950265265	18.9366033674652	1.09780844515808e-10	1.90934031164682e-10
"ebv-miR-BART20-3p"	96.7218078655106	1.3066684420069e+29	102.860360951571	18.9255453367613	1.1057196964417e-10	1.91874888500177e-10
"kshv-miR-K12-1-5p"	140.66439995157	2.20904064906444e+42	141.65995717252	18.9126512586143	1.11502207040558e-10	1.93052353950582e-10
"hsa-miR-570-3p"	91.3456327436036	3.14612105165579e+27	88.3108318794433	18.8732513004565	1.14397267176547e-10	1.97618702532458e-10
"hsa-miR-190b-5p"	86.1839784765256	8.78946957373722e+25	93.6348147683217	18.8504080472124	1.16112725392107e-10	2.0013137163089e-10
"hsa-miR-562"	81.1929868895617	2.76391378106738e+24	80.1404739947276	18.8384249347984	1.17023672805545e-10	2.01249231035545e-10
"hsa-miR-585-3p"	151.959346411679	5.55036305123263e+45	142.497002660645	18.7964655613395	1.20274502268963e-10	2.06377054228847e-10
"hsa-miR-150-5p"	234.936556705668	5.28385202234364e+70	233.411999974631	18.7528505200737	1.23756875085925e-10	2.11587372316063e-10
"hsa-miR-187-3p"	109.426734873153	8.72427857099308e+32	100.066671911154	18.7515452386988	1.23862751199364e-10	2.11587372316063e-10
"kshv-miR-K12-4-3p"	86.8054903342028	1.35224809692811e+26	87.0884964786146	18.6705430804495	1.30627744467165e-10	2.22647733347368e-10
"hsa-let-7i"	2619.95367208364	Inf	2563.83306866922	18.6466163011822	1.32701296134767e-10	2.25680474801255e-10
"hsa-miR-142-5p"	322.319878021307	1.06647697402584e+97	302.774750306233	18.6349959079389	1.33721100826414e-10	2.26911691004113e-10
"hsa-let-7a-5p"	10438.2138267285	Inf	10907.4302045561	18.5449856355779	1.41911996167928e-10	2.40279251789848e-10
"hsa-miR-938"	179.569067954708	1.13677822946959e+54	201.326774847628	18.5302341450942	1.43305113100841e-10	2.42103572132918e-10
"hsa-miR-30e-3p"	590.888247490362	7.50043721371526e+177	589.955328429121	18.5215157420019	1.44135384342037e-10	2.42971076462291e-10
"hsa-miR-129-5p"	1654.54039757252	Inf	1538.90689946182	18.5124883240635	1.45000541192254e-10	2.43893454154516e-10
"hsa-miR-504-5p"	205.814602699477	9.04417502258522e+61	202.54838659667	18.5046766701624	1.45753693823599e-10	2.44623814360395e-10
"hsa-miR-296-3p"	168.474167049941	5.19729988658703e+50	157.780199414796	18.4980128516794	1.46399506534068e-10	2.45171226007927e-10
"hsa-miR-582-3p"	104.246072639082	2.40544147310279e+31	116.937034922085	18.4905755229152	1.47123920596359e-10	2.45847597162107e-10
"hsa-miR-100-3p"	65.2304331428057	43282965266689286144	61.2057907297895	18.4761295088725	1.48542043737799e-10	2.4767771205846e-10
"hsa-miR-223-3p"	432.065134167591	1.16028710324748e+130	405.868528584703	18.4489204383538	1.51253180986601e-10	2.5165117096903e-10
"hsa-miR-296-5p"	165.669306381901	7.43756170440517e+49	146.060388721179	18.398105183169	1.56460103838594e-10	2.5975086503074e-10
"hsa-miR-339-5p"	284.553028331309	4.56033644748407e+85	260.172023658842	18.2980146051113	1.67289018149093e-10	2.77128891836619e-10
"hsa-miR-622"	198.756428484832	6.78651486938002e+59	181.891871461184	18.1943291354094	1.79362557306431e-10	2.96489399685415e-10
"hsa-miR-221-5p"	251.289703853549	4.42321919335107e+75	252.18535062243	18.1828216437313	1.8075926373294e-10	2.98155602759495e-10
"hsa-miR-181a-5p"	2740.44618566577	Inf	2436.068033003	18.1262747996666	1.87794705996658e-10	3.08572860575674e-10
"hsa-miR-155-5p"	224.999461146412	5.38997577534799e+67	193.693424141724	18.1256077720692	1.87879434014133e-10	3.08572860575674e-10
"hsa-miR-212-3p"	325.70996731974	1.11807271686115e+98	348.927527627868	18.0393908493987	1.99185063468491e-10	3.26442187351137e-10
"hcmv-miR-US33-5p"	87.6997801565217	2.51341637529667e+26	89.5390244117583	18.0043894101328	2.03981829509244e-10	3.33590753163305e-10
"hsa-miR-221-3p"	919.508860925774	6.30591942943196e+276	941.412730320287	17.9136499981786	2.17005593693683e-10	3.54134660346925e-10
"hsa-miR-577"	71.9855942287847	4.6754467877175e+21	59.4440674491863	17.8748642073996	2.22842971070613e-10	3.62888659896306e-10
"hsa-miR-486-5p"	242.826633522847	1.25343101432618e+73	254.666178939131	17.8143087556058	2.32297172784719e-10	3.77482905775168e-10
"hsa-miR-496"	81.7174660809962	3.97565289402692e+24	84.2131550204755	17.8027230484829	2.34154684867209e-10	3.79696920281499e-10
"hsa-miR-497-5p"	216.789695479962	1.8205436254162e+65	228.484528850944	17.7766864398268	2.383876454695e-10	3.85745409441152e-10
"hsa-miR-132-3p"	915.001770376169	2.77318580721869e+275	948.578866685457	17.7653959596563	2.40248745510994e-10	3.87938500646173e-10
"hsa-miR-299-5p"	256.592572610634	1.74606746626357e+77	231.665765954079	17.7570168740222	2.41640040221809e-10	3.89365358928839e-10
"hsa-miR-27b-3p"	2599.50092325161	Inf	2528.74076770461	17.733123188352	2.45655255011864e-10	3.95005410050523e-10
"hsa-miR-9-3p"	13416.0289530361	Inf	13945.8429460081	17.718494202649	2.48148966189252e-10	3.9818045411539e-10
"hsa-miR-25-5p"	299.159994165694	1.13797244606762e+90	321.700316726833	17.6718263051174	2.56287862504016e-10	4.10356572147036e-10
"hsa-miR-140-5p"	417.141510458406	3.73342201924472e+125	398.933501021339	17.6689025275396	2.56807242021613e-10	4.10356572147036e-10
"hsa-miR-369-3p"	236.663009018797	1.74849574085797e+71	229.320333484794	17.6435588640873	2.61357025717793e-10	4.16758500468913e-10
"hsa-miR-424-5p"	687.441023397246	8.71702501993477e+206	776.784704271856	17.6018566785656	2.69033370367559e-10	4.28109118406469e-10
"hsa-miR-559"	70.2479437900505	1.40196836663785e+21	81.1787193935679	17.5771471872204	2.73695944600299e-10	4.34626893392193e-10
"hsa-miR-132-5p"	507.1472658567	4.64022716104555e+152	498.470074393589	17.5386827511403	2.81127867375685e-10	4.45506351812294e-10
"hsa-miR-363-3p"	335.859983703755	1.27036768557381e+101	340.147711009794	17.4771387700833	2.9347443537352e-10	4.64113179240185e-10
"hsa-miR-493-5p&hsa-miR-493-3p"	103.26264129177	1.21661302114879e+31	118.361455453839	17.4654155033619	2.95891751573144e-10	4.66973196412759e-10
"hsa-miR-141-5p"	128.58861534218	5.11717558234024e+38	106.2692630205	17.4308964741962	3.0313474212095e-10	4.77421657508766e-10
"hsa-miR-196a-3p"	223.73621418923	2.24549238838367e+67	237.717628973592	17.3171654940443	3.28379835560483e-10	5.16121585809202e-10
"hsa-miR-650"	96.2314100978369	9.30124243865285e+28	99.4728808475939	17.3003829478297	3.32292703953771e-10	5.21203484524627e-10
"hsa-miR-642a-5p"	4750.25958658266	Inf	3821.15569416816	17.2212747975028	3.51424442595225e-10	5.50086831572526e-10
"hsa-miR-654-3p"	288.047506150956	5.13972079714874e+86	270.29358193653	17.1557792261397	3.68161142265233e-10	5.75111193721861e-10
"ebv-miR-BART7-5p"	136.934736464998	1.66518743168014e+41	149.541179172843	17.1420054332153	3.7178884231343e-10	5.79597646452034e-10
"hsa-miR-331-3p"	1152.4913840982	Inf	1166.8562723154	17.1042644363271	3.81927409446512e-10	5.94195381430984e-10
"hsa-miR-136-3p"	496.027528599185	2.08528194708868e+149	492.399844503859	17.0442347415498	3.98671231151798e-10	6.18989543104108e-10
"hsa-miR-301a-3p"	787.505565642182	1.1555720012425e+237	776.115892650566	16.9875244570823	4.15216162155526e-10	6.43375346208663e-10
"hsa-miR-802"	64.0292739678417	18824873431121559552	77.6389005472655	16.7123523592794	5.06687536499273e-10	7.83526896159158e-10
"hsa-miR-432-3p"	101.043288791064	2.61252699488861e+30	97.8285276397939	16.6726444495815	5.21585379835362e-10	8.04941622401857e-10
"ebv-miR-BART2-5p"	97.6153260905012	2.42739911776915e+29	87.5348793594873	16.6370054759817	5.35358181963679e-10	8.23722868708003e-10
"hsa-miR-19b-2-5p"	100.902562856587	2.36972559441003e+30	99.1865550020719	16.6356156595722	5.35903144048623e-10	8.23722868708003e-10
"hsa-miR-16-5p"	4218.99213752024	Inf	4276.78003512272	16.6319730464675	5.37334284954455e-10	8.24270793120134e-10
"hsa-miR-936"	130.013831607114	1.3742418338732e+39	130.060753579135	16.6108370834251	5.45719892982382e-10	8.35463389056861e-10
"kshv-miR-K12-3-5p"	287.088767678797	2.64442034350628e+86	260.390145144545	16.5446483543054	5.72903213665487e-10	8.75332200959021e-10
"hsa-miR-519a-3p"	120.479242641698	1.85295934192283e+36	114.541592651654	16.5393720943698	5.75131959546417e-10	8.76990483045928e-10
"ebv-miR-BART18-3p"	144.930873609202	4.25148111369096e+43	154.880765346862	16.5359006616933	5.76603412258044e-10	8.77489716670476e-10
"hsa-miR-127-5p"	337.527389383205	4.03523249777707e+101	330.590983815426	16.4526556026472	6.13129494204368e-10	9.31228360504456e-10
"hsa-miR-374b-3p"	497.606290078172	6.22901453971229e+149	517.653399410659	16.4330727040617	6.22078681073167e-10	9.42953257674148e-10
"hsa-miR-516a-5p"	426.103885149553	1.86230452699249e+128	447.769404143635	16.403601254323	6.35812635644782e-10	9.61870397513902e-10
"hsa-miR-193b-3p"	462.41130216366	1.58369769747011e+139	444.842088110872	16.384654263237	6.44814055222228e-10	9.73567677865056e-10
"hsa-miR-432-5p"	400.357522435431	3.30843984648791e+120	386.880193251751	16.3729296010455	6.50452826962002e-10	9.80151902317988e-10
"hsa-miR-598-3p"	325.089266678364	7.27144190349401e+97	325.573537392489	16.3512915641976	6.6099897440199e-10	9.94090614443777e-10
"hsa-miR-184"	570.421470800924	5.17574512625246e+171	533.569212968445	16.3209431939347	6.76101383199351e-10	1.01481362214071e-09
"hsa-miR-452-3p"	79.7066784697353	9.86509050939799e+23	72.2635097098322	16.248394252274	7.13728971974053e-10	1.06711535074088e-09
"hsa-miR-376a-5p"	532.023137126152	1.42863952828535e+160	542.93053521005	16.2483941218106	7.13729041629821e-10	1.06711535074088e-09
"hsa-miR-193b-5p"	258.397900773535	6.10265683600835e+77	260.4743270723	16.2129651066442	7.32917252885442e-10	1.09367224311894e-09
"hsa-miR-513a-5p"	448.678916682264	1.16362312464693e+135	407.874611322473	16.1730445179059	7.55204908166928e-10	1.12474206711463e-09
"hsa-miR-365a-3p"	660.183603875155	5.43334662329228e+198	651.615203836073	16.1630393214698	7.60904288253453e-10	1.13103408738449e-09
"hsa-miR-133a-3p"	249.402194610174	1.1954779277295e+75	236.248718948023	16.1043503513675	7.95281049498999e-10	1.1798463538989e-09
"hsa-miR-633"	76.9813752095982	1.49177404105342e+23	81.5990198325381	16.0975403123941	7.9937685764243e-10	1.18363330079487e-09
"hsa-miR-636"	119.250638976252	7.90713828262685e+35	126.51172502368	16.0497177450409	8.28785870536938e-10	1.22316284854636e-09
"hcmv-miR-US5-1"	98.009264474225	3.18954298689045e+29	92.4483330042423	16.048957076469	8.29262948167024e-10	1.22316284854636e-09
"kshv-miR-K12-6-5p"	108.451533119218	4.43776749336497e+32	128.827506368259	16.0410338861973	8.34249822803075e-10	1.22815664892506e-09
"hsa-miR-361-5p"	1484.70574636311	Inf	1453.77074883972	16.0289909915873	8.41891500344947e-10	1.23703214705857e-09
"hsa-miR-218-5p"	489.037626065518	1.64056882287791e+147	497.821086121035	15.9468428264079	8.96068272429806e-10	1.31411924465327e-09
"hsa-miR-92b-3p"	373.754316943778	3.24534154188775e+112	351.529157566956	15.9432450828696	8.98525100697286e-10	1.31520754243286e-09
"hsa-miR-671-5p"	259.282500696123	1.12670458153888e+78	265.203971950758	15.8535024067985	9.62212620717108e-10	1.40574681921909e-09
"hsa-miR-154-3p"	222.906712541896	1.26359154118018e+67	221.769984426321	15.8053855560952	9.98344050161675e-10	1.45576024044488e-09
"hsa-miR-891b"	100.874237614449	2.32365320322227e+30	91.2531987719056	15.7416871127768	1.04843618827319e-09	1.52590238407123e-09
"hsa-miR-17-3p"	140.418865152915	1.86333253940659e+42	133.38629179556	15.7375343442006	1.05179441989635e-09	1.52789075769034e-09
"hsa-miR-498-5p"	442.930605317689	2.16470239791405e+133	446.051844792728	15.7338969301926	1.05474539924591e-09	1.52928113652478e-09
"hsa-miR-625-3p"	751.014094830972	1.19610611464623e+226	724.42414064275	15.727429175977	1.06001459780059e-09	1.53402112549632e-09
"hsa-miR-554"	84.5331819297159	2.79913206821807e+25	93.5550062838009	15.7027202256183	1.08040673916702e-09	1.56058751213014e-09
"hsa-miR-376c-3p"	675.993215254269	3.12057522981226e+203	721.977249617647	15.6444077690415	1.13022293107499e-09	1.62947554160623e-09
"ebv-miR-BART7-3p"	91.4323959650599	3.34113297714556e+27	88.300442215739	15.5792589557411	1.18881591186805e-09	1.71073509268818e-09
"hsa-miR-412-3p"	123.801571125516	1.85347366223808e+37	121.231758168869	15.4910923399027	1.27336668374293e-09	1.82897424425249e-09
"hsa-miR-185-3p"	3115.31084708201	Inf	1990.43727302771	15.3979740786	1.3697326744183e-09	1.96371020799782e-09
"hsa-miR-127-3p"	462.945593320206	2.29355917610092e+139	442.213248528425	15.369249621576	1.40101886026152e-09	2.00481616757572e-09
"hsa-miR-505-5p"	395.57205678567	1.19964994650747e+119	377.964983191481	15.36241284466	1.4085779691648e-09	2.01187952020373e-09
"hcmv-miR-US25-2-3p"	80.7659416364945	2.05575360554048e+24	85.1436566943599	15.3127675349376	1.46480112882139e-09	2.08829454610781e-09
"hsa-miR-200b-5p"	369.806404940157	2.10290898038537e+111	370.352555837428	15.1849957969581	1.62089894588735e-09	2.3065482216987e-09
"hsa-miR-509-3-5p"	168.32413169386	4.68395413619458e+50	162.738542317912	15.178789711933	1.62892276066798e-09	2.3136736248747e-09
"hsa-miR-602"	228.404994324712	5.71155615687083e+68	216.106808600028	15.1758214814585	1.63277545195358e-09	2.31485909731682e-09
"hsa-miR-335-3p"	110.307131916949	1.60603661650933e+33	110.417603694948	15.1348936818968	1.68690910184497e-09	2.38719424559981e-09
"hsa-miR-324-5p"	279.899964985254	1.81253017676242e+84	273.060824758035	15.0704751142962	1.77605856946307e-09	2.50872361469277e-09
"hsa-miR-887-3p"	151.475294242528	3.96832441528337e+45	183.523045819695	15.0407185316034	1.81893696169607e-09	2.56456737062663e-09
"hsa-miR-520d-5p"	3145.68450075161	Inf	3435.7935745883	15.0350524885601	1.82722694446119e-09	2.57152856220501e-09
"hsa-miR-578"	102.388957638514	6.63968496801094e+30	101.898983379022	15.0122772289623	1.86096134026655e-09	2.6142075970411e-09
"hsv1-miR-H1-5p"	211.657918588902	5.19256946412343e+63	210.254000403846	14.9937413236971	1.8889105206938e-09	2.64861859117394e-09
"hsa-miR-766-3p"	451.743715787998	9.73663309660812e+135	433.995947485252	14.9407192339718	1.9713797051161e-09	2.75658716802859e-09
"hsa-miR-516b-5p"	270.45648473554	2.60324130944853e+81	279.37568524523	14.9396398331534	1.97309824673754e-09	2.75658716802859e-09
"hsa-miR-551b-3p"	3058.76120197648	Inf	3776.80021017969	14.9256389070445	1.99553594655029e-09	2.78286558364377e-09
"hsa-miR-668-3p"	248.721461225288	7.45796591509679e+74	247.381875303577	14.8924377158138	2.04984728912536e-09	2.85341718831062e-09
"hsa-miR-634"	1902.38109752665	Inf	1936.15831423882	14.6559787006011	2.48576567877228e-09	3.45395339785931e-09
"hsa-miR-487a-3p"	366.756599105736	2.53943697366976e+110	355.479923533708	14.5799505543239	2.64631810461742e-09	3.67039057186539e-09
"hsa-miR-649"	97.7301574522005	2.62850540306511e+29	106.25161581149	14.5720608184654	2.66360658971824e-09	3.68524981636745e-09
"hsa-miR-494-3p"	1585.56504156323	Inf	1737.36931801181	14.5705645358879	2.66689900644813e-09	3.68524981636745e-09
"hsa-miR-625-5p"	728.023433810755	1.43512960441525e+219	685.421769254714	14.568501462945	2.67144575997432e-09	3.68524981636745e-09
"hsa-miR-133b"	316.398361386783	1.75953275660185e+95	302.11233036967	14.5414063963538	2.731939096247e-09	3.76193408765072e-09
"hsa-miR-302d-5p"	2249.53034725769	Inf	2279.82566550548	14.458467149401	2.92644046060082e-09	4.02254450408751e-09
"hsa-miR-216b-5p"	93.1236303371745	1.07896171949605e+28	96.4577006300991	14.427758681631	3.00218539220946e-09	4.11927763117111e-09
"hsa-miR-518a-3p"	177.417885302025	2.55920598768792e+53	179.167254150147	14.385752298368	3.10922765323326e-09	4.25853144648198e-09
"hsa-miR-648"	80.825921510155	2.14302285001963e+24	88.133937586334	14.37691154413	3.13227408804951e-09	4.2824495998823e-09
"hsa-miR-342-3p"	2040.31544616462	Inf	2054.83230142897	14.2627808663483	3.44685203635303e-09	4.7041557150939e-09
"hsa-miR-934"	527.590361933428	6.61491648040246e+158	599.444276248905	14.2464563019093	3.4945540277406e-09	4.76078674827182e-09
"hsa-miR-31-5p"	279.467341172761	1.3429272965719e+84	259.125557185838	14.2234153204257	3.56309274839253e-09	4.84555343620048e-09
"hsa-miR-29c-5p"	360.840170345024	4.20450539764036e+108	356.323769266399	14.2140457727149	3.59137557789192e-09	4.87537180220017e-09
"hsa-miR-139-5p"	320.457483285239	2.9330185104423e+96	327.688763560554	14.1838850283069	3.68406816039058e-09	4.99236798413353e-09
"hsa-miR-553"	181.721101063208	5.05245280096585e+54	182.158949101892	14.0725014236496	4.04929704486843e-09	5.47762051748517e-09
"hsa-miR-154-5p"	702.573260680501	3.13058583807796e+211	716.709285470498	14.0633493410766	4.08099052740423e-09	5.51077418049128e-09
"hsa-let-7a-3p"	125.454399414841	5.8282384524036e+37	123.621785933193	14.0564256486301	4.10514414054329e-09	5.53364772547751e-09
"hsa-miR-643"	101.302864447425	3.12752539915194e+30	104.322710610159	14.0484878862284	4.13302445439431e-09	5.56145571319375e-09
"hsa-miR-891a-5p"	305.308400359363	8.0720981952646e+91	335.507803650524	14.0318514704462	4.19211963014236e-09	5.63109589548019e-09
"hsa-miR-145-5p"	470.898817523439	5.68419537942334e+141	462.142519164208	13.9672349939043	4.43040200098155e-09	5.94076631949799e-09
"hsa-miR-374a-5p"	1580.98725627609	Inf	1471.46187290423	13.8968942804069	4.70643147307394e-09	6.29988296657541e-09
"hsa-miR-191-5p"	2698.263997912	Inf	2644.78799314129	13.8691734601701	4.82023794687922e-09	6.44097997431423e-09
"hsa-miR-29b-1-5p"	148.888005427428	6.60321789113833e+44	147.405267098198	13.7774733124599	5.2182614394953e-09	6.96070699842243e-09
"hsa-miR-924"	80.2270345832491	1.41495905489596e+24	84.4946613617368	13.7525341586479	5.33251465897923e-09	7.08920760553153e-09
"hsa-miR-146b-5p"	1041.87818827972	Inf	1036.17259887803	13.7524120670744	5.33308055852894e-09	7.08920760553153e-09
"hsa-miR-920"	355.449926984327	1.00251292116857e+107	365.168164366814	13.7497253925727	5.34554974550318e-09	7.09348902214695e-09
"hsa-miR-129-2-3p"	5373.48963921689	Inf	5535.04402233514	13.7235579790352	5.46864651401445e-09	7.244303758634e-09
"hsa-miR-92a-2-5p"	106.421994754471	1.08695764008575e+32	100.158111386004	13.7087887503173	5.53946499335174e-09	7.32546491362204e-09
"hsa-miR-599"	63.2984612225409	11343197854470291456	78.2406230788918	13.6818833751958	5.67102023712856e-09	7.48652757638143e-09
"hsa-miR-7-5p"	3742.30638024751	Inf	3692.05899823489	13.6604494544986	5.77822323807084e-09	7.61494368316209e-09
"hsa-miR-510-5p"	399.142850617327	1.42551105822121e+120	422.500368805804	13.6529343574367	5.81632399758862e-09	7.65200772924609e-09
"hsa-miR-136-5p"	626.827733566608	4.94253686887141e+188	639.324123770301	13.5848274636843	6.17417984131094e-09	8.10889715459844e-09
"hsa-miR-568"	64.9443470939949	35497398340624134144	76.0112980921654	13.5798892677889	6.20103051995471e-09	8.13024001505173e-09
"hsa-miR-30d-5p"	1802.85254578502	Inf	1608.21336344696	13.5671434467128	6.27091512427317e-09	8.20783600736778e-09
"hsa-miR-107"	1933.44502586188	Inf	1883.31575974678	13.5081456338955	6.60559693493298e-09	8.63116328636048e-09
"hsa-miR-329-3p"	579.049270892355	2.04738494728474e+174	614.462695291715	13.4447523140541	6.9867051926597e-09	9.10706861544356e-09
"ebv-miR-BART16"	480.487257201501	4.37599635890482e+144	453.02544908054	13.4436457419866	6.99356377378912e-09	9.10706861544356e-09
"hsa-miR-20a-5p"	1431.22182937237	Inf	1490.8540883286	13.3578693495693	7.54785489677046e-09	9.8122113658016e-09
"hsa-miR-483-5p"	335.917301613007	1.32185509100638e+101	327.483548496165	13.3478511835962	7.61560659273382e-09	9.88353681324339e-09
"hsa-miR-15a-3p"	78.4008932691375	3.99043793897714e+23	68.1166652465251	13.2961829630936	7.97555622787737e-09	1.033319531551e-08
"ebv-miR-BART2-3p"	2079.15436811001	Inf	2222.00907657496	13.2567760308814	8.26235442809137e-09	1.06867214946814e-08
"hsa-miR-9-5p"	6670.96488130008	Inf	7355.92198629053	13.2529684143651	8.2906466519597e-09	1.0705262596049e-08
"hsa-miR-628-3p"	4285.43275895174	Inf	3953.04129763616	13.2379025172731	8.40361682329195e-09	1.08328976528822e-08
"hsa-miR-555"	72.1050555417515	5.07907419553524e+21	78.6599941451208	13.2061587883733	8.64708977782233e-09	1.11280500999828e-08
"hsa-miR-647"	144.996855253043	4.45043751784148e+43	164.742386546892	13.1847446396691	8.81560621491458e-09	1.13259128422772e-08
"hsa-miR-21-5p"	745.538371121711	2.68789702184634e+224	679.41593137199	13.1808005073921	8.84702683814088e-09	1.13472735532676e-08
"hsa-miR-203a-3p"	164.809860506389	4.09931784981115e+49	159.567128952201	13.1770172747989	8.87727864958764e-09	1.13670663175855e-08
"hsa-miR-323a-3p"	235.499430606789	7.80535345756384e+70	243.919440950253	13.1728350494674	8.91085019785954e-09	1.13910368362638e-08
"hsa-miR-411-3p"	267.465371736359	3.27415845889356e+80	269.285231241492	13.1693047138702	8.93929497958708e-09	1.14083847742817e-08
"hsa-miR-379-3p"	199.986882902028	1.59239385450407e+60	204.916869539582	13.1644169026085	8.97883828221696e-09	1.14398155522598e-08
"hsa-miR-149-5p"	654.500937889167	1.05782662752994e+197	697.051916202975	13.1532439529883	9.06993646271945e-09	1.15367185189151e-08
"hsa-miR-377-3p"	1033.63911107546	Inf	1058.35918117066	13.1292771964643	9.26871250319422e-09	1.17700372350165e-08
"hsa-miR-489-3p"	64.0006595265398	18455178911449157632	69.2401621550147	13.0960027937737	9.55247507657353e-09	1.21103279069949e-08
"hsa-miR-30e-5p"	1470.1135950158	Inf	1367.88537525065	13.0308798444376	1.01351897070414e-08	1.28278721209584e-08
"hsa-miR-193a-5p"	4960.92748954198	Inf	3956.00383170552	12.9911635324141	1.05092129945259e-08	1.32793515103812e-08
"hsa-miR-630"	402.199342060446	1.18594950049288e+121	392.648299159179	12.9640240465818	1.0773301315886e-08	1.35906613639548e-08
"hsa-miR-545-5p"	79.8459764160632	1.08651051658718e+24	84.1417399878948	12.9328055016928	1.10859198711334e-08	1.39620698541204e-08
"hsa-miR-487b-3p"	1035.57403231089	Inf	1137.81507528247	12.9179406610602	1.12381836811661e-08	1.41306342351711e-08
"hsa-miR-211-5p"	110.500092859209	1.83587232160265e+33	108.741286244007	12.8669295400995	1.17780056917364e-08	1.47851560811159e-08
"hsa-miR-181b-5p"	706.467256121409	4.65409288945196e+212	646.029504271377	12.8354542047771	1.21249265310724e-08	1.51957821067526e-08
"hsa-miR-409-3p"	256.833960604957	2.06407772594318e+77	227.188560361079	12.8050917892457	1.2469990541324e-08	1.56027450981982e-08
"hsa-miR-190a-5p"	442.197843796944	1.30261177842403e+133	419.528493609815	12.8016058188475	1.25102774523541e-08	1.56276592930873e-08
"hsa-miR-198"	294.322018921184	3.97883637498191e+88	289.541179236488	12.7417686579858	1.3224029898689e-08	1.6492408019991e-08
"ebv-miR-BART11-5p"	103.770335146838	1.72975079668667e+31	86.4168711361078	12.7311296301949	1.33554489987961e-08	1.6629268477397e-08
"hsa-miR-128-3p"	4223.92552284826	Inf	4448.89170697688	12.6743733889571	1.40806253693235e-08	1.75037919907149e-08
"hsa-miR-654-5p"	102.353181910607	6.47705980017925e+30	111.189627646127	12.6659881994754	1.41912975240155e-08	1.76128239497085e-08
"hsa-miR-185-5p"	2874.67462258884	Inf	2755.25172131081	12.6543854010046	1.43459793964497e-08	1.7776035859575e-08
"hsa-miR-151a-3p"	598.275664392577	1.25580051829018e+180	523.995732704114	12.632630596227	1.4640899595152e-08	1.81122096604542e-08
"hsa-miR-575"	103.874977360808	1.85987597530169e+31	112.397463514789	12.6084138856334	1.49768644033467e-08	1.84979951648421e-08
"hsa-miR-92a-3p"	137.954802828843	3.377020503032e+41	125.358700049161	12.5497041645562	1.58261852005947e-08	1.95155692103796e-08
"kshv-miR-K12-6-3p"	1284.07572417216	Inf	938.485858787098	12.5438465381783	1.59137169293922e-08	1.95844392814344e-08
"hsa-miR-222-3p"	3746.77265259445	Inf	3608.45053871074	12.5425538879277	1.59331031442178e-08	1.95844392814344e-08
"hsa-miR-514a-3p"	256.255157700269	1.38193943932118e+77	256.583197628955	12.515723164017	1.63412651772215e-08	2.00540006254862e-08
"hsa-miR-637"	1151.83951939669	Inf	921.904126341065	12.5102553179271	1.64258126782938e-08	2.01255564285165e-08
"hsa-miR-204-5p"	394.705207628529	6.57819799405815e+118	408.233639955892	12.4447857223378	1.74754163827654e-08	2.13774232305918e-08
"hsa-miR-517c-3p"	99.3306327037042	7.97076365964699e+29	89.230196366508	12.4316530363093	1.76944977433237e-08	2.16109550463841e-08
"hsa-miR-99a-5p"	1006.16747937437	7.70179497440573e+302	1039.67909466241	12.3693851762301	1.8774128877108e-08	2.28930951490331e-08
"hsa-miR-597-5p"	80.4653248294499	1.66907704588347e+24	95.5722725325726	12.2715657371078	2.06154146571435e-08	2.5098449273062e-08
"hsa-miR-491-5p"	413.229547899541	2.48021318795131e+124	404.066344338972	12.265046154424	2.07448370901758e-08	2.52159905676146e-08
"hsa-miR-130a-3p"	1388.29231759199	Inf	1423.08908376929	12.2121453187829	2.18277868626831e-08	2.64903679172119e-08
"ebv-miR-BART18-5p"	98.9548133320728	6.14280923180732e+29	96.3089452252447	12.1899189961739	2.23007420223693e-08	2.70215942040399e-08
"hsa-miR-582-5p"	272.10616898881	8.16805908901008e+81	274.203658347676	12.1337697165829	2.35452025197396e-08	2.84844957928081e-08
"kshv-miR-K12-8-3p"	278.145545426662	5.37220199439403e+83	276.794440065571	12.0714543080928	2.50140809490129e-08	3.02138584061305e-08
"hsa-miR-509-5p"	530.443520026628	4.77980890034516e+159	588.511497627246	12.0670773325722	2.51208842365675e-08	3.02951544173699e-08
"hsa-miR-943"	652.231663293642	2.19429378579296e+196	567.97572084201	12.0515050937322	2.55048478998558e-08	3.07099188998264e-08
"hsa-miR-33a-5p"	616.694839766673	4.4019483346197e+185	596.156758349321	12.008876103147	2.65885093987984e-08	3.19645559700288e-08
"hsa-miR-627-5p"	113.220745778518	1.21015391678859e+34	105.202514540581	12.0054620820513	2.66774071877888e-08	3.20212383615555e-08
"hsa-miR-518b"	451.280816813584	7.06418930097195e+135	416.523105979083	11.9357766717288	2.85633736892529e-08	3.4231418155714e-08
"hsa-miR-557"	239.988917986471	1.75332708148589e+72	247.365405471042	11.9228008075068	2.89300844622237e-08	3.46168093331133e-08
"hsa-miR-98-5p"	864.847154557453	2.21276445477328e+260	893.712541745883	11.9022022691003	2.9522627044817e-08	3.52708020924838e-08
"hsa-miR-34a-5p"	1326.92922310811	Inf	1380.30235405432	11.8858429501889	3.00024939123958e-08	3.57883558799496e-08
"hsa-miR-619-3p"	77.9585672910269	2.93675132648087e+23	78.2725133783008	11.8562994676391	3.08904117804501e-08	3.67902885646044e-08
"hsa-miR-26a-2-3p"	148.241402116585	4.21802001685957e+44	126.641432889542	11.8480604421958	3.11430271674784e-08	3.70336462596216e-08
"hsa-miR-888-5p"	51.4657384949128	3109789808679638	79.2417451720349	11.6214591223516	3.9036198906799e-08	4.63479327577629e-08
"hsa-miR-579-3p"	40.3852488958862	1436055749245.26	66.5374227995681	11.5844213960785	4.05187322010353e-08	4.80337984516138e-08
"hsa-miR-448"	91.8026583648208	4.3187080828925e+27	94.5654637294072	11.4644821528627	4.57486402050572e-08	5.41500108599983e-08
"hsa-miR-187-5p"	571.403116604153	1.022063111038e+172	593.415603572588	11.4489154168003	4.64787855069957e-08	5.49294737809949e-08
"hsa-miR-524-5p"	281.545109980645	5.6692190355794e+84	291.672144061073	11.4054991040133	4.85819837079966e-08	5.7326740775436e-08
"hsa-miR-549a-3p"	866.689370479439	7.93409575247837e+260	912.427419328779	11.3978986497413	4.89605470644719e-08	5.76846998440091e-08
"hsa-miR-564"	64.7799703763967	31674823350796115968	75.2089633893398	11.380562174031	4.98359233721178e-08	5.86260018810036e-08
"hsa-miR-495-3p"	379.274220032657	1.4890758213425e+114	396.0065070898	11.2717855475615	5.57258126318057e-08	6.54543618508346e-08
"hsa-miR-129-1-3p"	6284.48665670905	Inf	6475.10756354665	11.2200620357538	5.87843396677151e-08	6.89412668580083e-08
"ebv-miR-BART8-3p"	360.110194240076	2.53495474559158e+108	404.020532650542	11.1842522581709	6.10069656567777e-08	7.14386910820587e-08
"hsa-miR-10a-3p"	114.779422346826	3.56491362229993e+34	105.645787530654	11.158391249547	6.26680168137232e-08	7.32719038050697e-08
"hsa-miR-30c-2-3p"	1851.12914251002	Inf	1881.72423593002	11.1258133831717	6.48297781045574e-08	7.56840788526568e-08
"hsa-miR-614"	101.035840492047	2.59907388304727e+30	98.239110184695	11.1008955235075	6.65371366169871e-08	7.75592458742084e-08
"hsa-miR-708-5p"	918.766610990437	3.76971851524306e+276	986.783237961485	11.0968435519081	6.6819299869272e-08	7.77699590284243e-08
"hsa-miR-490-3p"	338.487226484942	7.84889141807567e+101	378.039654048181	11.0137107306998	7.29005083630485e-08	8.47192271431185e-08
"ebv-miR-BART6-3p"	238.826311637387	7.83219617197068e+71	209.288710022934	11.0050364792538	7.35683869997729e-08	8.53660405882387e-08
"hsa-miR-29b-3p"	4754.21769373747	Inf	5065.66007553831	10.9582854995886	7.7282683235519e-08	8.95405106369231e-08
"hsa-miR-143-3p"	3390.70363263436	Inf	3238.57282866507	10.8749856281628	8.44078472753156e-08	9.76482939067377e-08
"hsa-miR-411-5p"	495.351669394171	1.30530165865411e+149	505.113859617466	10.8193733026554	8.95544464013238e-08	1.03446175285867e-07
"hsa-miR-519d-3p"	3309.43738367136	Inf	4251.51201394362	10.814936358581	8.99792962400504e-08	1.03780631903938e-07
"hsa-miR-181c-3p"	87.6794949983435	2.4783235239419e+26	93.4195583051597	10.6590861362559	1.06360885887697e-07	1.22490689903699e-07
"hsa-miR-379-5p"	747.483145331473	1.0347799329394e+225	749.11005434404	10.526349470538	1.22838148453632e-07	1.41254662464671e-07
"hsa-miR-607"	63.3755538955386	11965826856305397760	73.7330564614288	10.4937384701538	1.27291310609372e-07	1.46156340175731e-07
"hsa-miR-126-5p"	448.130880512249	7.95860622934654e+134	448.477689323366	10.4375461262911	1.35375126207709e-07	1.55205862184324e-07
"hsa-miR-640"	130.021989442631	1.38203460687582e+39	145.634898095638	10.3464618052557	1.49668538248178e-07	1.71336968412466e-07
"hsa-miR-744-5p"	2135.97835068064	Inf	2169.44473599164	10.271173795754	1.62703057899984e-07	1.85980991668089e-07
"kshv-miR-K12-7-3p"	90.1521766728246	1.37565443590099e+27	88.4880997256448	10.1945007616731	1.77234206772305e-07	2.02289637789223e-07
"hsa-miR-1-3p"	684.064045883903	8.39067242334041e+205	755.224685674578	10.1206969615852	1.92539746948326e-07	2.19432371336354e-07
"hsa-miR-520d-3p"	97.3997563309656	2.09049063331143e+29	100.997839861841	10.1058741097766	1.95780940019671e-07	2.2279522402832e-07
"hsa-miR-222-5p"	84.0451148543347	1.99572436819639e+25	95.0362707561656	10.0079312518743	2.18720114325597e-07	2.48530855833678e-07
"hsa-miR-638"	440.916368225584	5.35861326868219e+132	432.070528680768	9.98003989383617	2.25766607526991e-07	2.56158266232548e-07
"hsa-miR-939-5p"	2814.89516053713	Inf	2475.86624409528	9.90495927569709	2.45969596488407e-07	2.78668656582878e-07
"hsa-miR-620"	4797.94305919522	Inf	4807.54228272717	9.77077568221039	2.87051984047788e-07	3.24732849210403e-07
"hsa-miR-302a-5p"	85.4243800555761	5.19159442900706e+25	87.9118302588508	9.76265213946885	2.89764179885429e-07	3.27318300400772e-07
"hsa-miR-628-5p"	227.613623581777	3.30010774898176e+68	233.665708217644	9.740705587784	2.97229371960068e-07	3.35257247490253e-07
"hsa-let-7f-5p"	323.06412625804	1.78645683317687e+97	370.488146059091	9.70411427972784	3.10137053851079e-07	3.49302672986458e-07
"hsa-miR-675-5p"	298.561879352233	7.51763519088479e+89	303.418568308236	9.66497217118264	3.24610667669539e-07	3.65068008948e-07
"hsa-miR-195-3p"	274.051714554276	3.14620084946676e+82	277.718616490003	9.64256599877485	3.33219406937009e-07	3.7381721821181e-07
"hsa-miR-584-5p"	324.608714055935	5.21146451210504e+97	275.064889615031	9.64219232686993	3.33365029018094e-07	3.7381721821181e-07
"hsa-miR-30d-3p"	100.718704257614	2.08617677391241e+30	102.549864065235	9.59145169350624	3.53785106693485e-07	3.96136024575041e-07
"hsa-miR-454-3p"	90.2326327304825	1.45455128925442e+27	95.2823673604725	9.57431301195804	3.60981176069792e-07	4.03604317850627e-07
"hsa-miR-144-3p"	503.422417310858	3.50952305891011e+151	540.272890840027	9.52798458787412	3.81227701752046e-07	4.25621029466986e-07
"hsa-miR-653-5p"	92.5810337872702	7.40744097480505e+27	94.6066414355816	9.42388065769386	4.31287145688897e-07	4.80809942940965e-07
"hsa-miR-195-5p"	2528.41399046212	Inf	2556.36671804846	9.32264870627065	4.86752746724443e-07	5.41856831259286e-07
"hsa-miR-29c-3p"	3682.07637008038	Inf	3902.74501447799	9.2628153174624	5.23080934377625e-07	5.81453734300925e-07
"hsa-miR-141-3p"	99.6416083107165	9.88810154522786e+29	107.14747901532	9.25061956867059	5.3083498657434e-07	5.8921915297036e-07
"hsa-miR-659-3p"	399.4329946977	1.74306130500784e+120	368.771308750148	9.21815258400773	5.52082187772682e-07	6.1191768500238e-07
"hsa-miR-300"	2081.27409347887	Inf	2022.70632933697	9.17636782194224	5.80773378613959e-07	6.4278958354532e-07
"hsa-miR-137-3p"	419.705948757193	2.20841116704142e+126	470.01791361142	9.1488327015472	6.0054788873467e-07	6.63717911613101e-07
"hsa-miR-338-5p"	670.139893614495	5.39770653615123e+201	546.432894051417	9.07570672509186	6.56637553293404e-07	7.2466331421013e-07
"hsa-miR-126-3p"	5480.38822551314	Inf	5818.65748848948	9.06881180550183	6.6220761573755e-07	7.2976040412457e-07
"hsa-miR-30b-5p"	3435.78321827872	Inf	3789.59369159525	9.00090036918598	7.19845120108191e-07	7.921394650258e-07
"hsa-miR-658"	3983.781923386	Inf	3950.34127593659	8.9899511430027	7.29628766815026e-07	8.01755392760924e-07
"hsa-miR-146b-3p"	637.252821179666	6.79538389498313e+191	695.874880181348	8.97079201783004	7.47091488354117e-07	8.19769916405734e-07
"hsa-miR-30b-3p"	2272.89768556781	Inf	2092.99042665812	8.89873007117948	8.16875670648693e-07	8.9506234198221e-07
"hsa-miR-576-3p"	1151.53966305304	Inf	1330.28935313762	8.87293149699924	8.4352330484538e-07	9.22942046813704e-07
"hsa-let-7f-1-3p"	150.745056535522	2.39212414832422e+45	140.045251725032	8.81648212827561	9.0512116803955e-07	9.88928683598767e-07
"hsa-miR-513a-3p"	94.2952670705205	2.43054595813124e+28	106.577358385388	8.75110713714556	9.8251255014349e-07	1.07195892739695e-06
"ebv-miR-BHRF1-2-3p"	1297.0462956478	Inf	1167.61967592896	8.72744958324973	1.01223324036951e-06	1.10281661273212e-06
"hsa-miR-574-5p"	1281.35132320286	Inf	1256.28747598434	8.69955779530435	1.04851037687119e-06	1.14071980008539e-06
"ebv-miR-BART17-5p"	2559.27882265463	Inf	2600.55976962022	8.6859999341882	1.06664295518803e-06	1.15880332383742e-06
"hsa-miR-95-3p"	600.929031183814	7.90066507589606e+180	625.686923418624	8.65768940955888	1.1055935301017e-06	1.19942042091656e-06
"hsa-miR-921"	4624.1844200407	Inf	4748.83477327701	8.38437055881428	1.57005892072788e-06	1.70089716412187e-06
"hsa-miR-548d-5p"	124.838162763818	3.80217056602576e+37	141.474681652983	8.37358346829532	1.59221129213018e-06	1.72246270953998e-06
"hsa-miR-338-3p"	1724.0526950835	Inf	1617.59864556589	8.33102766696231	1.68290789340384e-06	1.81801458343767e-06
"hsa-miR-18a-3p"	99.9197420351501	1.19905612419497e+30	107.87619430872	8.31159687102107	1.72613634983648e-06	1.86209083027368e-06
"hsa-miR-369-5p"	183.127726648969	1.33948778972318e+55	177.759378398409	8.30626379667087	1.73820692275138e-06	1.8724785249302e-06
"hsa-miR-551b-5p"	445.687936636591	1.46365133501233e+134	441.233455639245	8.29127335804745	1.77261970217031e-06	1.90687140471897e-06
"hsa-miR-32-3p"	5016.36088042996	Inf	4722.28329127443	8.27066978608847	1.82110779328143e-06	1.95628806365105e-06
"hsa-miR-298"	926.790234654709	9.80980375762035e+278	845.47932538627	8.2513063210694	1.86796721054513e-06	2.00381937131205e-06
"hsa-miR-153-3p"	1008.64243215829	4.2818059282242e+303	1074.93262967399	8.12389016694006	2.21021055687022e-06	2.36764175575343e-06
"hsa-miR-24-2-5p"	116.730332690077	1.37826124197911e+35	120.135181954437	8.09794347771025	2.28776296125882e-06	2.44730012731592e-06
"sv40-miR-S1-5p"	1332.67382309671	Inf	1367.70624899755	8.08305608803341	2.3335642183021e-06	2.49281860088818e-06
"hsa-miR-106a-3p"	78.4265059566025	4.06191422351167e+23	86.8429907544191	8.00201336091176	2.60062933376985e-06	2.77424575660845e-06
"hsa-miR-422a"	565.752496197337	2.03456456890931e+170	553.199510249603	7.97725774319387	2.68855712701702e-06	2.8640601616973e-06
"hsa-miR-583"	1557.44511741182	Inf	1599.61433810918	7.89736721652553	2.99457168555296e-06	3.18562618976299e-06
"hsa-miR-765"	2647.6821251017	Inf	2674.34388537142	7.87552657240571	3.08453703933668e-06	3.27678657779949e-06
"hsa-miR-302b-3p"	98.9495468735351	6.12042620994776e+29	100.126800415859	7.82342427180988	3.31097679546723e-06	3.51247469173356e-06
"hsa-miR-665"	8574.25964192056	Inf	7787.62447762976	7.74475160507822	3.68704152869701e-06	3.90602327694835e-06
"hsa-miR-518c-5p"	2847.36049203481	Inf	2838.53342149163	7.70210720110837	3.90965349844126e-06	4.1361437700751e-06
"hsa-miR-219a-2-3p"	898.844123820805	3.79352278032741e+270	730.809003940405	7.59755217345992	4.51820174807569e-06	4.77336190189264e-06
"hsa-miR-526b-5p"	513.217651107409	3.11822383983648e+154	458.741498394796	7.55624522297522	4.78571087624905e-06	5.04902371675794e-06
"hsa-miR-101-5p"	145.96514587103	8.70737460004924e+43	124.115307775364	7.37220592923673	6.19950643943458e-06	6.53162285583286e-06
"hsa-miR-335-5p"	2451.0312797937	Inf	2428.9153905536	7.26507537587691	7.22167392139224e-06	7.59811234253477e-06
"hsa-miR-611"	146.788598386402	1.54088822269531e+44	123.307657604602	7.12272028375992	8.86522146941796e-06	9.31455461238846e-06
"hsa-miR-371a-5p"	8472.11687894624	Inf	8382.96835886958	7.04143195961728	9.97807038799382e-06	1.04694664672931e-05
"hsa-miR-182-3p"	113.978306896339	2.04592274627134e+34	95.3208107201771	7.027443676431	1.01840751286886e-05	1.06710186116177e-05
"hsa-miR-219a-5p"	6501.84186964474	Inf	5742.26908787911	7.01320375109921	1.03984259752837e-05	1.08807540559927e-05
"hsa-miR-523-3p"	130.002536389785	1.36352456251463e+39	121.992781134724	6.98289313494034	1.08707807074571e-05	1.13595215294545e-05
"hsa-miR-922"	173.701133075707	1.94648623388593e+52	207.987222360785	6.94733830834468	1.14540250385864e-05	1.19527036797221e-05
"hsa-miR-876-5p"	286.928816704773	2.36690293675246e+86	311.996356723991	6.93379768032635	1.16847926650868e-05	1.21769510517956e-05
"hsa-miR-200c-3p"	100.809719322514	2.22202719833803e+30	116.261995926044	6.88523740470413	1.25537704413533e-05	1.30647787361167e-05
"hsa-miR-451a"	6155.18485553209	Inf	7121.25504654873	6.83862026489739	1.34526360757357e-05	1.39812626965979e-05
"hsa-miR-362-5p"	117.056049507534	1.72735688632099e+35	118.96462537701	6.73910836227081	1.56075817288625e-05	1.61989380054635e-05
"hsa-miR-135a-5p"	1608.82496065542	Inf	1684.35712182192	6.45756495636829	2.39341621307025e-05	2.48074356138497e-05
"hsa-miR-431-5p"	96.0661253960642	8.29440641548098e+28	103.326453222308	6.33700024761714	2.88375961183831e-05	2.98494415962212e-05
"hsa-miR-144-5p"	100.577203334583	1.89127675008312e+30	103.473597129409	6.33320190169866	2.90083544451557e-05	2.9985724877944e-05
"hsa-miR-23b-5p"	87.1842911612375	1.75827495585975e+26	94.0398733296594	6.26587413003484	3.22192071038035e-05	3.32599351932938e-05
"hsa-miR-503-5p"	3949.19182923204	Inf	4532.08123885282	5.99999753003701	4.90696591127465e-05	5.05865974992964e-05
"hsa-miR-608"	83.7145887219625	1.58709264853993e+25	98.8449492788519	5.89968831037278	5.76566668971779e-05	5.93592798793765e-05
"hsa-miR-219a-1-3p"	98.8284193019693	5.6275405616469e+29	107.72431422369	5.7439684953416	7.42649175910883e-05	7.63554849763603e-05
"hsa-miR-518f-5p"	103.656274813	1.59826193976729e+31	119.815530200257	5.45100378886347	0.000120671259022114	0.000123902082556843
"hsa-miR-450b-3p"	113.534841436983	1.50450219428441e+34	103.457100914341	5.39929045323045	0.00013163093669218	0.000134974503265912
"hsa-miR-515-5p"	89.4093875540198	8.22067630158041e+26	106.053157874144	5.0960819220445	0.000220778089027429	0.000226083837495378
"hsa-miR-181c-5p"	172.879873985075	1.10160961061047e+52	201.973832348071	5.00587987846865	0.000258123347223633	0.000263974143094035
"hsa-miR-512-5p"	118.570211020908	4.93389734742714e+35	103.737725848542	4.9477173631263	0.000285656148505589	0.000291742031829277
"hsa-miR-621"	117.940348139365	3.18847112983898e+35	106.8416058443	4.68021253799627	0.000457915272787089	0.00046704922104747
"kshv-miR-K12-4-5p"	156.762415930999	1.54949217717034e+47	115.360552885888	4.2102083676641	0.00107209872253509	0.00109203150090892
"hsa-miR-331-5p"	99.6623413489521	1.00312299061365e+30	121.458568957627	4.06189865172754	0.00140947541404221	0.00143377671428432
"hsa-let-7g-3p"	75.800373514598	6.57939727215552e+22	95.259801164541	4.00562685904022	0.00156456277466694	0.00158942999757555
"ebv-miR-BART15"	154.084877655814	2.42197721198061e+46	113.039873464767	3.93222182445856	0.00179360788343178	0.00181970535263515
"hsa-miR-214-5p"	120.619519711965	2.04217754188366e+36	131.034236023443	3.87567791231481	0.00199331898164612	0.00201965080438913
"hsa-miR-21-3p"	119.38720839708	8.69222232832185e+35	117.761768434445	3.77023001086965	0.00242880496745364	0.00245764302115691
"hsa-miR-617"	334.119064245704	3.8006726105009e+100	399.426374364791	3.32632654517248	0.00562511786111352	0.0056844076409408
"hsa-miR-302a-3p"	111.312569773785	3.22420313817299e+33	122.826245330005	3.32093508641154	0.00568310820903424	0.00573545262674903
"hcmv-miR-US25-2-5p"	209.926430765749	1.56369678472253e+63	140.908741789826	3.22629200490615	0.00680499434998579	0.00685864739348108
"hsa-miR-556-5p"	72.5166476197601	6.75594520551729e+21	97.9742586076443	2.95604403486525	0.0113863408172012	0.0114610543396238
"hsa-miR-635"	215.825136895416	9.32910591669245e+64	304.329585934257	2.47995848821508	0.027995088906849	0.0281418521514458
"hsa-miR-499a-5p"	138.300776550437	4.29222189209992e+41	165.858382362698	2.38462397418083	0.0334335452559349	0.0335648288106048
"hsa-miR-367-5p"	86.0131315661001	7.8078708740189e+25	119.264517335971	1.82905861615071	0.090963568007977	0.0912013812576711
"hsa-miR-147b-3p"	101.43681709829	3.43182087214585e+30	145.359217349651	1.66480528845332	0.120416590523918	0.120573792339223
"hsa-miR-644a"	100.681615387426	2.03322875697711e+30	189.468260331398	0.749476515102953	0.467228768829603	0.467228768829603
