""	"logFC"	"Fold Change"	"AveExpr"	"t"	"P.Value"	"adj.P.Val"
"hsa-miR-381-3p"	609.095598394376	2.27010185521162e+183	640.662990326105	68.0116387798056	1.1801904859361e-17	9.05206102712988e-15
"hsa-miR-573"	103.110302611775	1.09469705098188e+31	100.225434868639	59.9080848679201	5.88238181701663e-17	1.62817297748056e-14
"hsa-miR-502-5p"	136.548477009572	1.27405284538448e+41	126.817594171214	59.5335221227106	6.3683428063125e-17	1.62817297748056e-14
"hsa-miR-548d-3p"	106.205505202978	9.35497800499121e+31	101.368969522598	55.3409896297349	1.60434248411398e-16	2.38450999020628e-14
"hsa-miR-106b-3p"	133.421691602356	1.45858332593726e+40	139.27930079919	54.6320950720561	1.88849969489982e-16	2.38450999020628e-14
"hsa-miR-125a-3p"	170.33522349699	1.88804173766061e+51	157.434770483748	54.2374110021552	2.06986832505204e-16	2.38450999020628e-14
"hsa-miR-651-5p"	104.290397968317	2.48049324223285e+31	101.67153154316	54.0229688373099	2.17621511492099e-16	2.38450999020628e-14
"hiv1-miR-N367"	102.193479827226	5.79832813857355e+30	95.9956626781792	53.0604477223734	2.73170914092449e-16	2.51583088826267e-14
"hsa-miR-92a-1-5p"	83.38196463517	1.26029569445041e+25	83.5861365796625	52.5683960866371	3.07323605785697e-16	2.51583088826267e-14
"hsa-miR-613"	85.094075800128	4.12923185587904e+25	81.5808636612288	52.1391956036679	3.4088790485694e-16	2.51583088826267e-14
"ebv-miR-BART4-5p"	96.1232264461866	8.62927760060282e+28	97.0916984953097	51.9054824916862	3.60810166504425e-16	2.51583088826267e-14
"hsa-miR-10a-5p"	114.300641252498	2.5581236961255e+34	108.687656829405	51.1943552438832	4.29553513377071e-16	2.65794385904677e-14
"hsa-miR-30c-1-3p"	117.039554200746	1.70771932706749e+35	115.411323071158	50.5852504871044	4.99716319888711e-16	2.65794385904677e-14
"hsa-miR-19a-5p"	76.0234431609968	7.67956755502831e+22	76.5499262269936	50.567323935109	5.01960088795591e-16	2.65794385904677e-14
"hsa-miR-16-2-3p"	98.434379877102	4.28253526197788e+29	97.1155161771164	50.4277456928958	5.19806491339003e-16	2.65794385904677e-14
"hsa-miR-612"	125.112837866993	4.59956796568064e+37	116.088277473888	49.8781975827804	5.97016195761786e-16	2.76221415059007e-14
"hsa-miR-188-5p"	90.6713168039827	1.97145153159043e+27	91.0592961749448	49.7019561186262	6.24329220421472e-16	2.76221415059007e-14
"hsa-miR-767-5p"	87.0305007863694	1.58048826052155e+26	88.6460726392105	49.5543748533249	6.48238001442258e-16	2.76221415059007e-14
"hsa-miR-548a-3p"	99.6937381867511	1.02519286288869e+30	97.4627031175858	48.8369652231353	7.79406392925459e-16	3.14634054407277e-14
"hsa-miR-26b-3p"	105.114554544583	4.39171247118774e+31	101.01606910988	48.4464787985582	8.62610394542453e-16	3.30811086307031e-14
"hsa-miR-760"	111.672720290715	4.13845755088589e+33	108.198530431082	48.1722269524895	9.26752226648537e-16	3.38485218018775e-14
"ebv-miR-BHRF1-1"	356.264780086672	1.76353955368283e+107	374.904502509273	47.876919612883	1.00161520861567e-15	3.49199484094644e-14
"hsa-miR-569"	77.771056603232	2.57881882629075e+23	79.6622773392821	47.657224525948	1.06153365354376e-15	3.53998396638289e-14
"hsa-miR-378a-5p"	83.9847001627098	1.91387657025928e+25	87.9331954533017	45.762738715267	1.77183819949546e-15	5.66249957922092e-14
"hsa-miR-148a-5p"	79.2186996273339	7.03403954101668e+23	76.9823880536276	45.5307086949463	1.88928679135318e-15	5.77034542828245e-14
"hsa-miR-629-3p&hsa-miR-629-5p"	128.114302600608	3.68339213433686e+38	123.277139410098	45.4056477473036	1.95604929772286e-15	5.77034542828245e-14
"ebv-miR-BART3-3p"	75.3167300066939	4.70538222256793e+22	80.6277219163726	45.172268124729	2.08753948040381e-15	5.93015844988786e-14
"hsa-miR-512-3p"	100.729839885975	2.10234150382324e+30	99.5283051711258	44.6870660206526	2.39244565015471e-15	6.55359219167378e-14
"ebv-miR-BART14-5p"	107.613787192273	2.48300670253572e+32	104.674523345767	44.4142077448115	2.58474477936749e-15	6.83620429577538e-14
"hsa-miR-24-1-5p"	460.91182698118	5.60125413619851e+138	435.331761160944	43.8045291309362	3.07738541821892e-15	7.11819014504099e-14
"hsa-miR-450b-5p"	80.640310679932	1.88431009284561e+24	79.7306126582127	43.7933092960638	3.08735031689259e-15	7.11819014504099e-14
"hsa-miR-493-5p"	106.533468110105	1.17427399493775e+32	104.621297859877	43.7761683902342	3.1026412570545e-15	7.11819014504099e-14
"hsa-miR-875-5p"	91.9983990768509	4.94626835849173e+27	86.0647674190064	43.6488935145295	3.21876664614684e-15	7.11819014504099e-14
"hsa-miR-520g-3p"	100.972535124626	2.48749267619557e+30	101.395597298352	43.5699167108469	3.29317533976735e-15	7.11819014504099e-14
"hsa-miR-488-5p"	112.64731489367	8.13243711996872e+33	107.197446331376	43.5133687971395	3.34759107653972e-15	7.11819014504099e-14
"hsa-miR-362-3p"	121.909577079429	4.99389560760459e+36	123.252495037054	43.4818435447248	3.37834792779636e-15	7.11819014504099e-14
"hsa-miR-26a-5p"	14199.7681072653	Inf	14478.1081203838	43.4257728344264	3.43380750151912e-15	7.11819014504099e-14
"hsa-miR-497-3p"	81.5146057106524	3.45415167265887e+24	81.0403547033796	43.3181000214033	3.543078947856e-15	7.1514251394883e-14
"hsa-miR-431-3p"	116.580304681097	1.24213446647007e+35	110.536765584347	42.9118415366435	3.9903925450364e-15	7.84777200523825e-14
"hsa-miR-330-3p"	166.951049401382	1.80831330367788e+50	188.906025564912	42.682878415163	4.26903310193134e-15	8.18587097295334e-14
"hsa-miR-208b-3p"	86.6354301292982	1.20188566730707e+26	95.7431048088311	42.4041435769626	4.63688004833714e-15	8.60541365456748e-14
"ebv-miR-BART6-5p"	74.8991773640121	3.52288962929599e+22	77.7077775027709	42.3499997440105	4.71222129715559e-15	8.60541365456748e-14
"hsa-miR-19b-1-5p"	85.2795541562941	4.69573757356815e+25	82.5374130711696	42.1986584059885	4.92990233655634e-15	8.79356998171793e-14
"hsa-miR-563"	78.9978630809522	6.03568242454038e+23	77.5484654756837	41.8944720928789	5.4009391520141e-15	9.41481893089731e-14
"ebv-miR-BART10-5p"	104.389258341002	2.65642761158696e+31	100.969731253526	41.5309314547495	6.0284731510047e-15	1.02751975707124e-13
"hsa-miR-15a-5p"	1369.39964550713	Inf	1375.51691166463	41.4292978743134	6.21766045955314e-15	1.02949823169948e-13
"ebv-miR-BART17-3p"	108.982662883478	6.41284193189933e+32	102.096068309859	41.3816613291452	6.30852892957959e-15	1.02949823169948e-13
"hsa-miR-616-5p"	109.486565149527	9.09369182207013e+32	102.480557780052	41.2555631268097	6.5560500882975e-15	1.04760217035921e-13
"hsa-miR-330-5p"	242.987284434521	1.40107434153358e+73	239.746766604501	41.1789421370356	6.71155120442705e-15	1.05056321914195e-13
"hsa-miR-517a-3p"	94.2654054783589	2.38075443710127e+28	90.5276881353729	41.1067464886655	6.86171482767428e-15	1.05258705456524e-13
"hsa-miR-500a-3p"	217.657301040326	3.32182223983636e+65	214.002368517073	40.9755970143203	7.14384876539669e-15	1.07437882412927e-13
"hsa-miR-346"	76.7115500268723	1.23730729069901e+23	80.829462458217	40.3260504179249	8.73826095063477e-15	1.28889349021863e-13
"hsa-miR-145-3p"	109.812516635892	1.13988596597549e+33	111.781643850722	40.2319472753491	8.99944241490413e-15	1.30237213815688e-13
"hsa-miR-541-5p"	87.1590919619827	1.72783025892481e+26	90.5126925674153	40.0355493914352	9.57206069924501e-15	1.32862864389506e-13
"hsa-miR-639"	76.0637130419472	7.89694670776463e+22	81.3894502042145	40.0066757188485	9.65950562971012e-15	1.32862864389506e-13
"hsa-miR-593-5p"	85.183534953851	4.39338393662677e+25	90.6980964914836	39.9932208188305	9.70054811709561e-15	1.32862864389506e-13
"hsa-miR-375-3p"	97.4187285538183	2.11816327615096e+29	94.487682934933	39.8726884763362	1.00767165379101e-14	1.35593712010123e-13
"hsa-miR-326"	240.147019885168	1.95639414650434e+72	229.236112593568	39.6982074926783	1.0649385805634e-14	1.40828946774504e-13
"hsa-miR-606"	72.7245958180979	7.80341607225387e+21	75.5528558455185	39.5330904628748	1.12237420672132e-14	1.45908646873772e-13
"hsa-miR-202-5p"	89.9244641517014	1.17479219810174e+27	81.8919424981299	39.2711153186591	1.22046778544692e-14	1.56016465239631e-13
"hsa-miR-148a-3p"	100.431967797512	1.71015246457673e+30	102.392414635397	39.1432305211157	1.27167632508001e-14	1.57814324108838e-13
"hsa-miR-373-5p"	95.0832533863766	4.19673314244526e+28	101.585260991673	39.0959537982457	1.29118969870594e-14	1.57814324108838e-13
"hsa-miR-892a"	86.7408114970486	1.29296303498504e+26	85.5801176772713	39.0837992537917	1.29625846399698e-14	1.57814324108838e-13
"hsa-miR-604"	84.8179433101611	3.40992719790751e+25	84.7190964548414	38.9625315643082	1.34802155269158e-14	1.61551957955382e-13
"hsa-let-7f-2-3p"	96.3348204692685	9.99241788782151e+28	92.7365741407393	38.9063969018471	1.37273335842064e-14	1.61661001129897e-13
"hsa-miR-372-3p"	92.4878210611809	6.9439785881605e+27	95.1168993310206	38.858426596854	1.39423820267762e-14	1.61661001129897e-13
"hsa-miR-615-5p"	93.4858707730979	1.38691956104592e+28	94.6863850495523	38.7911797266109	1.42499833539106e-14	1.61661001129897e-13
"hsa-miR-522-3p"	91.3852790392842	3.23377763382594e+27	85.9024984026973	38.7734284720943	1.43323964495867e-14	1.61661001129897e-13
"hsa-miR-96-5p"	113.157815598514	1.15850186952415e+34	108.749593094326	38.6692025722963	1.4826766501891e-14	1.63061404803091e-13
"hsa-miR-194-3p"	119.309741942534	8.23779726528575e+35	120.407452380945	38.650282563449	1.49184646244313e-14	1.63061404803091e-13
"hsa-let-7d-3p"	227.995331224236	4.29965460611803e+68	225.714355021092	38.6143424093692	1.50943412529589e-14	1.63061404803091e-13
"hsa-miR-361-3p"	188.510629018953	5.58925386996486e+56	175.407689963445	38.483458823607	1.57539725799505e-14	1.67823569011417e-13
"hsa-miR-506-3p"	102.099967738943	5.43441556845408e+30	105.08663019966	38.3815635643773	1.62890169360168e-14	1.68428448649329e-13
"hsa-miR-875-3p"	104.23897037534	2.39362879165016e+31	104.833068904692	38.3318727834632	1.65570175384971e-14	1.68428448649329e-13
"hsa-miR-371a-3p"	98.025738189258	3.22617218157391e+29	95.4330311277458	38.3214540287236	1.66138103390074e-14	1.68428448649329e-13
"hsa-miR-192-3p"	83.6774558728734	1.54676443809909e+25	71.2661413932584	38.3076957050084	1.66891292012373e-14	1.68428448649329e-13
"ebv-miR-BART13-3p"	279.104749879998	1.04448365025083e+84	290.363882554706	38.1653016828914	1.74906408842565e-14	1.73545406498523e-13
"hsa-miR-374a-3p"	94.640360844496	3.08736100619701e+28	96.2151269960653	38.1160168098769	1.77776455595701e-14	1.73545406498523e-13
"hsa-miR-567"	88.080542870157	3.27254357687266e+26	87.7188656457543	38.0995019065916	1.78749506041504e-14	1.73545406498523e-13
"hsa-miR-323b-5p"	103.80953038282	1.77738897120663e+31	100.223820853343	37.9736578052691	1.86355504799185e-14	1.78668340226218e-13
"hsa-miR-593-5p&hsa-miR-593-3p"	105.355868058161	5.19130451454491e+31	103.659280965982	37.8734096963211	1.92664174300472e-14	1.82436323072175e-13
"hsa-miR-941"	86.5682613559947	1.14721110056256e+26	83.0664495905009	37.6128930267851	2.10160898318216e-14	1.96394305956642e-13
"hsa-miR-542-5p"	96.2900730060819	9.68724446227403e+28	103.026871891551	37.5345172259012	2.15754333183837e-14	1.96394305956642e-13
"hsa-miR-1296-5p"	118.91536695096	6.26747193085958e+35	132.343820918717	37.5088387613296	2.17621663884594e-14	1.96394305956642e-13
"hsa-miR-632"	104.471751965404	2.81274940283476e+31	100.361395827804	37.5084935759068	2.17646884045823e-14	1.96394305956642e-13
"hsa-miR-556-3p"	84.1599956871237	2.16114116997167e+25	79.0270036428979	37.1427331159627	2.46227895345757e-14	2.1960092526767e-13
"hsa-miR-641"	86.029362447597	7.89620844877532e+25	87.5576702440386	37.0437787711385	2.54638150598459e-14	2.24491335067837e-13
"hsa-miR-609"	100.529559359625	1.82983874088643e+30	95.5868356966129	36.8779569012451	2.69433922852651e-14	2.34836157759072e-13
"hsa-miR-192-5p"	151.929175465375	5.43549413633887e+45	157.439724365449	36.7440781768971	2.82055893274676e-14	2.43075134990648e-13
"hsa-miR-507"	101.637550232233	3.94413076915607e+30	98.3607084515226	36.708301658851	2.85535793158177e-14	2.43339948169247e-13
"hsa-miR-135b-3p"	83.8047882609459	1.68948774859209e+25	84.8997762952416	36.6362098325557	2.92689419206295e-14	2.46695367616734e-13
"hsa-miR-502-3p"	130.91568715956	2.56772635083662e+39	135.681361718658	36.5173208822342	3.04912222501708e-14	2.52442492759792e-13
"hsa-miR-373-3p"	104.055151678828	2.1072781239813e+31	98.074205563709	36.4771240880903	3.09168368463608e-14	2.52442492759792e-13
"hsa-miR-10b-3p"	80.6040342914746	1.83752007834504e+24	81.5388947682837	36.4751228335844	3.09381933760371e-14	2.52442492759792e-13
"hsa-miR-595"	119.604281665299	1.01036057431458e+36	113.614437598715	36.3747741630466	3.2029734524776e-14	2.56248874296733e-13
"hsa-miR-532-5p"	126.484103317795	1.1898961883155e+38	117.35867840327	36.3708845695968	3.20728708376615e-14	2.56248874296733e-13
"hsa-miR-188-3p"	80.3264780511162	1.51593066939357e+24	73.9647679748998	36.2495800993857	3.345009537803e-14	2.62076747391954e-13
"hsa-miR-524-3p"	80.227741717956	1.41565276484943e+24	79.9313801789784	36.2465170819703	3.34856861074465e-14	2.62076747391954e-13
"hsa-miR-521"	90.4917709248481	1.74075402941466e+27	97.0374699110908	36.1460662515924	3.46757966001364e-14	2.68649858508127e-13
"hsa-miR-10b-5p"	112.36559672665	6.68983021042211e+33	102.509944585405	35.9621123891934	3.6975118961195e-14	2.83599162432366e-13
"hsa-miR-1180-3p"	91.6287596747132	3.82829263231796e+27	91.0556734821776	35.9311650190249	3.73778434808801e-14	2.83849563859753e-13
"hcmv-miR-UL36-5p"	106.294267581304	9.94862151980388e+31	105.30009079976	35.5882656399596	4.21706364186689e-14	3.17106648363912e-13
"hsa-miR-490-5p"	120.702952761311	2.16376128716408e+36	120.266361853209	35.5391283530849	4.29100505024424e-14	3.19534065391974e-13
"hsa-miR-618"	105.143610163031	4.48105744580063e+31	98.9495681738997	35.4878427715857	4.36967229151157e-14	3.22263331498979e-13
"sv40-miR-S1-3p"	104.782310476464	3.4883372726149e+31	98.1811755893837	35.318838724443	4.64010809961401e-14	3.35342926384746e-13
"hsa-miR-218-1-3p"	79.8110569769843	1.06052799144618e+24	83.1289636886179	35.3053661921735	4.66243004884459e-14	3.35342926384746e-13
"hsa-miR-425-3p"	140.064791853573	1.4578192624813e+42	137.119304452802	35.2958978891463	4.67818684787064e-14	3.35342926384746e-13
"hsa-miR-500a-3p&hsa-miR-500a-5p"	176.651348727489	1.50437026774197e+53	172.66476802356	35.2113092677523	4.8215305558776e-14	3.42417957070196e-13
"hsa-miR-769-3p"	117.610280075051	2.53642544339538e+35	116.767904185779	34.9972812080269	5.2058054135659e-14	3.63167982332355e-13
"hsa-miR-92b-5p"	78.8497200213801	5.4466676532427e+23	84.1745066728486	34.9958911706504	5.20840652627889e-14	3.63167982332355e-13
"hsa-miR-328-3p"	124.779131829537	3.64973652326371e+37	121.434450975135	34.9065650983393	5.37853234740923e-14	3.7165173968134e-13
"hsa-miR-182-5p"	100.592430571093	1.91134435680921e+30	105.713261975394	34.8625873572976	5.46448232032493e-14	3.74219458900824e-13
"hsa-miR-33a-3p"	87.693788702113	2.50299990286952e+26	91.7670736772895	34.7488830219009	5.69364459945854e-14	3.83841422290205e-13
"hsa-miR-96-3p"	75.1739130237185	4.26189466385602e+22	77.5445907810134	34.7221818801068	5.74894729120019e-14	3.83841422290205e-13
"hsa-miR-449b-5p"	93.0199940793518	1.00417270958266e+28	94.101486125338	34.719219202034	5.75511910865366e-14	3.83841422290205e-13
"hsa-miR-377-5p"	155.054970304354	4.74457196564888e+46	148.030681267534	34.596427968587	6.01730605318079e-14	3.97868426102558e-13
"hsa-miR-29a-3p"	17044.3592158763	Inf	17475.5564822652	34.4189703859715	6.41922740955308e-14	4.19530621354476e-13
"hsa-miR-517b-3p"	99.6429895693432	9.8975731005206e+29	97.2910811340981	34.4040493690827	6.45431725160732e-14	4.19530621354476e-13
"hsa-miR-873-5p"	241.208295210352	4.08255516022384e+72	253.049920961545	34.3545833716305	6.57213357644578e-14	4.23598861607892e-13
"hsa-miR-519c-3p"	100.072929571626	1.33337882834085e+30	90.474962330444	34.3016798257294	6.70070776355461e-14	4.28286904553865e-13
"hsa-miR-181d-5p"	168.304528708079	4.62074015870165e+50	167.544325488239	33.989848004954	7.51583709319683e-14	4.7641711161008e-13
"hsa-miR-18b-3p"	100.224702471201	1.48129565971568e+30	101.469099472331	33.9405242605161	7.65428141743781e-14	4.81215889112689e-13
"hsa-miR-624-5p&hsa-miR-624-3p"	70.8061259506742	2.06427611683288e+21	80.019613853482	33.7877678571464	8.10077313680629e-14	5.04278815590657e-13
"hsa-miR-519e-3p"	232.439823130633	9.36179116778427e+69	236.48674739106	33.7545869405362	8.20142183440448e-14	5.04278815590657e-13
"hsa-miR-454-5p"	81.3646261436644	3.11309988369682e+24	82.1988528316993	33.7427187666218	8.23774854642515e-14	5.04278815590657e-13
"hsa-miR-205-5p"	91.5339329252952	3.58475460740776e+27	87.6670858547344	33.7276535591599	8.28411092104599e-14	5.04278815590657e-13
"hsa-miR-324-3p"	121.548742953284	3.8888175157362e+36	120.059128129077	33.5182990360602	8.95834578047901e-14	5.41027654616331e-13
"hsa-miR-139-3p"	115.646589639463	6.5026799255483e+34	118.962966081955	33.4847140045301	9.07190723085418e-14	5.4360569109884e-13
"hsa-miR-499a-3p"	77.817424080891	2.663047014115e+23	80.9018676475499	33.4414925995426	9.22034119423305e-14	5.48217185734632e-13
"hsa-miR-591"	83.5902355281669	1.45602301090055e+25	80.0076173282857	33.3888164550191	9.40479423053863e-14	5.49791256173991e-13
"hsa-miR-146a-3p"	102.829147567338	9.00861125375397e+30	99.5535874639729	33.3869607157868	9.4113644743825e-14	5.49791256173991e-13
"hsa-let-7e-3p"	151.936224934303	5.46211869246238e+45	147.172149333645	33.3727456427551	9.46185734223818e-14	5.49791256173991e-13
"hsa-miR-34c-5p"	225.308865466448	6.67923608600774e+67	212.968274776761	33.3367496903138	9.59102792977629e-14	5.53106648281084e-13
"hsa-miR-224-5p"	94.8630197177328	3.60258647553498e+28	94.6088556423187	33.1858839388798	1.01534573686476e-13	5.73929010760363e-13
"hsa-miR-501-5p"	103.460930665678	1.39586529510622e+31	101.853617788375	33.1848047730434	1.01576063481453e-13	5.73929010760363e-13
"hsa-miR-370-3p"	101.057667203389	2.63869454987092e+30	102.693074296268	33.1669899455551	1.0226362282422e-13	5.73929010760363e-13
"hsa-miR-345-5p"	127.288890010764	2.07861476563728e+38	139.620109456528	33.1446728189163	1.03132034380946e-13	5.73929010760363e-13
"hsa-miR-223-5p"	102.969141309394	9.92659176901474e+30	98.1961289139176	33.1359863484235	1.03472191502559e-13	5.73929010760363e-13
"hsa-miR-940"	105.47340577382	5.63195119615704e+31	104.840877242298	33.1161816690611	1.04252261484772e-13	5.73929010760363e-13
"hsa-miR-122-5p"	124.097860495606	2.27603222612723e+37	115.771861578139	33.1034048176604	1.04758880712452e-13	5.73929010760363e-13
"ebv-miR-BART9-3p"	107.31404699912	2.01719137626224e+32	104.603203625563	33.0503465852835	1.06891281189264e-13	5.81458245901883e-13
"hsa-miR-124-3p"	44213.1676792606	Inf	42526.3031316238	33.0212916653298	1.08078779846307e-13	5.82774427885902e-13
"hsa-miR-20a-3p"	88.8646483529462	5.63539949034739e+26	94.5582508651282	33.0073686143286	1.08652859436355e-13	5.82774427885902e-13
"hsa-miR-548b-3p"	102.943065933013	9.7487894647775e+30	100.100640293358	32.8915021388413	1.13559778597832e-13	6.04863542948176e-13
"hsa-miR-484"	117.110559560658	1.79387111441168e+35	121.573666239506	32.801946655209	1.17516027691763e-13	6.21619263721256e-13
"hsa-miR-501-3p"	92.1052733403579	5.32659938097357e+27	90.3286955414001	32.7152184138474	1.21489307280481e-13	6.38234922494035e-13
"hsa-miR-532-3p"	111.726338873593	4.29515960635183e+33	125.129640442372	32.6900255451859	1.22670431008483e-13	6.40055922336778e-13
"hsa-miR-888-3p"	1701.09545695569	Inf	1687.575807357	32.6294266841181	1.25562502176724e-13	6.49609136042852e-13
"hcmv-miR-UL112-3p"	92.3369437678049	6.25445946261695e+27	95.0929072136095	32.6163689190541	1.26195255893592e-13	6.49609136042852e-13
"hsa-miR-194-5p"	131.071852143084	2.86127158734347e+39	131.1861449943	32.5604839963296	1.28942425839577e-13	6.5932560412637e-13
"hsa-miR-135b-5p"	122.042738815298	5.47677798910435e+36	110.292289707141	32.5200771989284	1.30968856321656e-13	6.6511114944629e-13
"hsa-miR-124-5p"	271.771116075144	6.47527017509246e+81	265.504626196515	32.5035376086344	1.31808206930686e-13	6.6511114944629e-13
"hsa-miR-590-3p"	77.517963255164	2.16387486646413e+23	73.0955701162744	32.2786606252115	1.43814212478292e-13	7.19697082068303e-13
"hsa-miR-551a"	156.495377587797	1.28766483806493e+47	154.651474215099	32.266389718912	1.44502412827273e-13	7.19697082068303e-13
"hsa-miR-588"	81.3448002204838	3.07061139790599e+24	76.614615746125	32.2065197754009	1.47911447288322e-13	7.3192309722673e-13
"hsa-miR-31-3p"	123.849596997096	1.91621240361875e+37	125.492412498042	31.7989726914482	1.73551783286519e-13	8.53296267825387e-13
"hsa-miR-539-5p"	189.742341048617	1.31261119255462e+57	175.293180157675	31.736387104625	1.7789663246267e-13	8.69087370056485e-13
"hsa-miR-147a"	170.489683515107	2.10139981315427e+51	179.518020766546	31.5787042505723	1.89371868354007e-13	9.19292550807111e-13
"hcmv-miR-UL70-5p"	89.8171169115113	1.09055183895466e+27	87.1086051666528	31.5522119945207	1.91376908404797e-13	9.22443482531384e-13
"hsa-miR-429"	92.5383196942267	7.19134255035443e+27	86.548368429892	31.5276287428992	1.93257945502743e-13	9.22443482531384e-13
"hsa-miR-196b-5p"	101.080744846941	2.68124304495506e+30	97.9807039450995	31.5217238584117	1.93712731548159e-13	9.22443482531384e-13
"hsa-miR-645"	116.516302367759	1.1882340587573e+35	113.103559210314	31.5072598632554	1.94831609087463e-13	9.22443482531384e-13
"hsa-miR-935"	108.13060844981	3.55268410391312e+32	109.774531384853	31.4906218752087	1.96127279457894e-13	9.22881124811073e-13
"hsa-miR-125a-5p"	6728.49868573703	Inf	6857.06856756091	31.4092616448315	2.02598299379973e-13	9.47517656246579e-13
"hsa-miR-34a-3p"	121.621301082955	4.08940136532809e+36	123.9786924604	31.3843217290664	2.04627703264097e-13	9.5120877820341e-13
"hsa-miR-191-3p"	101.561866374351	3.74255502508904e+30	96.7786936941251	31.3670376980256	2.06046983104917e-13	9.52036361695611e-13
"hsa-miR-33b-5p"	96.7015233571541	1.28842504101993e+29	93.9372961303194	31.2838310970877	2.13029588423372e-13	9.7840535521393e-13
"hsa-miR-518d-3p"	93.8889892611933	1.83401139715619e+28	95.3562391264404	31.2090010554062	2.19527350507741e-13	1.00224689190141e-12
"hsa-miR-148b-5p"	81.7764890121023	4.14167610826263e+24	88.7726036891644	31.1196799598478	2.27564389457744e-13	1.03279222907745e-12
"hsa-miR-30a-3p"	141.313085855328	3.46320039463403e+42	143.473242187346	31.0880815124057	2.30483061618015e-13	1.03988534271187e-12
"kshv-miR-K12-3-3p"	94.2058550489108	2.28448408517061e+28	95.1297366030392	31.0016122841725	2.38678268671641e-13	1.07056276064999e-12
"hsa-miR-525-3p"	86.8210809030549	1.3669404896782e+26	89.6319698531959	30.9720482843349	2.4155182768342e-13	1.07715262693711e-12
"kshv-miR-K12-12-5p&kshv-miR-K12-12-3p"	91.6393178594088	3.85641228665862e+27	93.7636287739339	30.8549889103145	2.53301282406949e-13	1.12301782431289e-12
"hsa-miR-34b-5p"	102.889223358957	9.39166216039908e+30	103.935825793698	30.7453025552561	2.64871140976165e-13	1.16756416740643e-12
"hsa-miR-200a-5p"	98.8745727846865	5.81048275600983e+29	100.094313764528	30.6928658983854	2.7060234224109e-13	1.18601140856523e-12
"hsa-miR-196a-5p"	102.634483662906	7.87151218410937e+30	100.070302252337	30.6440547870332	2.76057524754664e-13	1.20304614481152e-12
"ebv-miR-BART12"	125.295101619019	5.21895914454376e+37	121.430301575101	30.608000808751	2.8016302871995e-13	1.21238719776034e-12
"hsa-miR-646"	62.5391331713947	6701237149445939200	68.2211737811357	30.5975759383885	2.81362348372021e-13	1.21238719776034e-12
"hsa-miR-449a"	102.93576809785	9.69959998477355e+30	102.331699382499	30.5367047951094	2.88476617445427e-13	1.23609813173543e-12
"hsa-miR-218-2-3p"	125.045569108798	4.39002634626963e+37	144.652506075839	30.3793833831662	3.07777234059198e-13	1.31098372422293e-12
"hsa-miR-186-3p"	101.183966912595	2.88011030428898e+30	114.937263344633	30.3668656075944	3.09371648089114e-13	1.31098372422293e-12
"hsa-miR-323a-5p"	99.2438075291171	7.50521175602695e+29	97.8045458463354	30.3203908488985	3.15369562641398e-13	1.32905744256018e-12
"hsa-miR-380-3p"	102.167290292577	5.69401954794567e+30	99.241957997439	30.2435843373206	3.25558476523448e-13	1.36449918848899e-12
"hsa-miR-661"	100.151696030632	1.40820091392895e+30	98.0351334127874	30.1439281024464	3.3931063625776e-13	1.41440901092229e-12
"hsa-miR-210-3p"	94.4170844708139	2.64468851270204e+28	102.949116617489	30.058067486766	3.51661645609036e-13	1.45797017395746e-12
"hcmv-miR-US5-2-3p"	91.4159005713177	3.30314890956343e+27	92.3878699132841	30.0248799446336	3.56564755203264e-13	1.46412581137495e-12
"hsa-miR-148b-3p"	684.476267422198	1.11657477989128e+206	739.798499582601	30.0221980575829	3.56964180869774e-13	1.46412581137495e-12
"hsa-miR-572"	81.5466934123588	3.53183791375433e+24	81.6321590516179	29.9983956461555	3.60530388243636e-13	1.47088727544079e-12
"hsa-miR-424-3p"	82.7666868849054	8.2272632560035e+24	87.2343417178385	29.9795818048712	3.63376349083761e-13	1.47465428437696e-12
"hsa-miR-122-3p"	101.76177231628	4.29878652760835e+30	104.31492863078	29.8623686739385	3.81661536708466e-13	1.54070736134417e-12
"hsa-miR-337-3p"	194.37423796746	3.25443807704677e+58	188.495208907425	29.7480915280399	4.00446654912945e-13	1.60807635768706e-12
"hsa-miR-601"	167.204153444581	2.1550908669867e+50	157.780436711227	29.7216746821541	4.04929412117469e-13	1.6176086411151e-12
"hsa-miR-520a-3p"	92.1886037980059	5.6433242138805e+27	90.5689262172582	29.622199606648	4.22301154745985e-13	1.67826417456047e-12
"hsa-miR-590-5p"	130.011451015114	1.3719760664402e+39	137.787359070462	29.6099319002887	4.24498538565077e-13	1.67830092308976e-12
"hsa-miR-508-3p"	105.273271031677	4.90244039589478e+31	97.1715525709835	29.5969463248171	4.26837938410481e-13	1.67889589108123e-12
"hsa-miR-15b-3p"	105.044982481153	4.1849533459763e+31	100.711549474436	29.5277001094461	4.39549765262625e-13	1.7200748467165e-12
"ebv-miR-BART9-5p"	103.910722383243	1.90653291936409e+31	104.5046538071	29.472714792345	4.49934250388047e-13	1.7459230344576e-12
"hsa-miR-130b-5p"	141.780304296387	4.78767197830026e+42	134.00051664098	29.468674579513	4.50707641228951e-13	1.7459230344576e-12
"hsa-miR-200c-5p"	104.256896615314	2.42355642874301e+31	106.304893211227	29.4484396397681	4.546026960386e-13	1.75216215005832e-12
"hsa-miR-342-5p"	170.865481916454	2.72668695522432e+51	177.420357581398	29.398621900432	4.64347643636744e-13	1.78077321334691e-12
"hsa-miR-152-3p"	220.811013500344	2.95623147466427e+66	210.701247237369	29.3711204732212	4.69823499023996e-13	1.79280907339007e-12
"hsa-miR-629-3p"	156.88203009508	1.68343688775476e+47	164.701636173276	29.3221487686726	4.79747398027146e-13	1.82161512023179e-12
"hsa-miR-515-3p"	95.5768971866645	5.90898579127987e+28	92.7816841395005	29.3066105239617	4.82943180335752e-13	1.82471635131784e-12
"hsa-miR-130b-3p"	270.51977230422	2.71998108399591e+81	263.773615256263	29.2467282673333	4.95475551828152e-13	1.85865166033013e-12
"hsa-miR-586"	89.9221818420316	1.1729351737087e+27	96.0739498838292	29.2406301993239	4.96771304260334e-13	1.85865166033013e-12
"hsa-miR-378a-5p&hsa-miR-378a-3p"	360.520792116821	3.36955451979921e+108	351.158334926172	29.1548566480975	5.15389106600924e-13	1.918948760985e-12
"hsa-miR-545-3p"	90.6815573476118	1.9854950796466e+27	94.9758963139464	29.1124468171125	5.24871089330482e-13	1.94481220056271e-12
"hsa-miR-217-5p"	83.0079272451523	9.72469476369409e+24	91.9974357127915	29.1009362651276	5.27476932552879e-13	1.94507118878874e-12
"hsa-miR-302d-3p"	99.463734982662	8.74113264365449e+29	88.8874690178661	29.0671776257667	5.35200196021478e-13	1.96410789640418e-12
"hsa-let-7i-3p"	89.4676858640281	8.55967130124204e+26	99.805884465526	29.0306748745174	5.43688598899649e-13	1.98575788264776e-12
"hsa-miR-589-3p"	72.7015524376742	7.67976648908222e+21	78.134704052129	28.8923181209081	5.77203735970766e-13	2.09817661369468e-12
"hsa-miR-106a-5p"	763.19864516568	5.56781561924954e+229	745.39723051491	28.7887214307692	6.03754706302298e-13	2.18433896100879e-12
"hcmv-miR-UL70-3p"	96.749832052501	1.33229845190552e+29	97.0315614389708	28.7276102750269	6.20031933429517e-13	2.23201983590948e-12
"hsa-miR-452-5p"	112.553265822978	7.61919559531911e+33	114.320642106287	28.7175598194255	6.2275390467357e-13	2.23201983590948e-12
"hsa-miR-561-3p"	90.5312911227116	1.7890981808553e+27	93.0305920620916	28.5849166953495	6.59909866459593e-13	2.35041362721171e-12
"hsa-miR-485-3p"	855.610440276375	3.66781250161752e+257	809.975849060093	28.5779865748462	6.61915702057013e-13	2.35041362721171e-12
"ebv-miR-BART14-3p"	96.2032699229289	9.12157698255735e+28	94.4852110378603	28.4450515869454	7.01691636815904e-13	2.48017274395299e-12
"hsa-let-7e"	9149.4336841137	Inf	9200.20002626784	28.4202207955298	7.09402895929948e-13	2.49592670265261e-12
"hsa-miR-520e-3p"	97.8080924992605	2.7744037381662e+29	93.1475537683879	28.376820619064	7.23101095050021e-13	2.5325047484172e-12
"hsa-miR-23a-5p"	117.76376513977	2.82114695519985e+35	117.296820949613	28.3609934651164	7.28167245838024e-13	2.53865580708075e-12
"hsa-miR-519b-3p"	88.2664119079043	3.72252474981376e+26	84.0814508014032	28.3278250907345	7.3890869097068e-13	2.56444780983942e-12
"hsa-miR-596"	91.9754012564209	4.86804564157575e+27	95.5848532728	28.2739722124591	7.56714104667081e-13	2.61441314540383e-12
"ebv-miR-BART1-3p"	108.612169562459	4.96044835551135e+32	109.064377165775	28.231545043199	7.71067409750901e-13	2.65205696537642e-12
"hsa-miR-542-3p"	128.663782607881	5.39085835111069e+38	131.834790626639	28.2018454268365	7.81289364778538e-13	2.66888138865657e-12
"hsa-miR-382-5p"	357.119158139472	3.18844277070138e+107	356.63119198838	28.1971513898903	7.82918269162619e-13	2.66888138865657e-12
"hcmv-miR-US25-1-5p"	99.6858448976576	1.01959913253097e+30	95.9171405371394	28.1758598097172	7.90352865323287e-13	2.68230375089806e-12
"hsa-miR-27a-3p"	1254.15682061519	Inf	1298.91266988463	28.1421175085199	8.02291268210904e-13	2.71082556263332e-12
"hsa-miR-125b-5p"	37465.7094887133	Inf	39152.5740363501	27.9818476126885	8.61711994194171e-13	2.89882938397776e-12
"hsa-miR-216a-5p"	90.0797578530063	1.30830534567237e+27	92.4472448055593	27.9584433082449	8.70778910537135e-13	2.91653897110036e-12
"hcmv-miR-UL22A-5p"	83.3867390250418	1.26447336904632e+25	84.9802399036095	27.8990936930379	8.94235309108486e-13	2.98208035689656e-12
"hsa-miR-200b-3p"	119.238667923015	7.84179866628759e+35	111.523725654578	27.8807687272213	9.01614652446478e-13	2.99367289362099e-12
"hsa-miR-93-3p"	89.5038112020908	8.77671301999562e+26	95.2229757422651	27.8631449686079	9.0877355619747e-13	3.00443671380802e-12
"hsa-miR-16-1-3p"	103.475491981483	1.41002529113231e+31	102.280040441397	27.8291059418584	9.22774463271681e-13	3.03763095849519e-12
"hsa-miR-483-3p"	126.411644805944	1.13161028964737e+38	113.722225896248	27.7997728488631	9.35026251333208e-13	3.06480826825885e-12
"hsa-miR-626"	84.7408632063835	3.23252344607255e+25	85.5590460640428	27.7671985231074	9.48837564583678e-13	3.09684430653481e-12
"hsa-miR-199a-5p"	215.51774446729	7.5388600721256e+64	193.725786465325	27.721360134656	9.68646368785077e-13	3.14731905105214e-12
"hsa-miR-874-3p"	270.78300445217	3.26442470651607e+81	281.674650332816	27.7125389495639	9.72509276531105e-13	3.14731905105214e-12
"hsa-miR-505-3p"	107.317950607214	2.02265683295918e+32	120.884043502197	27.6907133201495	9.82138522985701e-13	3.16512708878165e-12
"hsa-miR-34b-5p&hsa-miR-34b-3p"	1947.57750011279	Inf	1822.81712423278	27.3705239298251	1.13586228971948e-12	3.64521496324201e-12
"hsa-miR-199b-5p"	112.715792241613	8.52774979750354e+33	105.843798614438	27.3171315910945	1.16392818345332e-12	3.71972048628623e-12
"hsa-miR-22-3p"	7274.59257025251	Inf	6656.20615267053	27.275845442706	1.18614258564113e-12	3.77498490948859e-12
"hsa-miR-20b-5p"	210.688584941527	2.65206284634418e+63	204.934780758062	27.251407400116	1.19950661679469e-12	3.80174204579144e-12
"hsa-miR-892b"	95.6930014361953	6.40418409106825e+28	96.0032010175824	27.219512658739	1.21719295347202e-12	3.84192179141167e-12
"hsa-miR-605-5p"	126.37661846462	1.104467417509e+38	148.840649578444	27.180988137621	1.23893119039137e-12	3.89450911077942e-12
"hsa-miR-26b-5p"	15335.3692253644	Inf	14213.9869435545	27.1323947274297	1.26694950077777e-12	3.96632762080224e-12
"hsa-miR-877-3p"	107.407371355634	2.1519914101026e+32	103.918032312754	27.0888121891957	1.29265986550675e-12	4.03036632863283e-12
"hsa-miR-576-5p"	169.687793459607	1.20535709720451e+51	162.86132740566	26.9400910330489	1.3847137518432e-12	4.29915852976096e-12
"ebv-miR-BART10-3p"	95.4393152565407	5.37151333038884e+28	103.756389257799	26.9317526594625	1.39007994182623e-12	4.29915852976096e-12
"hsa-miR-450a-5p"	125.937996740594	8.14919317427277e+37	112.16338812201	26.8931097190307	1.41524296061825e-12	4.34606368866404e-12
"hsa-miR-34c-3p"	81.0968562282055	2.58574848403464e+24	91.3600348040672	26.8910790370654	1.4165787772699e-12	4.34606368866404e-12
"hsa-miR-603"	128.877090398872	6.24985532183089e+38	117.303520789892	26.810505295462	1.47069354784972e-12	4.47141312760119e-12
"hsa-miR-744-3p"	101.14784491481	2.80889377819019e+30	113.247647631494	26.8104138911982	1.47075618684177e-12	4.47141312760119e-12
"hsa-miR-367-3p"	93.1742488802981	1.11749023402061e+28	89.9322652647541	26.804339985319	1.47492506034303e-12	4.47141312760119e-12
"hsa-miR-7-2-3p"	203.586957290047	1.93099375957973e+61	195.497837225642	26.6762914778555	1.56584240783477e-12	4.72835089294989e-12
"ebv-miR-BART13-5p"	90.3784696795676	1.60927526369329e+27	85.3020917042077	26.6468095791087	1.5876191665682e-12	4.76046571375462e-12
"ebv-miR-BART3-5p"	99.570160349386	9.41033183683436e+29	85.0691316053029	26.645101533191	1.5888907727786e-12	4.76046571375462e-12
"hsa-miR-183-5p"	152.214241090739	6.62296310259179e+45	152.361216113384	26.6210634123362	1.60690354932646e-12	4.79570047600542e-12
"hsa-miR-384"	69.6553875731749	9.29738936467056e+20	74.8491667997943	26.4969269145463	1.70349373586362e-12	5.0642623853e-12
"hsa-miR-105-5p"	138.407425018198	4.62153826362493e+41	158.491147325238	26.4079232618536	1.77659055377282e-12	5.25477901483826e-12
"hsa-miR-600"	286.652984227762	1.95499926813077e+86	299.797776407051	26.3986905735018	1.78436444907966e-12	5.25477901483826e-12
"hsa-miR-30c-5p"	6936.40104250978	Inf	6856.03024541575	26.3942314885307	1.78813210283284e-12	5.25477901483826e-12
"hsa-miR-202-3p"	149.69551616584	1.15568794274445e+45	152.972302620309	26.3578085792069	1.81923010470913e-12	5.3257614134042e-12
"hsa-miR-423-5p"	1247.28761443641	Inf	1279.75917941562	26.3462082190668	1.82925648714921e-12	5.33475180853021e-12
"hsa-miR-27a-5p"	110.495531172261	1.83007660699466e+33	110.580433820435	26.3231441716913	1.84936843018986e-12	5.37297570437735e-12
"hsa-miR-297"	197.785509800732	3.46235151673371e+59	176.380898748696	26.3105644071309	1.86043833737001e-12	5.38474039533132e-12
"hsa-miR-656-3p"	192.404522180489	8.3086885101225e+57	180.126795014089	26.2897805772458	1.87888435508261e-12	5.41768533965549e-12
"hsa-miR-302c-5p"	255.215034893996	6.72017909844187e+76	248.09424011736	26.2769554131752	1.89036516003166e-12	5.43037482301231e-12
"hsa-miR-105-3p"	97.5004549629907	2.24161763581479e+29	95.0429567056897	26.2210043791443	1.9413428742953e-12	5.55600740516602e-12
"hsa-miR-215-5p"	151.69540761402	4.62240395718159e+45	150.617238367127	26.1877346158176	1.972356117333e-12	5.62378119700525e-12
"hsa-miR-301b-3p"	120.728886262256	2.20300817142455e+36	115.145455151855	26.1078764048966	2.04899785743411e-12	5.82067169130356e-12
"hsa-miR-615-3p"	244.807670778922	4.94825501046593e+73	242.511129000772	26.0696293686608	2.08683540988635e-12	5.9062832449551e-12
"hsa-miR-655-3p"	84.3347315896544	2.43940486019365e+25	85.5606349927353	26.0150194996895	2.14217122056148e-12	6.04060781680388e-12
"hsa-miR-380-5p"	80.4682425581403	1.67245602873238e+24	81.2255485471233	25.9530179598814	2.2069198425197e-12	6.20039384326962e-12
"hsa-miR-7-1-3p"	126.912656294205	1.60146102614762e+38	126.758431715399	25.9104152656862	2.2526307037243e-12	6.30572171443992e-12
"hsa-miR-518c-3p"	93.1679432432324	1.11261663919453e+28	85.3133822845393	25.8403543142163	2.33003613007682e-12	6.49479647480436e-12
"ebv-miR-BHRF1-2-5p"	73.0324250356315	9.65940980945839e+21	77.4393095884355	25.8205877995782	2.35238955968283e-12	6.49479647480436e-12
"hsa-let-7d"	846.266137235068	5.64276056338199e+254	830.897422946688	25.8181725491351	2.35513670321157e-12	6.49479647480436e-12
"hsa-miR-197-3p"	472.410335705357	1.62062042835283e+142	485.77374054037	25.8166890770701	2.35682574074638e-12	6.49479647480436e-12
"hsa-miR-616-5p&hsa-miR-616-3p"	84.2304380159723	2.2692815945898e+25	89.0092041614805	25.8117015467828	2.36251397193014e-12	6.49479647480436e-12
"hsa-miR-421"	226.642586341501	1.68351419905404e+68	208.567232382422	25.7212961408824	2.46822613703172e-12	6.76117659679759e-12
"hsa-miR-885-3p"	157.987004162988	3.62098877196303e+47	150.620454519398	25.6930474292837	2.50229405546225e-12	6.83010512647525e-12
"hsa-miR-29a-5p"	229.942943588234	1.6585299226696e+69	218.910008019357	25.482040202688	2.77337606031589e-12	7.543189497384e-12
"ebv-miR-BART1-5p"	132.160753024978	6.08626573090813e+39	120.511348832354	25.4497960329352	2.81751531846211e-12	7.63616342494855e-12
"hsa-miR-1307-3p"	104.415132823683	2.70449997128657e+31	106.25058054619	25.3250522949582	2.99554097952981e-12	8.09007018063155e-12
"hsa-miR-155-3p"	83.4974163122826	1.36529616534044e+25	87.5513660824515	25.2802452717835	3.06241372495089e-12	8.24165377907837e-12
"hsa-miR-24-3p"	5305.973918691	Inf	5454.38172734596	25.2609008191825	3.09178006584946e-12	8.29159199477808e-12
"hsa-miR-26a-1-3p"	101.514521487184	3.62172910427428e+30	100.032516088468	25.2432375972884	3.11885924901564e-12	8.33506983970381e-12
"kshv-miR-K12-9-3p"	69.2076090175421	6.81657539281153e+20	69.5895986899089	25.1487747931676	3.26808280672305e-12	8.70353997484923e-12
"hsa-miR-767-3p"	97.3907050227022	2.07741618423976e+29	99.7574605523587	24.9226644784517	3.65744111267192e-12	9.70677277999779e-12
"hsa-miR-146a-5p"	237.732395755005	3.66929021981117e+71	220.334318851371	24.9112243834197	3.67842569942354e-12	9.72880176364777e-12
"hsa-miR-509-3p"	98.7273301798829	5.24671864695292e+29	97.9390201500346	24.8460216833327	3.8005303443248e-12	1.00172054092684e-11
"hsa-miR-485-5p"	198.996299602409	8.01410828917741e+59	185.192392420417	24.8378040866104	3.81622658195306e-12	1.00241294121849e-11
"kshv-miR-K12-11-3p"	113.00070134644	1.03896432723993e+34	109.077981414603	24.7870326573943	3.91476578710379e-12	1.02478681184594e-11
"hsa-miR-541-3p"	81.1548270644944	2.69176560415626e+24	84.8073947551813	24.7294621146445	4.02982808497747e-12	1.05131909563868e-11
"ebv-miR-BART5-5p"	196.695654374835	1.62664200734308e+59	197.00544672505	24.6871670883216	4.11667996410169e-12	1.07033679066644e-11
"hsa-miR-183-3p"	212.11873614585	7.14664520722648e+63	228.080966828475	24.6799099555456	4.1317839513763e-12	1.07063455767082e-11
"hsa-miR-942-5p"	102.594870839148	7.65832025805981e+30	100.587645606548	24.4151010286179	4.72589276841056e-12	1.22045782941781e-11
"hsa-let-7c"	13590.1586364478	Inf	14570.4183001748	24.2398519441754	5.16930960134663e-12	1.33049008866875e-11
"hsa-miR-492"	90.772619965112	2.11485888666115e+27	95.582122383672	24.1898754401244	5.30382615120626e-12	1.36054670835291e-11
"hsa-miR-525-5p"	404.241678477309	4.88506918963858e+121	441.683701012314	24.1249005025892	5.48437836271742e-12	1.40165963774419e-11
"hsa-miR-99a-3p"	185.380983137961	6.3861122831101e+55	171.946243482807	24.1191597902834	5.5006460359974e-12	1.40165963774419e-11
"hsa-miR-550a-3p"	128.788563989878	5.87788194847662e+38	142.948797626012	24.0915230616455	5.57969203242508e-12	1.41709396982452e-11
"hsa-miR-543"	97.1814361537228	1.7969140481144e+29	98.6453050888199	24.0319875771696	5.75416237004349e-12	1.45658169565127e-11
"ebv-miR-BHRF1-3"	139.679602658173	1.11622098377953e+42	143.361918413473	23.8891231315998	6.19726588142621e-12	1.56358649047826e-11
"hsa-miR-885-5p"	1416.84499115636	Inf	1475.50705986074	23.842026525145	6.35128545310869e-12	1.59719211230635e-11
"hiv1-miR-H1"	95.1551620754576	4.41121298309551e+28	104.529926897965	23.8255693838199	6.40607301976457e-12	1.5994040022816e-11
"hsa-miR-99b-5p"	2142.55516097611	Inf	2077.41380872975	23.8243940460516	6.4100052729531e-12	1.5994040022816e-11
"hsa-miR-20b-3p"	159.053393051387	7.58302033477058e+47	158.391834184857	23.8148774473391	6.44194026973524e-12	1.5994040022816e-11
"ebv-miR-BART11-3p"	85.6494889040775	6.0682752745359e+25	89.6426665864268	23.8144163273384	6.44349200397672e-12	1.5994040022816e-11
"hsa-miR-208a-3p"	208.603626694635	6.25099050714691e+62	226.827227629964	23.7915428538517	6.52097208797066e-12	1.61341470692694e-11
"hsa-miR-28-3p"	95.3207540252153	4.94773203872953e+28	98.8445782526974	23.7841282523857	6.54630271498383e-12	1.61447401363106e-11
"hsa-miR-433-3p"	272.422278584543	1.0168978780014e+82	269.277551158465	23.7674741138304	6.60358573913534e-12	1.6233814942041e-11
"kshv-miR-K12-10a-3p"	167.107923711647	2.01603259907015e+50	138.026401676835	23.7400107993349	6.69923026857273e-12	1.64163246517421e-11
"hsa-miR-206"	134.259950068142	2.60778742543406e+40	127.35410037727	23.6063907615764	7.18635945812023e-12	1.75539417336886e-11
"hsa-miR-186-5p"	284.498651607106	4.39165140265907e+85	273.192156047905	23.5946541008689	7.23093457648105e-12	1.76067518100348e-11
"hsa-miR-890"	154.767283552726	3.88682239885534e+46	157.484588946704	23.5853070224182	7.26664723129444e-12	1.76377165392495e-11
"hsa-miR-340-3p"	266.517794196291	1.69765888705359e+80	244.181502866488	23.536763014061	7.45520176550313e-12	1.80382957543877e-11
"hsa-miR-135a-3p"	105.98405401951	8.02378571761679e+31	111.939654110431	23.444007005754	7.83030213113455e-12	1.88862947628308e-11
"hsa-miR-214-3p"	432.499263420271	1.56765824909237e+130	431.346706101579	23.4134797703218	7.95815881357894e-12	1.91345072414265e-11
"hsa-miR-17-5p"	814.014145199424	1.10325168597271e+245	789.639377435335	23.3736119511348	8.12853311686396e-12	1.94830778144833e-11
"hsa-miR-520f-3p"	83.4192055988024	1.29325182426962e+25	79.4354522219585	23.3663046545204	8.160184573742e-12	1.94980111154521e-11
"hsa-miR-592"	155.427143676004	6.14090511266654e+46	140.456974780934	23.2160854848763	8.84116110405373e-12	2.10595359217677e-11
"hsa-miR-149-3p"	1430.14387201876	Inf	1376.31338030393	23.1638841156773	9.09193013129018e-12	2.15898155130018e-11
"hsa-miR-548b-5p"	94.9140003180443	3.73216730669685e+28	98.4616171097999	23.1561612235308	9.12967590524109e-12	2.16125352448146e-11
"hsa-miR-125b-2-3p"	165.502752982902	6.62663443290753e+49	184.788875508433	23.1063942513666	9.37699765774651e-12	2.21057111059761e-11
"hsa-miR-27b-5p"	111.645493290212	4.06108763256156e+33	111.594768628002	23.1026988924821	9.39564774517369e-12	2.21057111059761e-11
"hsa-miR-299-3p"	158.070865169377	3.83770737332563e+47	159.889058332044	23.0549212246387	9.6404075517211e-12	2.2612209761988e-11
"hsa-miR-518e-3p"	107.279742677692	1.96979247080041e+32	102.335555483203	23.0146823621131	9.85187640488436e-12	2.29780835937134e-11
"hsa-miR-571"	94.327016052027	2.48462718779601e+28	97.8088807576303	23.0138487773238	9.85630965101918e-12	2.29780835937134e-11
"hsa-miR-511-5p"	98.3367078101875	4.00219942939019e+29	91.0784041188602	22.984285879722	1.00149313575755e-11	2.32771283371527e-11
"hsa-miR-302b-5p"	93.5121806859754	1.412444352303e+28	92.371665618876	22.9690415827275	1.0097798151659e-11	2.33385633555176e-11
"hsa-miR-325"	102.685688575568	8.15590928521371e+30	104.767593777658	22.9682318530565	1.01022203833531e-11	2.33385633555176e-11
"hsa-miR-138-2-3p"	151.033386328358	2.92132336028386e+45	147.200975281684	22.9476432229962	1.02153661407643e-11	2.35290865764752e-11
"hsa-miR-200a-3p"	95.0499665953979	4.10101192438776e+28	96.5341568483564	22.9409172666002	1.02526240987058e-11	2.35441996518185e-11
"kshv-miR-K12-10b"	168.247649578702	4.44210912413581e+50	134.678169419601	22.9090150448124	1.04313486034613e-11	2.38831175488203e-11
"hsa-let-7g"	255.736019719249	9.64301644079258e+76	250.682626371668	22.8441803292183	1.08049939995294e-11	2.46649714215449e-11
"hsa-miR-23b-3p"	7292.72329527295	Inf	7191.94344517046	22.8184973135096	1.09569703498919e-11	2.49376743571723e-11
"hsa-miR-30a-5p"	5995.68874617195	Inf	6196.37462966322	22.7633052841385	1.12914093227686e-11	2.55760379485216e-11
"hsa-miR-587"	82.4658180200977	6.67859089439019e+24	78.1122095722068	22.7612389603784	1.13041419355265e-11	2.55760379485216e-11
"hsa-miR-103a-3p"	2591.95059727607	Inf	2520.80519313952	22.6915260220217	1.17429023654836e-11	2.64906062186057e-11
"hsa-miR-138-1-3p"	949.745623593868	7.97849454323023e+285	987.582547598105	22.6206417964762	1.22079009252166e-11	2.74588270077453e-11
"hsa-miR-660-5p"	135.617759638342	6.68364840864557e+40	135.946304487825	22.5812764165742	1.2474669408082e-11	2.79768170643241e-11
"hsa-miR-93-5p"	519.325748089855	2.15093702676324e+156	542.082606747986	22.5072596396637	1.29934152063159e-11	2.90552462485257e-11
"hsa-miR-99b-3p"	278.058578624899	5.05792887288598e+83	285.646821788277	22.4750294219411	1.32265189814823e-11	2.94905234267353e-11
"ebv-miR-BART20-5p"	99.632935444417	9.82883681830001e+29	103.018175847455	22.4547186398793	1.33757264859679e-11	2.9736760042717e-11
"hsa-miR-944"	103.19134464246	1.15795059515093e+31	107.295629313207	22.3185204782395	1.44243223732515e-11	3.19753042204738e-11
"hsa-let-7b"	5812.94777483082	Inf	5985.42689820886	22.2764865243652	1.47655636043887e-11	3.26374273330435e-11
"hsa-miR-548a-5p"	76.3806285474362	9.83694584404325e+22	85.2871541323381	22.2147851148732	1.52823121214629e-11	3.36825672332243e-11
"hsa-miR-140-3p"	1263.22832789636	Inf	1270.21411759094	22.1998404659413	1.54103814259636e-11	3.38675144805561e-11
"hsa-miR-671-3p"	94.9093038694252	3.72003762382707e+28	102.023351977227	22.1445888495486	1.58939936799592e-11	3.48305518643677e-11
"hsa-let-7b-3p"	247.889283092454	4.18899473458377e+74	255.424818574715	22.1300966795511	1.60235305402572e-11	3.50143815509325e-11
"hcmv-miR-UL36-3p"	72.8165829684314	8.3171714718267e+21	75.0387844267947	22.1140610345982	1.61681898183823e-11	3.52301181553954e-11
"hsa-miR-423-3p"	539.407149084574	2.38633686288854e+162	559.952769620606	22.1023701704164	1.62745405465455e-11	3.53613954651569e-11
"hsa-miR-142-3p"	465.642359867615	1.48702260981687e+140	436.519150808673	22.0808337011386	1.64724331238591e-11	3.56902717683614e-11
"hsa-miR-517-5p"	102.99014406685	1.00721601343485e+31	105.117909930619	22.074456671048	1.65315259315629e-11	3.57174095479119e-11
"kshv-miR-K12-2"	84.6762906544016	3.09103134095707e+25	88.6710924843751	22.0677899871108	1.65935469696369e-11	3.57507037239086e-11
"hcmv-miR-US4-5p"	66.9980917590688	1.47378886763974e+20	72.4142848507618	22.0594039729655	1.66719192254589e-11	3.58189413051176e-11
"hsa-miR-455-3p"	106.759765656115	1.3736996656666e+32	108.770296455735	22.0453276306794	1.68043684615007e-11	3.59457232085395e-11
"hsa-miR-455-5p"	139.079483487581	7.36370380395859e+41	124.832365367523	22.0431816026281	1.68246605369826e-11	3.59457232085395e-11
"kshv-miR-K12-5-3p"	178.640486325545	5.9723441287832e+53	182.534214998715	22.0378383201751	1.68752994382007e-11	3.59537629697222e-11
"hsa-miR-550a-3p&hsa-miR-550a-5p"	1555.99661146363	Inf	1526.28413061435	22.0245676904682	1.70017781023214e-11	3.61228914251538e-11
"hsa-miR-758-3p"	144.62775520033	3.44581947214199e+43	142.85265250567	21.9675056938428	1.75573693407979e-11	3.7200282553569e-11
"hsa-miR-708-3p"	149.72753568031	1.18162430815903e+45	131.709280653257	21.9363073492541	1.78693767083016e-11	3.77570576729128e-11
"hcmv-miR-UL22A-3p"	94.3597688820693	2.54167968317413e+28	93.8025553409179	21.8524978490017	1.87374822308685e-11	3.94825518436158e-11
"hsa-miR-652-3p"	149.901240139005	1.33281437782819e+45	151.655241175535	21.7953795075376	1.93550835997616e-11	4.06721893726497e-11
"hsa-miR-933"	6765.45115100122	Inf	7377.89429520435	21.7752355412875	1.95780926842846e-11	4.10284073465746e-11
"hsa-miR-937-3p"	168.61254150294	5.72048218609597e+50	217.565776193577	21.7345258317731	2.00372719685701e-11	4.18762604901723e-11
"hsa-miR-376b-3p"	154.337902482559	2.88627770786911e+46	159.526855701187	21.7270572367512	2.01227648704615e-11	4.19406539555542e-11
"hsa-miR-374b-5p"	403.266636298195	2.48515668955322e+121	428.301460167837	21.6793010275518	2.06788008346953e-11	4.29827648786214e-11
"hsa-miR-33b-3p"	65.2291619501118	43244844420199309312	71.6011594565957	21.665993826046	2.08366706286345e-11	4.31938550598991e-11
"hsa-miR-15b-5p"	592.455848901114	2.22321582850566e+178	582.19919562187	21.5705720973475	2.2007443206191e-11	4.54978677605081e-11
"hsa-miR-134-5p"	101.23368572079	2.98109608078693e+30	110.893550974033	21.508432911643	2.28078198210868e-11	4.70258005450902e-11
"hsa-miR-876-3p"	192.149455822581	6.96225383566776e+57	181.102454235595	21.4249678102477	2.39325801842662e-11	4.92125710491479e-11
"hcmv-miR-US33-3p"	67.4067453999328	1.9563757703737e+20	76.1415885233451	21.3964874216421	2.43299264921048e-11	4.9895865292632e-11
"hsa-miR-552-3p"	123.476272638728	1.47931893795648e+37	130.738579854666	21.3886341844444	2.44407367405707e-11	4.9989453546714e-11
"hsa-miR-150-3p"	89.0156588896068	6.25724859652032e+26	83.1938732402625	21.3617089035518	2.48248005802821e-11	5.05061030545102e-11
"hsa-miR-29b-2-5p"	137.432213831435	2.35081651879733e+41	137.456958254654	21.3599603251276	2.48499661247846e-11	5.05061030545102e-11
"hsa-miR-18b-5p"	185.324311478473	6.14011748195008e+55	191.371612582255	21.3571213903082	2.48908826005278e-11	5.05061030545102e-11
"hsa-miR-770-5p"	111.6043761603	3.94697950793789e+33	111.243489800613	21.3445245546073	2.50733129944295e-11	5.07420344768534e-11
"hsa-miR-363-5p"	163.774950655641	2.00065722002856e+49	140.023581851128	21.2192493573205	2.69679870540573e-11	5.4432752817005e-11
"hsa-miR-486-3p"	67.5175942539399	2.11261863114581e+20	78.5373798520837	21.2035829069618	2.72155663775186e-11	5.47882924187841e-11
"hsa-miR-624-5p"	74.7326397519885	3.13881862177949e+22	73.9363616125265	21.1561386383243	2.79803808197001e-11	5.61805028500261e-11
"hsa-miR-877-5p"	286.888094503374	2.30102768738122e+86	301.018245500346	21.1124788272536	2.87046610663641e-11	5.74842690284628e-11
"hsa-miR-23a-3p"	2447.21636696548	Inf	2425.06219617823	20.9130984698569	3.2278646967583e-11	6.44732349586879e-11
"hsa-miR-548c-5p"	96.5933647437587	1.19536399353956e+29	104.271104018244	20.8848942493873	3.28217437068586e-11	6.53877335666507e-11
"hsa-miR-662"	116.151025940356	9.22449999990325e+34	116.475173410445	20.8782167892835	3.29517590873263e-11	6.54766819170447e-11
"ebv-miR-BART19-5p"	81.2258409491585	2.82757770544594e+24	93.1695228419801	20.8447734546279	3.361132363223e-11	6.66146905062543e-11
"hsa-miR-574-3p"	522.171658774304	1.5464368028115e+157	507.820599918737	20.7347533274016	3.58833580887068e-11	7.09343702423663e-11
"hsa-miR-22-5p"	445.739349438329	1.51675148453427e+134	412.23344691375	20.7149043620218	3.6310591264191e-11	7.15944048833792e-11
"hsa-miR-181a-3p"	245.710761628367	9.25357411193114e+73	244.028835614764	20.6591276479384	3.75407275172725e-11	7.38300974506359e-11
"hsa-miR-30e-3p"	658.937066820154	2.28993084863798e+198	589.955328429121	20.6545202209274	3.76443304251076e-11	7.38445049515539e-11
"hsa-miR-551b-3p"	4228.08168852035	Inf	3776.80021017969	20.6314963428868	3.81666797836713e-11	7.4678171923663e-11
"hsa-miR-544a"	108.028571150946	3.31009383320684e+32	109.987601446971	20.4482481815197	4.26132056801927e-11	8.31662309330988e-11
"hsa-miR-212-3p"	368.861389519199	1.0923013931754e+111	348.927527627868	20.4293249897909	4.31032032086234e-11	8.39090275660258e-11
"hsa-miR-125b-1-3p"	243.740604646566	2.36174584453136e+73	246.542744988552	20.4023212056765	4.38129725833060e-11	8.50748100541664e-11
"hsa-miR-337-5p"	195.167611192847	5.64033827352733e+58	185.419302771946	20.3819010735378	4.43580490638206e-11	8.5915716242299e-11
"hsa-miR-488-5p&hsa-miR-488-3p"	1082.25520892185	Inf	1055.34501606279	20.3619997102693	4.48963082003617e-11	8.65932087568127e-11
"hsa-miR-558"	81.172590587111	2.72511348289082e+24	82.547137691655	20.3606291868907	4.4933633748646e-11	8.65932087568127e-11
"hsa-miR-28-5p"	799.745216474118	5.58854879856776e+240	859.908041826653	20.3152471962633	4.6188654102035e-11	8.86652865307977e-11
"hsa-miR-130a-5p"	89.7575909228792	1.04647102104089e+27	87.4329526395485	20.3134172675221	4.62400451268828e-11	8.86652865307977e-11
"hsa-miR-623"	174.546159956108	3.4964697459274e+52	176.422153200179	20.2983886341631	4.6664439576672e-11	8.92559230805672e-11
"kshv-miR-K12-9-5p"	75.5251004381775	5.43651583602976e+22	83.9075770817998	20.2389513332919	4.83844382914976e-11	9.23155825113897e-11
"hsa-miR-769-5p"	789.366153412478	4.19652426917924e+237	758.941941374225	20.1441626375347	5.12702326657742e-11	9.75007635965823e-11
"hsa-miR-376a-3p"	307.279771409141	3.16539749927502e+92	312.601882814446	20.1414234020235	5.13563344107161e-11	9.75007635965823e-11
"hsa-miR-548c-3p"	86.4719102740778	1.07309649130513e+26	87.0766731102486	20.1304640187077	5.17023785080118e-11	9.79153686806051e-11
"hsa-miR-582-3p"	113.377761863126	1.34929577989643e+34	116.937034922085	20.110302626051	5.23455509947257e-11	9.88892552043217e-11
"hsa-miR-657"	145.15204512646	4.95586554259462e+43	152.629767862851	19.9932315290174	5.62546069204111e-11	1.06012981592028e-10
"hsa-miR-580-3p"	96.4604741904591	1.09017477101077e+29	97.6824674453719	19.9888077595192	5.6408349485882e-11	1.06042166803116e-10
"hsa-miR-938"	193.617875404032	1.92658508300164e+58	201.326774847628	19.9799698621664	5.67168556437637e-11	1.06361438334393e-10
"hsa-miR-887-3p"	200.723273860988	2.652932865907e+60	183.523045819695	19.9307899019578	5.84670977707304e-11	1.09376253634513e-10
"hsa-miR-663a"	89.5467475603796	9.04184441630191e+26	96.3523025097849	19.8543097068516	6.1305455999058e-11	1.14407018859556e-10
"hsa-miR-9-3p"	14982.8774048523	Inf	13945.8429460081	19.7878245020332	6.38935423568731e-11	1.18947444144956e-10
"hsa-miR-424-5p"	772.538586465175	3.60817284639958e+232	776.784704271856	19.780771025886	6.41749387420411e-11	1.19182029092362e-10
"ebv-miR-BART19-3p"	292.161224906278	8.89799724038007e+87	302.140993609578	19.7631479152275	6.48838545336412e-11	1.20207527602181e-10
"hcmv-miR-US25-1-3p"	93.8545755247002	1.79078093950389e+28	115.8359096279	19.7488712502096	6.54643351124596e-11	1.2099071091869e-10
"kshv-miR-K12-6-5p"	132.876396584235	9.99496062585109e+39	128.827506368259	19.6537081494315	6.94793408638237e-11	1.28102534717675e-10
"hsa-miR-221-5p"	271.424966163941	5.09397005266262e+81	252.18535062243	19.6397690543303	7.00893627568633e-11	1.28627940214556e-10
"hsa-miR-190b-5p"	89.7918573287732	1.0716239774816e+27	93.6348147683217	19.6395337031868	7.00997118770331e-11	1.28627940214556e-10
"hsa-miR-889-3p"	158.108584650561	3.93936799128445e+47	155.885917270227	19.6105319692855	7.13876853877836e-11	1.30678650817255e-10
"hsa-miR-562"	84.4574314682762	2.65595204132024e+25	80.1404739947276	19.5958424964109	7.20497459656501e-11	1.31492890618765e-10
"hsa-miR-610"	126.527056428106	1.22585540967671e+38	127.613962328492	19.5930716679108	7.2175367601695e-11	1.31492890618765e-10
"hsa-miR-363-3p"	375.558167928489	1.13311415042146e+113	340.147711009794	19.5429123313301	7.44906901678071e-11	1.35389477153337e-10
"hsa-miR-132-3p"	1002.71736347191	7.04698874950134e+301	948.578866685457	19.4684552253682	7.80762345297885e-11	1.41570855518553e-10
"hsa-miR-589-3p&hsa-miR-589-5p"	135.319030393777	5.43359334979453e+40	162.083578778198	19.4630173596413	7.83452822771609e-11	1.41723659213638e-10
"hsa-miR-409-5p"	179.233507024849	9.00869414776481e+53	208.920326314417	19.4354638965351	7.97239619894257e-11	1.43878303166799e-10
"hsa-miR-425-3p&hsa-miR-425-5p"	360.828802226184	4.17150501074551e+108	359.745234929713	19.4279907323105	8.01023787997007e-11	1.44140368236635e-10
"hsa-miR-410-3p"	387.199934805634	3.62071795473585e+116	406.840439364976	19.4251834619061	8.02450289922335e-11	1.44140368236635e-10
"hsa-miR-106b-5p"	1747.21147320381	Inf	1778.99962569923	19.2991402674593	8.6940294677328e-11	1.55801883218483e-10
"hsa-miR-631"	84.2626631673068	2.32054036856001e+25	95.0336452325277	19.2951224776344	8.7163368140862e-11	1.55837536979117e-10
"hsa-miR-508-5p"	80.9054086609727	2.2644087187854e+24	97.1235805311872	19.2689375882768	8.86323660220606e-11	1.58095406369582e-10
"hsa-miR-19a-3p"	575.830707576825	2.19945664154713e+173	609.015410724035	19.2636550613041	8.89319384515094e-11	1.58261709494913e-10
"hsa-miR-504-5p"	214.205077260342	3.03496354531876e+64	202.54838659667	19.2590595799345	8.91934349293606e-11	1.58359640256527e-10
"hsa-miR-151a-5p"	1102.80858087097	Inf	1139.09675873791	19.2120135141629	9.19186078514657e-11	1.6282118296091e-10
"hsa-miR-559"	76.4274685680207	1.01615634114145e+23	81.1787193935679	19.123362075646	9.73004340482903e-11	1.71957218698246e-10
"ebv-miR-BART8-5p"	84.5929914529878	2.91761410781632e+25	81.2742038038157	19.085046486817	9.97305930585914e-11	1.75846815806758e-10
"kshv-miR-K12-1-5p"	141.853069753279	5.03534199555211e+42	141.65995717252	19.072470640271	1.0054238787959e-10	1.76871586017536e-10
"ebv-miR-BART20-3p"	97.1561106239957	1.76564569503446e+29	102.860360951571	19.0105253089824	1.04646213716849e-10	1.83669670299367e-10
"hsa-miR-138-5p"	5110.87289817715	Inf	5328.88660622744	18.9870044200496	1.06251364627279e-10	1.8606117960987e-10
"ebv-miR-BART7-5p"	151.630611149659	4.41938886297813e+45	149.541179172843	18.9816903093366	1.06617675992898e-10	1.86277351905586e-10
"hsa-miR-802"	72.6226552684241	7.27105785951912e+21	77.6389005472655	18.9553204167512	1.08455617288601e-10	1.89057860137175e-10
"hsa-miR-143-5p"	91.1301209628294	2.70956714931025e+27	98.273115182909	18.9440053038847	1.09254692156636e-10	1.90018931710068e-10
"hcmv-miR-UL148D"	302.247850353798	9.67540340424149e+90	355.675392400862	18.9345357955682	1.09928300629306e-10	1.90757933444972e-10
"kshv-miR-K12-4-3p"	87.7812022587279	2.65934654796377e+26	87.0884964786146	18.8804039020498	1.13865751422489e-10	1.97144540273249e-10
"hsa-miR-320a-3p"	1606.26970824864	Inf	1559.47156270325	18.8701231716629	1.14630559669852e-10	1.97695966861391e-10
"hsa-miR-570-3p"	91.3260091299307	3.10361707396357e+27	88.3108318794433	18.8691967947167	1.14699746092984e-10	1.97695966861391e-10
"hsa-let-7i"	2642.27246280956	Inf	2563.83306866922	18.805462593545	1.19569353986086e-10	2.05627117729435e-10
"hsa-miR-493-5p&hsa-miR-493-3p"	110.631704158303	2.01122853955821e+33	118.361455453839	18.7117882788825	1.27134739686718e-10	2.18148423578776e-10
"hsa-miR-132-5p"	539.585446724307	2.70025443322014e+162	498.470074393589	18.6604929265339	1.31494436494963e-10	2.25125519624189e-10
"hsa-miR-340-3p&hsa-miR-340-5p"	1331.07175687097	Inf	1351.38214033976	18.6567064250449	1.31822574987731e-10	2.25184665958996e-10
"hsa-miR-16-5p"	4721.44271160577	Inf	4276.78003512272	18.6127172936669	1.35699931333887e-10	2.31292994073535e-10
"hsa-miR-296-5p"	167.292411045792	2.29104580280076e+50	146.060388721179	18.5783561359963	1.38813996901304e-10	2.36076132202439e-10
"hsa-miR-376a-5p"	606.359651835735	3.40755883353399e+182	542.93053521005	18.5186882206116	1.44405765356955e-10	2.45042526612356e-10
"hsa-miR-221-3p"	946.960350173306	1.15736436562059e+285	941.412730320287	18.448453295032	1.51300189970172e-10	2.56174935335811e-10
"hsa-miR-25-3p"	176.862054569524	1.74093886313219e+53	184.056564144243	18.4245365194375	1.53728086711379e-10	2.59712428430897e-10
"hsa-let-7a-5p"	10361.4253451975	Inf	10907.4302045561	18.4085598724533	1.55373282875644e-10	2.61424333707476e-10
"hsa-miR-518f-3p"	66.9970272914576	1.47270185905026e+20	70.035046098233	18.4055727951901	1.55682974234126e-10	2.61424333707476e-10
"hsa-miR-519e-5p"	470.658545873162	4.81215960779973e+141	534.363947993135	18.4047931770278	1.55763912000413e-10	2.61424333707476e-10
"hsa-miR-520a-5p"	147.275622834673	2.15963373745589e+44	144.649097067131	18.3904598972926	1.57260049483068e-10	2.63359078501121e-10
"hsa-miR-496"	84.2325003488737	2.27252785287556e+25	84.2131550204755	18.3506409010028	1.6149818109803e-10	2.69867330941588e-10
"hsa-miR-193a-3p"	240.91300853644	3.32691660859153e+72	249.479906192727	18.3267731354612	1.64097333350915e-10	2.73614466695982e-10
"hsa-miR-339-3p"	137.42605644978	2.34080468066248e+41	146.673752541195	18.2161783019116	1.76742494505296e-10	2.94059638363475e-10
"hsa-miR-581"	100.72292517441	2.09228927324111e+30	98.0959041834827	18.1943353188937	1.79361809923206e-10	2.97771662794587e-10
"hsa-miR-497-5p"	221.461633761666	4.64081921908476e+66	228.484528850944	18.1597839007842	1.83590730123617e-10	3.04134103682104e-10
"hsa-miR-25-5p"	307.176550997298	2.94683496878384e+92	321.700316726833	18.1453762538273	1.85385738846232e-10	3.06445822618663e-10
"hsa-miR-100-5p"	3260.39300925424	Inf	3336.44216472666	18.1391457867031	1.86167815872659e-10	3.07076805966299e-10
"ebv-miR-BART18-3p"	158.828358709026	6.48784003768333e+47	154.880765346862	18.1215354359493	1.88397608306931e-10	3.10087908951536e-10
"hsa-miR-302c-3p"	104.083040545635	2.14841039065245e+31	99.7942905144328	18.1015583679998	1.9096191063213e-10	3.13635514892599e-10
"hsa-miR-374b-3p"	547.020166233614	4.6717357484664e+164	517.653399410659	18.0649287228518	1.9576185854557e-10	3.20831934838573e-10
"hsa-miR-633"	86.1332954490904	8.4860493992079e+25	81.5990198325381	18.0112941858463	2.03025815074346e-10	3.3202729245634e-10
"hsa-miR-150-5p"	225.215448803035	6.26045036469141e+67	233.411999974631	17.9769028091521	2.07835834721822e-10	3.39170394109867e-10
"hsa-miR-181a-2-3p"	140.058199215944	1.45117271001442e+42	156.235950265265	17.9472745245719	2.12078046491423e-10	3.4535851732255e-10
"hsa-miR-577"	72.1689565117768	5.30909706859904e+21	59.4440674491863	17.920395204877	2.1600732004689e-10	3.51011895076197e-10
"hsa-miR-18a-5p"	186.088027349506	1.04250480688935e+56	202.525198983767	17.9172614933886	2.16470485607977e-10	3.51020850869595e-10
"hsa-miR-101-3p"	3016.50518018693	Inf	3093.24494277262	17.8725414391211	2.23197875493796e-10	3.61166182497345e-10
"hsa-miR-299-5p"	257.944463597452	4.45677550262077e+77	231.665765954079	17.8505720023743	2.2658490349002e-10	3.65874991530202e-10
"hsa-miR-223-3p"	416.428397577549	2.27739685792797e+125	405.868528584703	17.7812412241516	2.37641239890546e-10	3.82921913857245e-10
"hsa-miR-369-3p"	237.238305383496	2.60522982221296e+71	229.320333484794	17.6864480140095	2.53707365108799e-10	4.07924504868231e-10
"hsa-miR-32-5p"	215.175538221532	5.9469096144968e+64	218.416003184348	17.6835219098462	2.54221529761427e-10	4.07924504868231e-10
"hsa-miR-129-5p"	1579.99389632474	Inf	1538.90689946182	17.6783949190466	2.55125131223763e-10	4.08519782147445e-10
"hsa-miR-486-5p"	240.907987821773	3.31535874823145e+72	254.666178939131	17.6735525855939	2.55981736890965e-10	4.09037483740354e-10
"hsa-miR-140-5p"	416.887707815802	3.13115723031125e+125	398.933501021339	17.6581521849317	2.58726689256377e-10	4.12494116336499e-10
"hcmv-miR-US33-5p"	85.9998452617604	7.73629543403256e+25	89.5390244117583	17.6554000539163	2.5922055289986e-10	4.12494116336499e-10
"hsa-miR-331-3p"	1187.23762385191	Inf	1166.8562723154	17.6199375954635	2.65675743824259e-10	4.21890880979723e-10
"hsa-miR-301a-3p"	815.528451750027	3.15156518452438e+245	776.115892650566	17.5920147411946	2.7088018108369e-10	4.29266733246261e-10
"hsa-miR-142-5p"	303.014491612809	1.64608059920381e+91	302.774750306233	17.5188506706918	2.85044301852485e-10	4.50781401073931e-10
"hsa-miR-335-3p"	126.46205384805	1.17184864324017e+38	110.417603694948	17.3514595704075	3.20537388225884e-10	5.05868676479945e-10
"hsa-miR-27b-3p"	2525.74914673939	Inf	2528.74076770461	17.2300076377658	3.4925543025207e-10	5.50059373723486e-10
"hsa-miR-491-3p"	2068.73564620703	Inf	2449.38321849225	17.1227845232415	3.76915594266351e-10	5.92406272135843e-10
"hsa-miR-654-3p"	287.288804347891	3.03771850745692e+86	270.29358193653	17.1105918165843	3.8020711027342e-10	5.96357573782644e-10
"hsa-miR-526b-3p"	103.287138532476	1.23744773357594e+31	114.518245191274	17.0862693176661	3.86865879698235e-10	6.05563530058257e-10
"hsa-miR-383-5p"	239.442317893594	1.20038322396004e+72	238.713909876766	17.0575407305293	3.94892889262567e-10	6.16869340253339e-10
"hsa-miR-636"	126.58469619018	1.27582334692129e+38	126.51172502368	17.0367946212743	4.00800847026509e-10	6.24825710710026e-10
"hsa-miR-376c-3p"	733.858635513591	8.19335677985608e+220	721.977249617647	16.9835783551299	4.16394583339537e-10	6.47818753390315e-10
"hsa-miR-136-3p"	493.010667706926	2.57631618649164e+148	492.399844503859	16.9405709683406	4.29473666841481e-10	6.66814377464404e-10
"hsa-miR-650"	94.1212203165336	2.15432163925765e+28	99.4728808475939	16.9210152208887	4.35566341254828e-10	6.7490784594435e-10
"hsa-miR-187-3p"	98.6416017781786	4.94402838595192e+29	100.066671911154	16.9033870955336	4.41138167167609e-10	6.8216325447088e-10
"hsa-miR-598-3p"	335.844956989386	1.25720455626377e+101	325.573537392489	16.8922796750839	4.44688290494549e-10	6.86269454344706e-10
"hsa-miR-361-5p"	1563.68927559595	Inf	1453.77074883972	16.8817029054854	4.48097382404421e-10	6.90141952418054e-10
"hsa-miR-133a-3p"	260.685607119803	2.97980044679818e+78	236.248718948023	16.8329406851378	4.64181978832877e-10	7.13482119769171e-10
"hsa-miR-19b-2-5p"	101.689760593978	4.08948096144832e+30	99.1865550020719	16.765399469186	4.87494892562341e-10	7.47817165190631e-10
"hsa-miR-154-3p"	235.661185285071	8.73143418028752e+70	221.769984426321	16.7097520373545	5.07649002371693e-10	7.77179211215745e-10
"hsa-miR-649"	111.724371165427	4.28930538256732e+33	106.25161581149	16.6586688691633	5.26940331649201e-10	8.05106044571588e-10
"hsa-miR-218-5p"	508.860876746493	1.52190491840206e+153	497.821086121035	16.5932517039032	5.52804096451932e-10	8.42943821031077e-10
"hsa-miR-452-3p"	81.3284178413898	3.03594060054292e+24	72.2635097098322	16.5789896451693	5.58622143560821e-10	8.501253652999e-10
"hsa-miR-296-3p"	150.848627714244	2.57016938869486e+45	157.780199414796	16.56277578324	5.6531649758116e-10	8.5860941315792e-10
"hsa-let-7a-3p"	147.653017339912	2.8053507580526e+44	123.621785933193	16.5436498816704	5.73324265109336e-10	8.6905081292265e-10
"hsa-miR-127-5p"	338.861825811459	1.01759263424249e+102	330.590983815426	16.5177022438037	5.84383792535081e-10	8.84067788706917e-10
"hsa-miR-519a-3p"	120.128022693093	1.45257361228332e+36	114.541592651654	16.4911566732767	5.95935968795941e-10	8.99769464697809e-10
"hsa-miR-516a-5p"	428.262124106926	8.31276231429603e+128	447.769404143635	16.4866863715964	5.97905411488435e-10	9.00969451103398e-10
"hsa-miR-578"	112.380229359634	6.75802753360076e+33	101.898983379022	16.4771982947368	6.02108723881202e-10	9.0552429650369e-10
"hsa-miR-365a-3p"	671.172326629649	1.10408516644992e+202	651.615203836073	16.43207229492	6.22539613255845e-10	9.34418558448596e-10
"hsa-miR-622"	179.194644044433	8.76925945539824e+53	181.891871461184	16.4036270821588	6.35800457863802e-10	9.52458889026437e-10
"hsa-miR-643"	118.121909845411	3.61607982184256e+35	104.322710610159	16.3809209997476	6.4660377795058e-10	9.66754576390049e-10
"hsa-miR-17-3p"	145.91494812827	8.40961671400368e+43	133.38629179556	16.3535113675802	6.59908649620912e-10	9.84727498558831e-10
"hsa-miR-585-3p"	131.841697025584	4.8787153963264e+39	142.497002660645	16.3080322218303	6.82638464439556e-10	1.01666738296144e-09
"hsa-miR-139-5p"	367.691080881557	4.85338209329186e+110	327.688763560554	16.2745084424063	6.99931675141344e-10	1.04040231556863e-09
"ebv-miR-BART2-5p"	94.8286292375748	3.51772469997512e+28	87.5348793594873	16.1620565856911	7.61466585103651e-10	1.12780090303015e-09
"hsa-miR-432-5p"	395.192482665225	9.22128284035926e+118	386.880193251751	16.1617013168116	7.61669971016452e-10	1.12780090303015e-09
"hsa-miR-599"	74.4351869640514	2.55401832528457e+22	78.2406230788918	16.0890727417934	8.0450122585139e-10	1.18892570371487e-09
"hsa-miR-193b-5p"	255.584075170856	8.67906698903881e+76	260.4743270723	16.0364139188216	8.3717251536597e-10	1.23482946016481e-09
"hsa-miR-19b-3p"	621.861137280335	1.5807218594574e+187	654.56442402047	16.0170638293123	8.4953396657009e-10	1.25065749013293e-09
"hsa-miR-100-3p"	56.4630155061146	99325626480947920	61.2057907297895	15.9928109731939	8.65305290977093e-10	1.27143516892611e-09
"hsa-miR-934"	590.889348592484	7.50616392625694e+177	599.444276248905	15.955710891187	8.9004323335081e-10	1.30528328868082e-09
"hsa-miR-9-5p"	8013.55530671628	Inf	7355.92198629053	15.9202450104911	9.14403545984071e-10	1.33707301760513e-09
"hsa-miR-339-5p"	247.558347023162	3.33033660553054e+74	260.172023658842	15.9190934498608	9.15206433171697e-10	1.33707301760513e-09
"hsa-miR-193b-3p"	448.08249650336	7.6961226367369e+134	444.842088110872	15.8769406203165	9.45124078202774e-10	1.37815621289264e-09
"hsa-miR-92b-3p"	372.085260936086	1.02052696927164e+112	351.529157566956	15.8720481286638	9.48664007305005e-10	1.38069315674182e-09
"hcmv-miR-US25-2-3p"	83.1924868313337	1.10518237440105e+25	85.1436566943599	15.7728268338042	1.0236186309018e-09	1.48696115511682e-09
"hsa-miR-20a-5p"	1684.4855253411	Inf	1490.8540883286	15.7216282668175	1.06476460239091e-09	1.54380803409041e-09
"hsa-miR-487b-3p"	1259.01879723625	Inf	1137.81507528247	15.7052316941205	1.07831491344632e-09	1.56050478983647e-09
"hsa-miR-141-5p"	115.61214339264	6.34925872139993e+34	106.2692630205	15.6718640859024	1.10646620544392e-09	1.598228963419e-09
"hsa-miR-647"	172.171725385913	6.7430091093824e+51	164.742386546892	15.6557894267631	1.1203090115671e-09	1.61518235314279e-09
"hsa-miR-891b"	99.8093735807927	1.11074737677311e+30	91.2531987719056	15.5755123110446	1.19228338863985e-09	1.7157248763354e-09
"hsa-miR-204-5p"	491.348950414246	8.14277458951771e+147	408.233639955892	15.4918969514983	1.27256647143086e-09	1.82626860798909e-09
"hsa-miR-671-5p"	253.340133447991	1.83222697752789e+76	265.203971950758	15.4901638350962	1.27429078414272e-09	1.82626860798909e-09
"hsa-miR-891a-5p"	336.996038842944	2.79200448551232e+101	335.507803650524	15.4882026095811	1.27624507676943e-09	1.82626860798909e-09
"hsa-miR-432-3p"	93.6947412566463	1.60297797152861e+28	97.8285276397939	15.4600976122002	1.30460743405975e-09	1.86337784343357e-09
"hsa-miR-412-3p"	123.348769447539	1.3541897802317e+37	121.231758168869	15.4344339910512	1.33109839299978e-09	1.89768116622831e-09
"hsa-miR-329-3p"	663.079122227227	4.04301440722429e+199	614.462695291715	15.3958134671803	1.37205965811872e-09	1.95244853019862e-09
"hsa-miR-487a-3p"	385.977661151735	1.5518640156464e+116	355.479923533708	15.3440598707358	1.42908763980454e-09	2.0298337402409e-09
"hsa-miR-155-5p"	190.359545655087	2.01341455194537e+57	193.693424141724	15.3350698825371	1.43925097811788e-09	2.03712146587949e-09
"hsa-miR-216b-5p"	98.978260011785	6.24345782216306e+29	96.4577006300991	15.3348236640609	1.43953042308563e-09	2.03712146587949e-09
"hsa-miR-625-3p"	729.108961770837	3.04556308956931e+219	724.42414064275	15.2687008629336	1.51672978056293e-09	2.14241573055574e-09
"hsa-miR-29b-1-5p"	164.954903017924	4.53287497136868e+49	147.405267098198	15.2642368172272	1.52209959485313e-09	2.14604850965505e-09
"hsa-miR-196a-3p"	197.16572348643	2.25318518073817e+59	237.717628973592	15.2606115900385	1.52647542652475e-09	2.14826908650363e-09
"hsa-miR-342-3p"	2182.00714467203	Inf	2054.83230142897	15.2532736110809	1.53537417437824e-09	2.15683514972181e-09
"hsa-miR-519d-3p"	4649.98181331477	Inf	4251.51201394362	15.1957120046095	1.60714384425153e-09	2.25352710884996e-09
"hsa-miR-554"	81.7822220589933	4.15816723324008e+24	93.5550062838009	15.1917072456766	1.6122695319444e-09	2.25658892518495e-09
"hsa-miR-133b"	329.822503533616	1.93404604155816e+99	302.11233036967	15.1583688408618	1.65562755171971e-09	2.31305342835887e-09
"hsa-miR-936"	118.533105467583	4.80861741494475e+35	130.060753579135	15.144035673561	1.67465217519442e-09	2.33537857886204e-09
"hsa-miR-129-2-3p"	5915.12736053871	Inf	5535.04402233514	15.1068669963157	1.72508995205866e-09	2.40135025994373e-09
"ebv-miR-BART2-3p"	2362.80866981221	Inf	2222.00907657496	15.0653678341348	1.78334010415399e-09	2.47793815196759e-09
"hsa-miR-324-5p"	279.547507091512	1.41966164001972e+84	273.060824758035	15.051497948948	1.80327698727973e-09	2.50110931147116e-09
"hsa-miR-489-3p"	73.4591193548277	1.29836972702479e+22	69.2401621550147	15.0314206043462	1.83256209976828e-09	2.53713922476944e-09
"hsa-miR-505-5p"	386.785191985901	2.71609318853296e+116	377.964983191481	15.0211666864729	1.84771542915535e-09	2.55350943092279e-09
"hsa-miR-498-5p"	422.235422980641	1.27505097897861e+127	446.051844792728	14.998757244803	1.88130306893783e-09	2.59525081632251e-09
"hsa-miR-924"	87.4478384766982	2.11068020661359e+26	84.4946613617368	14.9903257922712	1.89410964000964e-09	2.60822638040825e-09
"hsa-miR-127-3p"	450.163265151147	3.25571032279065e+135	442.213248528425	14.9448913487902	1.96475228326415e-09	2.70065412412832e-09
"hsa-miR-146b-5p"	1129.80640490613	Inf	1036.17259887803	14.9130324553042	2.01597356823059e-09	2.76610326803732e-09
"hsa-miR-520d-5p"	3112.07530327512	Inf	3435.7935745883	14.8744146216549	2.0799932911727e-09	2.84884795415976e-09
"hsa-miR-184"	519.697276516463	2.7827160718224e+156	533.569212968445	14.8696186280617	2.08809523478448e-09	2.85484678267325e-09
"hsa-miR-518a-3p"	182.993746408367	1.22069365688718e+55	179.167254150147	14.8378654356055	2.14259936858509e-09	2.92415251904762e-09
"hsa-miR-516b-5p"	266.837022789035	2.11810659850168e+80	279.37568524523	14.7397057922911	2.3209811611788e-09	3.16197611123293e-09
"hsa-miR-7-5p"	4005.74874462548	Inf	3692.05899823489	14.6220866741965	2.5560052845439e-09	3.47598591000917e-09
"hcmv-miR-US5-1"	88.7403028244203	5.17002894389761e+26	92.4483330042423	14.5311702788722	2.75517420684112e-09	3.74020994096838e-09
"hsa-miR-154-5p"	725.138281897465	1.94255737714801e+218	716.709285470498	14.515031455986	2.79224029878786e-09	3.78383093492984e-09
"hsa-miR-200b-5p"	352.874931534238	1.68243815804851e+106	370.352555837428	14.4897553980072	2.85137272672976e-09	3.85714793898012e-09
"hsv1-miR-H1-5p"	204.272895225563	3.10648144573232e+61	210.254000403846	14.470589954178	2.89710607891827e-09	3.91211331431393e-09
"hsa-miR-575"	118.808841434345	5.82136756542678e+35	112.397463514789	14.4210962460532	3.01889527725396e-09	4.06940716635112e-09
"hsa-miR-145-5p"	485.495571945162	1.40841265128797e+146	462.142519164208	14.4001863872179	3.0719908847248e-09	4.13371405014723e-09
"hsa-miR-181a-5p"	2163.06416719882	Inf	2436.068033003	14.3072670826529	3.32037384813093e-09	4.46011688531772e-09
"hsa-miR-149-5p"	709.914542794177	5.07658589914541e+213	697.051916202975	14.2668690395784	3.43501582932565e-09	4.60604395295939e-09
"hsa-miR-668-3p"	237.901254722329	4.12490240403479e+71	247.381875303577	14.244567400869	3.50011919212243e-09	4.68515082086894e-09
"hsa-miR-374a-5p"	1614.61068559827	Inf	1471.46187290423	14.1924445707589	3.65750384572982e-09	4.88729172417207e-09
"hsa-miR-411-3p"	287.954680692575	4.81943669805553e+86	269.285231241492	14.1781454145162	3.70199693463836e-09	4.93814199803065e-09
"hsa-miR-302d-5p"	2202.53787992572	Inf	2279.82566550548	14.1564311950886	3.77067814480785e-09	5.02102454352018e-09
"hsa-miR-191-5p"	2735.5686901047	Inf	2644.78799314129	14.0609209123464	4.08944478493522e-09	5.43605571931597e-09
"hsa-miR-545-5p"	86.656226155727	1.21933596546394e+26	84.1417399878948	14.0358746763007	4.17774584186157e-09	5.54382536454641e-09
"hsa-miR-597-5p"	91.9368121697466	4.73956156356124e+27	95.5722725325726	14.0210536226936	4.2309605558383e-09	5.60474394875298e-09
"hsa-miR-634"	1816.002081471	Inf	1936.15831423882	13.9905131841825	4.34292525171289e-09	5.74314425528239e-09
"hsa-miR-377-3p"	1100.63859692166	Inf	1058.35918117066	13.9803042254049	4.38105878090585e-09	5.78360083468982e-09
"hsa-miR-379-3p"	211.886428773583	6.08374125482263e+63	204.916869539582	13.9477211900282	4.5051911109356e-09	5.93725357747011e-09
"hsa-miR-920"	360.349426920392	2.9921710958069e+108	365.168164366814	13.9392507618796	4.53807612133076e-09	5.9703334220595e-09
"hsa-miR-323a-3p"	248.941676517173	8.68783976863818e+74	243.919440950253	13.9247370290842	4.59502408244429e-09	6.03490320416913e-09
"hsa-miR-190a-5p"	480.15530843779	3.47656550777021e+144	419.528493609815	13.9004725524403	4.69195264549911e-09	6.15167124632105e-09
"hsa-miR-553"	178.78248316627	6.59007158760572e+53	182.158949101892	13.844934540683	4.92217315053910e-09	6.44250308270219e-09
"hsa-miR-31-5p"	271.368217281426	4.89748677111003e+81	259.125557185838	13.8112125837674	5.06785769417729e-09	6.62188560721292e-09
"hsa-miR-509-3-5p"	153.076024043945	1.20357970011802e+46	162.738542317912	13.8037770076113	5.10059964756278e-09	6.6533332137426e-09
"hsa-miR-766-3p"	416.999572670896	3.38360418155866e+125	433.995947485252	13.7916108585912	5.154663239182e-09	6.71243922657487e-09
"hsa-miR-582-5p"	308.8982565937	9.71943104557941e+92	274.203658347676	13.7744040324055	5.23217971539675e-09	6.80183363001577e-09
"hsa-miR-510-5p"	401.696563415173	8.36979349840796e+120	422.500368805804	13.740285723352	5.38960925879786e-09	6.99463671996271e-09
"hsa-miR-29c-5p"	348.488851051971	8.04632038474307e+104	356.323769266399	13.7275084295555	5.44986933939359e-09	7.04929806534489e-09
"hsa-miR-568"	65.6500779486463	57895216220151701504	76.0112980921654	13.7274578751869	5.45010919524058e-09	7.04929806534489e-09
"hsa-miR-494-3p"	1486.12604629453	Inf	1737.36931801181	13.6567689740748	5.79684929433351e-09	7.48515725379428e-09
"ebv-miR-BART18-5p"	110.672170818291	2.06844082814438e+33	96.3089452252447	13.6333418454181	5.9169302433321e-09	7.62737058258104e-09
"hsa-miR-130a-3p"	1548.63042452721	Inf	1423.08908376929	13.6225631661046	5.97307348583428e-09	7.68322737067431e-09
"ebv-miR-BART7-3p"	79.940743041505	1.16027659333919e+24	88.300442215739	13.6211845245081	5.9802956196774e-09	7.68322737067431e-09
"hsa-miR-203a-3p"	170.045175494101	1.54418184335425e+51	159.567128952201	13.5955956039118	6.11606167296484e-09	7.83184166029358e-09
"hsa-miR-509-5p"	597.631282031561	8.03419259922861e+179	588.511497627246	13.5955339717923	6.11639263952523e-09	7.83184166029358e-09
"hsa-miR-107"	1920.04904177667	Inf	1883.31575974678	13.4145536767869	7.17649581470295e-09	9.17395381646194e-09
"hsa-miR-128-3p"	4464.188928961	Inf	4448.89170697688	13.3953113184503	7.30031120835536e-09	9.3167033224768e-09
"hsa-miR-708-5p"	1108.21448036501	Inf	986.783237961485	13.3849908817569	7.36766151633364e-09	9.38703718110948e-09
"hsa-miR-513a-5p"	369.551596931582	1.7624451985723e+111	407.874611322473	13.3208274483515	7.80164218100506e-09	9.92348184549068e-09
"hsa-miR-98-5p"	963.959162368643	1.51573216959245e+290	893.712541745883	13.2662018591424	8.19276138517614e-09	1.04037218252154e-08
"hsa-miR-34a-5p"	1479.71763507097	Inf	1380.30235405432	13.2544306921527	8.27976901903332e-09	1.04968311365265e-08
"hsa-miR-136-5p"	609.979375874932	4.18879276502886e+183	639.324123770301	13.2196840278865	8.54243838722648e-09	1.08119640973642e-08
"hsa-miR-99a-5p"	1074.31158733129	Inf	1039.67909466241	13.2071191878023	8.63961349033294e-09	1.09169415932214e-08
"hsa-miR-555"	72.038070640496	4.84864170336453e+21	78.6599941451208	13.193890394212	8.74320726422423e-09	1.10218580078497e-08
"hsa-miR-1-3p"	891.712963416654	2.70613532734374e+268	755.224685674578	13.1928534086247	8.75138399840999e-09	1.10218580078497e-08
"hsa-miR-607"	79.2349445438826	7.11369125928842e+23	73.7330564614288	13.1197399412264	9.34910904609288e-09	1.17553551448414e-08
"hsa-miR-495-3p"	440.945640892029	5.46845151376402e+132	396.0065070898	13.1046204559832	9.47810023551135e-09	1.18980407211738e-08
"hsa-miR-222-3p"	3912.28470366426	Inf	3608.45053871074	13.0966157465267	9.54716434016521e-09	1.19651553086711e-08
"hsa-miR-625-5p"	654.279086617283	9.07048704619119e+196	685.421769254714	13.0928008466221	9.5802689366061e-09	1.19870575438448e-08
"hsa-miR-129-1-3p"	7300.8069349426	Inf	6475.10756354665	13.0345581422578	1.01012798538382e-08	1.26183740193712e-08
"hsa-miR-30e-5p"	1466.05193008194	Inf	1367.88537525065	12.9948778185391	1.04736140673212e-08	1.30622146172932e-08
"hsa-miR-15a-3p"	76.5547194464186	1.1098565846731e+23	68.1166652465251	12.9830862124701	1.05870777442442e-08	1.31822867367456e-08
"kshv-miR-K12-3-5p"	223.71704888609	2.21585968532435e+67	260.390145144545	12.8925974172017	1.15029798473428e-08	1.4299490345076e-08
"hsa-miR-448"	103.062999384732	1.05938606965365e+31	94.5654637294072	12.8706939222964	1.17372333547338e-08	1.45670841150176e-08
"hsa-let-7f-5p"	427.075024505737	3.65083978963944e+128	370.488146059091	12.8283659712531	1.22045560469838e-08	1.51226082197683e-08
"hsa-miR-198"	295.823749014764	1.1267352545423e+89	289.541179236488	12.8067814542056	1.24505134173442e-08	1.540248998565e-08
"ebv-miR-BART16"	456.184063232441	2.11391040701378e+137	453.02544908054	12.7636619854521	1.29579371207099e-08	1.60044086498945e-08
"hsa-miR-211-5p"	109.406855246764	8.60488678262029e+32	108.741286244007	12.7396299970318	1.32503359456882e-08	1.63392406275609e-08
"hsa-miR-619-3p"	83.6425675966006	1.50980813452812e+25	78.2725133783008	12.7207485222947	1.3485033913379e-08	1.66019598901472e-08
"hsa-miR-517c-3p"	101.194192606913	2.90059678775156e+30	89.230196366508	12.6648855195673	1.42059205773192e-08	1.74614440429549e-08
"ebv-miR-BART8-3p"	405.397652108102	1.08856271833218e+122	404.020532650542	12.5907838172015	1.52266504767708e-08	1.86861454650932e-08
"hsa-miR-491-5p"	422.425736599801	1.45484811937578e+127	404.066344338972	12.5379977848842	1.60016345145999e-08	1.96058365378564e-08
"hsa-miR-411-5p"	567.138425151069	5.31713471939046e+170	505.113859617466	12.3873254399124	1.8456003735451e-08	2.25769615073221e-08
"hsa-miR-630"	383.827082355429	3.49514290373594e+115	392.648299159179	12.3718340758431	1.87303593008187e-08	2.28760916938342e-08
"hsa-miR-524-5p"	304.529954342994	4.70598821681011e+91	291.672144061073	12.3366238598248	1.93703489002806e-08	2.36201233807873e-08
"hsa-miR-628-3p"	3977.82167833707	Inf	3953.04129763616	12.2876774810959	2.02992752797683e-08	2.47135621263211e-08
"hsa-miR-514a-3p"	251.50788726912	5.14538900417652e+75	256.583197628955	12.2838623771583	2.03736611981791e-08	2.47648148003223e-08
"hsa-miR-30d-5p"	1631.52198027298	Inf	1608.21336344696	12.2778165050598	2.04921415394265e-08	2.4869418608766e-08
"hsa-miR-483-5p"	308.300402298869	6.42197731649634e+92	327.483548496165	12.2504791208075	2.10371720940818e-08	2.54905386985162e-08
"hsa-miR-654-5p"	98.6239914944016	4.88404584552551e+29	111.189627646127	12.2045088304558	2.19890594562962e-08	2.66019063138473e-08
"hsa-miR-126-5p"	523.387386323251	3.59172134378999e+157	448.477689323366	12.1903671990276	2.22910968363285e-08	2.69248366511244e-08
"hsa-miR-520d-3p"	116.959540731693	1.61558584459538e+35	100.997839861841	12.1353321517088	2.35095836459299e-08	2.83519664409248e-08
"ebv-miR-BART11-5p"	98.1008670902646	3.39862771623181e+29	86.4168711361078	12.0355673323538	2.59043495120511e-08	3.1190951453286e-08
"hsa-miR-888-5p"	53.2130146652455	10440314321235196	79.2417451720349	12.0160108995691	2.64037502575557e-08	3.17424395729549e-08
"hsa-miR-92a-2-5p"	92.9502636557213	9.56791845438162e+27	100.158111386004	11.9734227091157	2.75273841234142e-08	3.30414767177757e-08
"hsa-miR-490-3p"	367.450359981041	4.10752553362007e+110	378.039654048181	11.9561143111637	2.79986037370334e-08	3.3554576666101e-08
"hsa-miR-549a-3p"	908.69229937558	3.49654354281736e+273	912.427419328779	11.9502824020489	2.81593192395666e-08	3.36945364379837e-08
"hsa-miR-30c-2-3p"	1980.70774668698	Inf	1881.72423593002	11.9046177007192	2.9452475447355e-08	3.5186991694893e-08
"hsa-miR-185-5p"	2692.60471455656	Inf	2755.25172131081	11.8529093772273	3.09940877435078e-08	3.69711746489432e-08
"hsa-miR-143-3p"	3690.24119471318	Inf	3238.57282866507	11.835690849153	3.15264572832997e-08	3.75478148079051e-08
"hsa-miR-379-5p"	840.202016712098	8.43353104002145e+252	749.11005434404	11.8320528148368	3.16401892624056e-08	3.76248452159148e-08
"hsa-miR-602"	175.129051184767	5.23718021807391e+52	216.106808600028	11.6360293471467	3.84690178317615e-08	4.5674514979816e-08
"hsa-miR-181b-5p"	639.7224006457	3.76384293918626e+192	646.029504271377	11.6227999332029	3.89836319962114e-08	4.62139810526958e-08
"hsa-miR-642a-5p"	3198.65176181966	Inf	3821.15569416816	11.5961791072224	4.00416644918839e-08	4.73949948538194e-08
"hsa-miR-579-3p"	40.3852488958862	1436055749245.26	66.5374227995681	11.5844213960785	4.05187322010353e-08	4.78857744194054e-08
"hsa-miR-302a-5p"	101.273166870681	3.06380403616625e+30	87.9118302588508	11.5739171718613	4.09500947874706e-08	4.8293789124739e-08
"hsa-miR-628-5p"	270.428246963352	2.55278365681303e+81	233.665708217644	11.5729537399336	4.09899044591983e-08	4.8293789124739e-08
"hsa-miR-744-5p"	2402.25850740739	Inf	2169.44473599164	11.5516220583638	4.18820565090969e-08	4.92692290528793e-08
"hsa-miR-648"	64.7291462210548	30578389356596224000	88.133937586334	11.5136974891185	4.35199788844102e-08	5.11176474798508e-08
"hsa-miR-564"	65.1270123600849	40288792228233699328	75.2089633893398	11.4415306006822	4.68295233348014e-08	5.49208629935668e-08
"hsa-miR-21-5p"	642.033354070989	1.86765989075667e+193	679.41593137199	11.3508759399856	5.13740703729866e-08	6.01586442382912e-08
"hsa-miR-33a-5p"	577.237167079551	5.83044768696376e+173	596.156758349321	11.2405182832608	5.75537402393359e-08	6.72922542127601e-08
"hsa-miR-222-5p"	94.3074195422144	2.45110601586278e+28	95.0362707561656	11.2299468321979	5.81862101634441e-08	6.78530637017362e-08
"kshv-miR-K12-8-3p"	258.746642636114	7.77142590758404e+77	276.794440065571	11.2295462764397	5.82103206202639e-08	6.78530637017362e-08
"hsa-miR-576-3p"	1448.20400021751	Inf	1330.28935313762	11.1588122405979	6.26405918906706e-08	7.29064248560612e-08
"hsa-miR-181c-3p"	91.5254227590657	3.56367110985255e+27	93.4195583051597	11.1266307460433	6.47745740434404e-08	7.52759065019982e-08
"hsa-miR-144-3p"	585.06344647948	1.32326479034946e+176	540.272890840027	11.0731570730646	6.84945912494053e-08	7.94785952924265e-08
"hsa-miR-141-3p"	119.021661532548	6.74668222654217e+35	107.14747901532	11.0498428310722	7.01875691692505e-08	8.13200385994186e-08
"hsa-miR-29b-3p"	4785.66907524906	Inf	5065.66007553831	11.0307797016136	7.16051633578605e-08	8.28373458453681e-08
"hsa-miR-409-3p"	218.762338759173	7.14538918178276e+65	227.188560361079	10.9069370002434	8.1594979409528e-08	9.42520319384156e-08
"hsa-miR-557"	217.144971080135	2.32889389655731e+65	247.365405471042	10.7878991174343	9.26152867291192e-08	1.0682093973118e-07
"hsa-miR-30b-5p"	4086.101332358	Inf	3789.59369159525	10.7045726270757	1.01272692533835e-07	1.16630863623801e-07
"kshv-miR-K12-7-3p"	94.5210776722408	2.84236339706856e+28	88.4880997256448	10.6885405753524	1.03035672003597e-07	1.18483298990643e-07
"hsa-miR-153-3p"	1326.62126003842	Inf	1074.93262967399	10.6849811846786	1.03431524229279e-07	1.18760447730324e-07
"hsa-miR-640"	134.140694789821	2.40089280954567e+40	145.634898095638	10.6742065793857	1.04639763239209e-07	1.19968159050035e-07
"hsa-miR-95-3p"	738.419508031765	1.93384339289804e+222	625.686923418624	10.6385387004922	1.08748497114376e-07	1.24492682517502e-07
"hsa-miR-126-3p"	6380.34045293219	Inf	5818.65748848948	10.5580306433956	1.18671333852269e-07	1.35649646892236e-07
"hsa-miR-30d-3p"	110.682769705341	2.08369276837641e+33	102.549864065235	10.5403305846441	1.20980313934915e-07	1.38083185696547e-07
"hsa-miR-146b-3p"	741.772450887896	1.97586684775015e+223	695.874880181348	10.442145033039	1.34693315522935e-07	1.53506349191814e-07
"hsa-miR-518b"	390.075081803986	2.65644105799545e+117	416.523105979083	10.3169664832928	1.54636745713927e-07	1.75973863445967e-07
"hsa-miR-627-5p"	96.4984442234892	1.11924779168434e+29	105.202514540581	10.2322980222045	1.69904588135704e-07	1.93061954222348e-07
"hsa-miR-614"	92.8102887692556	8.68322042462634e+27	98.239110184695	10.1971470135409	1.76710189651751e-07	2.0049809979718e-07
"hsa-miR-151a-3p"	480.175159252458	3.52473205151891e+144	523.995732704114	10.1389305454692	1.88631292028675e-07	2.13707830112251e-07
"hsa-miR-137-3p"	463.891438988144	4.4181236587113e+139	470.01791361142	10.1119966956622	1.94435142888874e-07	2.1995834011175e-07
"hsa-miR-92a-3p"	110.499060752769	1.83455940516657e+33	125.358700049161	10.0520641142814	2.08046624194813e-07	2.35009956932874e-07
"hsa-miR-26a-2-3p"	125.739467964141	7.10152296865313e+37	126.641432889542	10.0496136378759	2.08624417988581e-07	2.35316071466532e-07
"hsa-miR-454-3p"	94.1325510143407	2.17130795599355e+28	95.2823673604725	9.98812160027935	2.23700185348404e-07	2.51950135333665e-07
"hsa-miR-922"	249.40595898462	1.19860132019084e+75	207.987222360785	9.97522320380085	2.27007896403906e-07	2.55300669416123e-07
"hsa-miR-653-5p"	97.6127177536123	2.42301443881725e+29	94.6066414355816	9.93605887893727	2.37375925741427e-07	2.66570036667166e-07
"hsa-miR-187-5p"	493.54533132934	3.73206285992056e+148	593.415603572588	9.88891832849556	2.50531687500811e-07	2.80932462446085e-07
"hsa-miR-620"	4786.59721472236	Inf	4807.54228272717	9.74767042649939	2.94838228717267e-07	3.30132732008969e-07
"hsa-miR-195-3p"	276.507304638358	1.72580894779556e+83	277.718616490003	9.72896644144387	3.01306661713274e-07	3.36883687367466e-07
"hsa-miR-195-5p"	2637.66991373574	Inf	2556.36671804846	9.7254919888982	3.02524860602958e-07	3.37753374210289e-07
"hsa-miR-513a-3p"	103.280583287638	1.23183783572008e+31	106.577358385388	9.58499273204309	3.56478881875358e-07	3.97411776741859e-07
"hsa-miR-638"	422.766037963584	1.84186830701308e+127	432.070528680768	9.56921137134326	3.6315331221422e-07	4.04265007936585e-07
"hsa-miR-106a-3p"	93.3551325061931	1.26676231066657e+28	86.8429907544191	9.52521100503465	3.82477716733912e-07	4.25160012659291e-07
"hsa-miR-29c-3p"	3780.81881573518	Inf	3902.74501447799	9.51121674811362	3.88851892369141e-07	4.31619973150696e-07
"hsa-miR-10a-3p"	95.9411890788252	7.60633996702376e+28	105.645787530654	9.32701439682674	4.84209737027802e-07	5.36689116040931e-07
"hsa-miR-302b-3p"	116.036649585948	8.52142295441077e+34	100.126800415859	9.17441230883496	5.82154544153435e-07	6.44318232850916e-07
"hsa-miR-943"	495.198416125034	1.17375392874145e+149	567.97572084201	9.14994866118934	5.99732628180393e-07	6.62816895986112e-07
"hsa-miR-658"	3976.34760672565	Inf	3950.34127593659	8.97317458624244	7.44895793153529e-07	8.22064853739219e-07
"hsa-miR-548d-5p"	133.202370594655	1.25287874793281e+40	141.474681652983	8.93461697653579	7.81291739752794e-07	8.60992477572404e-07
"hsa-miR-335-5p"	2943.67214888605	Inf	2428.9153905536	8.72530686157819	1.01497209532273e-06	1.11690616515428e-06
"ebv-miR-BART17-5p"	2554.46005939498	Inf	2600.55976962022	8.66964541392816	1.08896209027813e-06	1.19661020521967e-06
"hsa-miR-765"	2912.10411564506	Inf	2674.34388537142	8.66204939291713	1.09949738648544e-06	1.2062411812093e-06
"hsa-miR-300"	1964.39904155343	Inf	2022.70632933697	8.6610640140311	1.10087200371123e-06	1.2062411812093e-06
"hsa-miR-193a-5p"	3306.22610296939	Inf	3956.00383170552	8.65800277656894	1.10515417899123e-06	1.20920578500182e-06
"hsa-miR-876-5p"	354.771273859032	6.26318199374945e+106	311.996356723991	8.57324915629242	1.23105297992867e-06	1.3450393669591e-06
"hsa-miR-451a"	7711.85145449781	Inf	7121.25504654873	8.56812993832468	1.23913199319804e-06	1.35194059570824e-06
"hsa-miR-675-5p"	263.934286764588	2.83228661747185e+79	303.418568308236	8.5440162090861	1.27795545114442e-06	1.39231794180081e-06
"hsa-miR-32-3p"	5159.76278383411	Inf	4722.28329127443	8.50710209588883	1.3399214088842e-06	1.45775846895628e-06
"hsa-miR-362-5p"	147.586914527662	2.67971273582392e+44	118.96462537701	8.49682023303803	1.35774595462471e-06	1.47505828214895e-06
"hsa-miR-921"	4668.03839971489	Inf	4748.83477327701	8.46388469204684	1.4165651504058e-06	1.53678284350954e-06
"hsa-miR-18a-3p"	101.553015841141	3.71966577130364e+30	107.87619430872	8.44745704418502	1.44691321980773e-06	1.56748932145837e-06
"hsa-miR-574-5p"	1241.72871144522	Inf	1256.28747598434	8.43054554648185	1.47888040119304e-06	1.59986074430897e-06
"hsa-miR-939-5p"	2361.01229272221	Inf	2475.86624409528	8.30785136749866	1.73460433128923e-06	1.87386129873076e-06
"sv40-miR-S1-5p"	1354.8586322052	Inf	1367.70624899755	8.21761343673981	1.95259347456466e-06	2.1063842404938e-06
"hsa-miR-431-5p"	124.208409618495	2.45729336998605e+37	103.326453222308	8.1934055241993	2.01591351330258e-06	2.1716371695268e-06
"hsa-miR-422a"	578.325997135158	1.24014483819242e+174	553.199510249603	8.1545473855542	2.12217117955299e-06	2.28289662653176e-06
"hsa-miR-30b-3p"	2056.62601377987	Inf	2092.99042665812	8.05199453992181	2.43229959277891e-06	2.61284844210283e-06
"hsa-miR-583"	1581.06808333777	Inf	1599.61433810918	8.01715264881783	2.54836988409333e-06	2.73370587566375e-06
"hsa-miR-369-5p"	174.388337083687	3.13415417299556e+52	177.759378398409	7.90986464685642	2.94435243471483e-06	3.1540758623272e-06
"ebv-miR-BART6-3p"	170.903428702149	2.79935773419888e+51	209.288710022934	7.87517277473327	3.08601785411775e-06	3.301221330695e-06
"hsa-miR-135a-5p"	1961.26122812033	Inf	1684.35712182192	7.87218751991151	3.0985427586429e-06	3.31000319760321e-06
"hsa-miR-23b-5p"	108.872912973666	5.94309291864555e+32	94.0398733296594	7.82462023579003	3.3055852103657e-06	3.52626405612029e-06
"hsa-miR-659-3p"	334.985329021004	6.92838707255804e+100	368.771308750148	7.73082323521288	3.75822964672375e-06	4.00355852644044e-06
"hsa-miR-219a-1-3p"	131.305300379033	3.36382972342394e+39	107.72431422369	7.6315447922327	4.30998841597031e-06	4.58496687246773e-06
"hsa-let-7f-1-3p"	128.836567813947	6.07675112964552e+38	140.045251725032	7.53514127564351	4.92883603058719e-06	5.23603495216118e-06
"hsa-miR-503-5p"	4938.54403098617	Inf	4532.08123885282	7.50311792113125	5.15477263773962e-06	5.46847940960759e-06
"hsa-miR-551b-5p"	403.130699932651	2.26168882788779e+121	441.233455639245	7.4995676512735	5.18049071386201e-06	5.48817179217149e-06
"hsa-miR-518c-5p"	2771.20413694982	Inf	2838.53342149163	7.496104338966	5.20571030940028e-06	5.5072824928414e-06
"hsa-miR-24-2-5p"	105.760143505488	6.87029745953996e+31	120.135181954437	7.3369075934688	6.51818384233193e-06	6.88629064334517e-06
"ebv-miR-BHRF1-2-3p"	1085.78558696471	Inf	1167.61967592896	7.30593734414152	6.81212870414391e-06	7.18693633573367e-06
"hsa-miR-637"	671.906019419499	1.83597224885996e+202	921.904126341065	7.29764495056807	6.89320037815322e-06	7.26247896984e-06
"hsa-miR-200c-3p"	106.14611988224	8.97771899818103e+31	116.261995926044	7.2497100466997	7.38237098789628e-06	7.7671859365109e-06
"hsa-miR-584-5p"	243.513859630801	2.01825533323541e+73	275.064889615031	7.23334700255147	7.55768497734702e-06	7.94074572277419e-06
"hsa-miR-518f-5p"	132.837959690534	9.73218665318459e+39	119.815530200257	6.98558985342954	1.08278475341241e-05	1.136109310352e-05
"hsa-miR-144-5p"	108.537286691095	4.70954490279563e+32	103.473597129409	6.83443690704516	1.35365694587409e-05	1.41838098017134e-05
"hsa-miR-298"	740.382198424322	7.5378932255094e+222	845.47932538627	6.5916968969164	1.94974492133274e-05	2.04018329421857e-05
"hsa-miR-608"	93.4043558413579	1.3107287753954e+28	98.8449492788519	6.58256338241544	1.97700313082696e-05	2.06588746777149e-05
"hsa-miR-338-5p"	467.339280629585	4.82104984322596e+140	546.432894051417	6.3291773740446	2.91904473615896e-05	3.04613239814139e-05
"kshv-miR-K12-6-3p"	630.584468782757	6.68097587389151e+189	938.485858787098	6.16003764954684	3.80479615552464e-05	3.96505251533614e-05
"hsa-miR-526b-5p"	416.863246693739	3.07851550091834e+125	458.741498394796	6.13759271464393	3.9421478087623e-05	4.10261515511626e-05
"hsa-miR-181c-5p"	211.543010245118	4.79503141505703e+63	201.973832348071	6.12540299808492	4.01892661328098e-05	4.17685191380286e-05
"hsa-miR-371a-5p"	7254.41480294918	Inf	8382.96835886958	6.029363023632	4.68193247268338e-05	4.8593263958703e-05
"hsa-let-7g-3p"	114.051115493956	2.15182427540418e+34	95.259801164541	6.02696517634055	4.69989299201407e-05	4.87137557415512e-05
"hsa-miR-515-5p"	105.551200423984	5.94398091011007e+31	106.053157874144	6.0161195490325	4.78204192518156e-05	4.94983286992478e-05
"hsa-miR-665"	6655.43085195634	Inf	7787.62447762976	6.01155795669729	4.81704425906042e-05	4.97934359393443e-05
"hsa-miR-338-3p"	1241.38620957943	Inf	1617.59864556589	5.9986698126363	4.91740616973396e-05	5.07624566916009e-05
"hsa-miR-101-5p"	116.483191580104	1.16127387605125e+35	124.115307775364	5.88317211275911	5.92160897915237e-05	6.10466947178746e-05
"hsa-miR-523-3p"	106.180103235247	9.19170370721624e+31	121.992781134724	5.70330652415582	7.93839448266065e-05	8.17281687006808e-05
"hsa-miR-611"	115.573441209083	6.18119587411977e+34	123.307657604602	5.60804655820002	9.28850745848179e-05	9.54998018854629e-05
"hsa-miR-331-5p"	124.256297066554	2.54022723015779e+37	121.458568957627	5.06426478338599	0.000233260764753534	0.000239506032886159
"hsa-miR-182-3p"	82.0850427861882	5.12932330708559e+24	95.3208107201771	5.06103337174502	0.000234569161768228	0.00024052746935325
"hsa-miR-185-3p"	1005.25805709755	4.10042213485142e+302	1990.43727302771	4.9686654928802	0.000275402403337769	0.000282020885660973
"hsa-miR-556-5p"	119.918243427522	1.25599612355832e+36	97.9742586076443	4.88830661359546	0.000316961969008859	0.000324146440306393
"hsa-miR-219a-2-3p"	567.061017519124	5.03936302338456e+170	730.809003940405	4.79312881061425	0.000374785478133508	0.000382770255297471
"hsa-miR-214-5p"	141.815680655998	4.90652180198354e+42	131.034236023443	4.55674091930428	0.000571117073063363	0.000582509035956914
"hsa-miR-302a-3p"	149.871680549096	1.30578400912039e+45	122.826245330005	4.47132002617887	0.000666158390194494	0.000678543805151629
"hsa-miR-450b-3p"	92.6549033381403	7.79659814299228e+27	103.457100914341	4.40631905331266	0.000749382997717288	0.000762303394229655
"hsa-miR-219a-5p"	3801.4512950693	Inf	5742.26908787911	4.10043077280464	0.00131247811443313	0.00133333869373538
"hsa-miR-617"	396.458517418451	2.21771523230707e+119	399.426374364791	3.94694775506416	0.00174504663440283	0.00177043752458594
"hsa-miR-512-5p"	90.2546007985294	1.47686938237072e+27	103.737725848542	3.76615889967654	0.00244744822466645	0.00247977911270696
"hsa-miR-367-5p"	157.855835293794	3.30629358156915e+47	119.264517335971	3.35678483502136	0.00530853651436	0.00537156663128511
"hsa-miR-635"	275.806402875165	1.06169619674053e+83	304.329585934257	3.16917871455251	0.00758709881614651	0.00766706823713356
"hsa-miR-621"	79.512869011689	8.62499027017745e+23	106.8416058443	3.15529954211111	0.0077903955464999	0.00786214918969135
"hsa-miR-499a-5p"	179.975551048372	1.50674358704756e+54	165.858382362698	3.10319308756621	0.00860350245950968	0.0086713355932246
"hsa-miR-21-3p"	97.1331279213573	1.73774111635191e+29	117.761768434445	3.06744951034217	0.00920979874517406	0.00927023049547048
"hsa-miR-147b-3p"	172.015100786416	6.04929890068065e+51	145.359217349651	2.82315295052653	0.014658420572117	0.0147352668136484
"hsa-miR-644a"	349.701079025565	1.86429357460267e+105	189.468260331398	2.60318375929193	0.0222184864605311	0.0223057318262138
"kshv-miR-K12-4-5p"	88.3199747585785	3.86332832840946e+26	115.360552885888	2.37203218993589	0.0342235201154067	0.0343129933706104
"ebv-miR-BART15"	91.5525184642724	3.63123400152998e+27	113.039873464767	2.33640586062907	0.0365564514131641	0.0366041752400742
"hcmv-miR-US25-2-5p"	102.091298448217	5.40185757217083e+30	140.908741789826	1.56900843191828	0.141219465703089	0.141219465703089
