""	"logFC"	"Fold Change"	"AveExpr"	"t"	"P.Value"	"adj.P.Val"
"hsa-miR-381-3p"	669.58471604012	3.67353486667342e+201	640.662990326105	74.7658560656902	3.55650263618227e-18	2.7278375219518e-15
"hsa-miR-573"	100.164875443216	1.4211241520355e+30	100.225434868639	58.1967631443215	8.48862613051941e-17	3.2553881210542e-14
"hsa-miR-106b-3p"	136.410569553347	1.15790561824487e+41	139.27930079919	55.8559490227611	1.42696700040784e-16	3.50052782001559e-14
"hsa-miR-208b-3p"	106.938797120606	1.55519780108373e+32	95.7431048088311	52.3417278621711	3.2458158865737e-16	3.50052782001559e-14
"ebv-miR-BART3-3p"	87.0804534121237	1.63617033032227e+26	80.6277219163726	52.2277266897516	3.3365391219196e-16	3.50052782001559e-14
"hsa-miR-92a-1-5p"	81.6606299851164	3.82207399179706e+24	83.5861365796625	51.4831757745756	4.00065862592428e-16	3.50052782001559e-14
"hsa-miR-502-5p"	117.883046620486	3.06431221954156e+35	126.817594171214	51.3956150780158	4.08767963245302e-16	3.50052782001559e-14
"ebv-miR-BHRF1-1"	381.864425150874	8.96698095574054e+114	374.904502509273	51.317147828984	4.16739896471414e-16	3.50052782001559e-14
"hsa-miR-651-5p"	98.0421904001051	3.26317339166777e+29	101.67153154316	50.786364803551	4.75272119800547e-16	3.50052782001559e-14
"hsa-miR-767-5p"	88.6996215350345	5.02628009058415e+26	88.6460726392105	50.5047570125388	5.09876779372546e-16	3.50052782001559e-14
"hsa-miR-19a-5p"	75.4881507079387	5.29904588695462e+22	76.5499262269936	50.2112718313325	5.48852263603477e-16	3.50052782001559e-14
"hsa-miR-330-3p"	194.128750614799	2.74521874584317e+58	188.906025564912	49.6311576901678	6.35677985761396e-16	3.50052782001559e-14
"hsa-miR-378a-5p"	91.0563301134489	2.57446302768941e+27	87.9331954533017	49.616025719921	6.38132330804092e-16	3.50052782001559e-14
"ebv-miR-BART4-5p"	91.8741063012154	4.53797210025892e+27	97.0916984953097	49.6110044613077	6.38949015387461e-16	3.50052782001559e-14
"hsa-miR-569"	79.3779714745819	7.85507631643702e+23	79.6622773392821	48.641923797924	8.19828095965624e-16	4.12744416846156e-14
"hsa-miR-548d-3p"	92.6081784301853	7.54813312773917e+27	101.368969522598	48.255768214074	9.06685442755796e-16	4.12744416846156e-14
"hsa-miR-188-5p"	87.7798299539199	2.65681815574439e+26	91.0592961749448	48.116972491995	9.40287291519321e-16	4.12744416846156e-14
"hsa-miR-30c-1-3p"	110.944564519216	2.49828382499056e+33	115.411323071158	47.9509566207105	9.82252798595366e-16	4.12744416846156e-14
"hsa-miR-10a-5p"	106.339278603204	1.02639038930803e+32	108.687656829405	47.6285237382403	1.06964253761951e-15	4.12744416846156e-14
"hiv1-miR-N367"	91.5975782460399	3.74643827954385e+27	95.9956626781792	47.5588904520814	1.08959510642517e-15	4.12744416846156e-14
"hsa-miR-613"	77.1139711439007	1.63537893384005e+23	81.5808636612288	47.2495927294788	1.18320050697653e-15	4.12744416846156e-14
"hsa-miR-16-2-3p"	92.2264556425004	5.79334700345887e+27	97.1155161771164	47.2474379084194	1.18388229082339e-15	4.12744416846156e-14
"hsa-miR-548a-3p"	94.8698811020835	3.61976100207932e+28	97.4627031175858	46.4739026580223	1.45832458888784e-15	4.84509586073912e-14
"ebv-miR-BART6-5p"	81.9402710841634	4.63958834915672e+24	77.7077775027709	46.3312226057349	1.51606650140468e-15	4.84509586073912e-14
"hsa-miR-346"	87.3146357292916	1.92452880187898e+26	80.829462458217	45.8999251274251	1.70611963239531e-15	5.23437503218882e-14
"hsa-miR-125a-3p"	142.750252699903	9.37795082883677e+42	157.434770483748	45.4539229608193	1.92998136244858e-15	5.60398047703275e-14
"hsa-miR-26a-5p"	14837.1909156335	Inf	14478.1081203838	45.3751411527386	1.9727180297247e-15	5.60398047703275e-14
"hsa-miR-520g-3p"	104.708994813388	3.31549406368133e+31	101.395597298352	45.1822089765791	2.08174837922664e-15	5.70250359595297e-14
"hsa-miR-26b-3p"	96.3531545604612	1.01202140802155e+29	101.01606910988	44.4084178429137	2.58900165772288e-15	6.7272555842542e-14
"hsa-miR-639"	84.1451376362003	2.13899819342136e+25	81.3894502042145	44.2572036007876	2.70289854083585e-15	6.7272555842542e-14
"hsa-miR-760"	102.548748978708	7.41736175048617e+30	108.198530431082	44.2364222581484	2.71896901058514e-15	6.7272555842542e-14
"hsa-miR-362-3p"	123.592133512482	1.60302175150777e+37	123.252495037054	44.0819658429878	2.84169031755741e-15	6.81117647989541e-14
"hsa-miR-1296-5p"	139.341351707454	8.82930461244957e+41	132.343820918717	43.951697984803	2.94983959466773e-15	6.85614233063682e-14
"hsa-miR-450b-5p"	80.1637883236725	1.35426873231175e+24	79.7306126582127	43.5345244432004	3.32712044809675e-15	7.50559230497119e-14
"hsa-miR-493-5p"	105.598590184173	6.1424714315211e+31	104.621297859877	43.3920133051147	3.4676719581763e-15	7.5991554054892e-14
"hsa-miR-148a-5p"	75.2701646151646	4.55593299007198e+22	76.9823880536276	43.2613001050981	3.60222788056908e-15	7.67474662332357e-14
"hsa-miR-373-5p"	104.509028801965	2.88637322425696e+31	101.585260991673	42.9716066291707	3.92093255442845e-15	8.12798721418005e-14
"hsa-miR-593-5p"	91.3285195905521	3.10902243769996e+27	90.6980964914836	42.8782587271194	4.03000435013369e-15	8.1342456225067e-14
"hsa-miR-606"	78.5549061192535	4.4400008009963e+23	75.5528558455185	42.7024471567054	4.24441751724768e-15	8.3473544505871e-14
"hsa-miR-145-3p"	116.18417225168	9.43888878849773e+34	111.781643850722	42.5663270040375	4.41886919983583e-15	8.45784028684743e-14
"hsa-miR-512-3p"	95.7755844544499	6.78146887860802e+28	99.5283051711258	42.4891955603961	4.52114017940997e-15	8.45784028684743e-14
"hsa-miR-624-5p&hsa-miR-624-3p"	88.6708855368572	4.92715572630273e+26	80.019613853482	42.3126001596816	4.76503314127464e-15	8.70185814132774e-14
"hsa-miR-506-3p"	111.656069310265	4.09096779195061e+33	105.08663019966	41.9739067159948	5.27342540615877e-15	9.40631927098553e-14
"hsa-miR-497-3p"	78.7675720456345	5.14519538423522e+23	81.0403547033796	41.8582845929168	5.46012850834985e-15	9.51799674069166e-14
"hsa-miR-372-3p"	98.5562179260489	4.65991349781682e+29	95.1168993310206	41.40804179406	6.25803163978227e-15	1.06664672615844e-13
"hsa-miR-15a-5p"	1364.83059896125	Inf	1375.51691166463	41.2910676717777	6.48531519259558e-15	1.07552741772152e-13
"hsa-miR-629-3p&hsa-miR-629-5p"	115.898437612524	7.74294495692697e+34	123.277139410098	41.0761603183573	6.92642160099915e-15	1.07552741772152e-13
"hsa-miR-218-2-3p"	168.698341277534	6.07100993102071e+50	144.652506075839	40.9846716065195	7.12392978372872e-15	1.07552741772152e-13
"ebv-miR-BART14-5p"	99.2682651013823	7.63352993527297e+29	104.674523345767	40.9698558494408	7.15648178976493e-15	1.07552741772152e-13
"hsa-miR-374a-3p"	101.670042618133	4.03396836878454e+30	96.2151269960653	40.947192285764	7.20658707065058e-15	1.07552741772152e-13
"hsa-miR-542-5p"	105.027032692223	4.13320737784265e+31	103.026871891551	40.940242796602	7.22202688120734e-15	1.07552741772152e-13
"hsa-miR-148a-3p"	104.962695283889	3.95293530126591e+31	102.392414635397	40.9090757426808	7.29171130658657e-15	1.07552741772152e-13
"hsa-miR-612"	101.319694182901	3.16422312791663e+30	116.088277473888	40.3926872065209	8.55825947731752e-15	1.23852547530237e-13
"hsa-miR-541-5p"	87.6612148554451	2.44711921880037e+26	90.5126925674153	40.2661938996473	8.90343019159985e-15	1.24215300624646e-13
"hsa-miR-488-5p"	104.237511951685	2.3912102895739e+31	107.197446331376	40.2648328043265	8.90722494700853e-15	1.24215300624646e-13
"hsa-miR-24-1-5p"	420.747030473704	4.54440217610352e+126	435.331761160944	39.9873131350409	9.71862813225489e-15	1.33110496025705e-13
"hsa-miR-521"	99.8439151643348	1.13766225383371e+30	97.0374699110908	39.8816901853496	1.00480867022744e-14	1.35208464923588e-13
"hsa-miR-375-3p"	97.1618152908995	1.77264118652692e+29	94.487682934933	39.7675359799952	1.04177458195214e-14	1.37765707647808e-13
"hsa-miR-33a-3p"	99.9228080766602	1.20160708960562e+30	91.7670736772895	39.5946625235962	1.10057519999181e-14	1.39346663272294e-13
"ebv-miR-BART13-3p"	289.330901290049	1.25106524898088e+87	290.363882554706	39.5636446125167	1.11149917975018e-14	1.39346663272294e-13
"hsa-miR-563"	74.5782546096554	2.82027632544328e+22	77.5484654756837	39.5506471267218	1.116111378975e-14	1.39346663272294e-13
"hsa-miR-500a-3p"	209.110743153294	8.88394998177872e+62	214.002368517073	39.3666442699613	1.18366722552181e-14	1.39346663272294e-13
"ebv-miR-BART10-5p"	98.9226483564805	6.00737033769143e+29	100.969731253526	39.3560582142924	1.18768571174715e-14	1.39346663272294e-13
"hsa-miR-19b-1-5p"	79.5124281919293	8.62235528133845e+23	82.5374130711696	39.3449265711748	1.1919271746127e-14	1.39346663272294e-13
"hsa-miR-567"	90.8866920414673	2.28886675467243e+27	87.7188656457543	39.3133101123394	1.20406322946823e-14	1.39346663272294e-13
"hsa-miR-431-3p"	106.72333741707	1.33944782049642e+32	110.536765584347	39.2836076044811	1.2155860486973e-14	1.39346663272294e-13
"hsa-miR-330-5p"	231.778357951831	5.91886029447107e+69	239.746766604501	39.2793705766424	1.2172394314529e-14	1.39346663272294e-13
"hsa-miR-192-5p"	161.790677434559	5.05646408165397e+48	157.439724365449	39.1290828883845	1.27748218117087e-14	1.44092475435008e-13
"hsa-miR-92b-5p"	87.9546397946238	2.99905780087482e+26	84.1745066728486	39.0369300153735	1.31600596594964e-14	1.44592089359224e-13
"hsa-miR-641"	90.6384952751682	1.92710704764454e+27	87.5576702440386	39.0284464698599	1.31961489636841e-14	1.44592089359224e-13
"hsa-miR-182-5p"	112.463695078266	7.16053780119288e+33	105.713261975394	38.9768432070996	1.34179824789301e-14	1.44952007906189e-13
"hsa-miR-502-3p"	139.029264531948	7.11178959228409e+41	135.681361718658	38.7805035064009	1.42994880221622e-14	1.52329268236089e-13
"hsa-miR-218-1-3p"	87.2006931546379	1.77837883982843e+26	83.1289636886179	38.5742592648994	1.52931326405072e-14	1.60682640209164e-13
"hsa-miR-875-5p"	80.7409512577987	2.02045046335751e+24	86.0647674190064	38.3077664293863	1.66887410861781e-14	1.72976546122954e-13
"hsa-miR-875-3p"	103.625484781504	1.5645132099342e+31	104.833068904692	38.106275277533	1.78349729368085e-14	1.82392323233762e-13
"hsa-miR-604"	82.7927257476747	8.37710333800865e+24	84.7190964548414	38.0322142266852	1.82773833971786e-14	1.8445727717942e-13
"hsa-miR-532-3p"	129.8300306209	1.20985564413131e+39	125.129640442372	37.9869873148831	1.85533588982414e-14	1.84810730843521e-13
"hsa-miR-615-5p"	91.1010630627968	2.65553860135031e+27	94.6863850495523	37.8016237248464	1.97323028890669e-14	1.90909475280918e-13
"hsa-miR-135b-3p"	86.4017567624789	1.02216372291011e+26	84.8997762952416	37.7715039479045	1.99313824021068e-14	1.90909475280918e-13
"hsa-miR-194-3p"	116.592658726615	1.25281674916516e+35	120.407452380945	37.7700859228911	1.99408081898831e-14	1.90909475280918e-13
"hsa-miR-345-5p"	144.92577153025	4.23647234111363e+43	139.620109456528	37.7371291398091	2.01612353295363e-14	1.90909475280918e-13
"hsa-miR-517a-3p"	86.1864949502348	8.80481430714895e+25	90.5276881353729	37.5837390258647	2.12223050577368e-14	1.98506194869318e-13
"hsa-miR-186-3p"	124.841814031195	3.81180553631572e+37	114.937263344633	37.4669496024839	2.20705330541857e-14	2.01271358313098e-13
"hsa-let-7f-2-3p"	92.763941672588	8.40870195913767e+27	92.7365741407393	37.464238946133	2.2090649160351e-14	2.01271358313098e-13
"hsa-let-7d-3p"	221.034929109909	3.45258000879009e+66	225.714355021092	37.435496557104	2.23051700868492e-14	2.01271358313098e-13
"hsa-miR-593-5p&hsa-miR-593-3p"	103.24279819095	1.19999404749545e+31	103.659280965982	37.113801690874	2.48655397904374e-14	2.21765918828668e-13
"hsa-miR-96-3p"	80.0937222445548	1.2900687641654e+24	77.5445907810134	36.9945993146949	2.58932729474413e-14	2.28277475295258e-13
"hsa-miR-616-5p"	98.0318863349877	3.23995007664434e+29	102.480557780052	36.9393328725755	2.63852229528639e-14	2.29570002648937e-13
"hsa-miR-873-5p"	259.159433109341	1.03457749058778e+78	253.049920961545	36.9113107968986	2.66385009592639e-14	2.29570002648937e-13
"ebv-miR-BART17-3p"	96.9249662858344	1.50425748358445e+29	102.096068309859	36.8032494624176	2.76400377853218e-14	2.35508696260747e-13
"hsa-miR-20a-3p"	98.9987651866584	6.33283036454979e+29	94.5582508651282	36.7715260842649	2.79417097258514e-14	2.35508696260747e-13
"hsa-miR-10b-3p"	81.120174543245	2.62788158157542e+24	81.5388947682837	36.7086878064567	2.85497987320154e-14	2.38018430733215e-13
"hsa-miR-1180-3p"	92.9356230049852	9.47131302555189e+27	91.0556734821776	36.4436364542382	3.12763043886346e-14	2.57945435119169e-13
"hsa-miR-892a"	80.4946325592698	1.70333037168563e+24	85.5801176772713	36.2693869893213	3.32209314190507e-14	2.71068663812893e-13
"hsa-let-7i-3p"	111.554808112547	3.81367256360388e+33	99.805884465526	36.1975537170635	3.40601927379179e-14	2.74991240315611e-13
"hsa-miR-29a-3p"	17833.9105040447	Inf	17475.5564822652	36.0133713289157	3.63183295169485e-14	2.9016832020312e-13
"hsa-miR-217-5p"	102.60177290493	7.6950465732937e+30	91.9974357127915	35.9701507203918	3.68712815064231e-14	2.91549205313676e-13
"hsa-miR-888-3p"	1871.55898558554	Inf	1687.575807357	35.8991592479202	3.77993201384562e-14	2.95837536185673e-13
"hsa-miR-210-3p"	112.557493144862	7.64155376935133e+33	102.949116617489	35.8331412588289	3.86849685143051e-14	2.98905349802961e-13
"hsa-miR-449b-5p"	95.9467698487562	7.63582051642163e+28	94.101486125338	35.811622727737	3.89784588844682e-14	2.98905349802961e-13
"hsa-miR-519e-3p"	245.992096900687	1.1246046202092e+74	236.48674739106	35.7226292366111	4.02179788773072e-14	2.98905349802961e-13
"hsa-miR-499a-3p"	83.102041343702	1.03802340360164e+25	80.9018676475499	35.7125198299223	4.03614502785188e-14	2.98905349802961e-13
"hsa-miR-323b-5p"	97.6275149838577	2.44799435652768e+29	100.223820853343	35.7122687358707	4.03650207878207e-14	2.98905349802961e-13
"hsa-miR-326"	215.964983163575	1.02786941925676e+65	229.236112593568	35.7007249845532	4.05295389563337e-14	2.98905349802961e-13
"hsa-miR-148b-5p"	93.740053427618	1.65412329120327e+28	88.7726036891644	35.6723613024618	4.09368479042583e-14	2.99033927072058e-13
"hsa-miR-139-3p"	122.779576032042	9.12715110453088e+36	118.962966081955	35.5500235834666	4.27449022337558e-14	3.09295660502743e-13
"hsa-miR-522-3p"	83.6464330176239	1.51385879610178e+25	85.9024984026973	35.4899500406458	4.36640949096325e-14	3.12994026127926e-13
"hcmv-miR-UL112-3p"	100.208735553593	1.46499191931637e+30	95.0929072136095	35.3969381523708	4.51295798888657e-14	3.20503590507037e-13
"hcmv-miR-UL36-5p"	105.156862896236	4.52241050943796e+31	105.30009079976	35.2074524409659	4.82817820187164e-14	3.36659895101961e-13
"hsa-miR-524-3p"	77.9278073831512	2.87479922200602e+23	79.9313801789784	35.2074175464632	4.8282383912928e-14	3.36659895101961e-13
"hsa-miR-646"	71.8692679066842	4.31325770032572e+21	68.2211737811357	35.1623898653105	4.9065846473289e-14	3.36957028996269e-13
"hsa-miR-769-3p"	118.138793941291	3.65864800038372e+35	116.767904185779	35.1545510350124	4.92036339603417e-14	3.36957028996269e-13
"hsa-miR-500a-3p&hsa-miR-500a-5p"	175.53521050227	6.94006689106488e+52	172.66476802356	34.9888332520475	5.22163531786854e-14	3.5442427334559e-13
"hsa-miR-525-3p"	97.8142938653954	2.78635506788951e+29	89.6319698531959	34.8937032456428	5.40351773004593e-14	3.63552464819757e-13
"hsa-miR-18b-3p"	102.540602656274	7.37559689814438e+30	101.469099472331	34.7247906587026	5.74351862024511e-14	3.83067720150261e-13
"hsa-miR-941"	79.6430155578282	9.43923129603936e+23	83.0664495905009	34.6039550475474	6.00086905315198e-14	3.9678160032479e-13
"hsa-miR-490-5p"	117.444464542794	2.26103170424175e+35	120.266361853209	34.5797166039466	6.05397267172347e-14	3.96871541812983e-13
"hsa-miR-96-5p"	100.74269113756	2.12115241760342e+30	108.749593094326	34.4266059809637	6.40135032831954e-14	4.1608777134077e-13
"hsa-miR-632"	95.5144655675538	5.65873238568874e+28	100.361395827804	34.2925590003807	6.7231473225275e-14	4.32626751702947e-13
"hsa-miR-371a-3p"	87.6728730523555	2.46697412731978e+26	95.4330311277458	34.2741818251376	6.76860628479188e-14	4.32626751702947e-13
"hsa-miR-507"	94.7365702079297	3.30026883964243e+28	98.3607084515226	34.2158836903444	6.91502267864657e-14	4.38332429299332e-13
"hsa-miR-105-5p"	179.006626013238	7.69775088965917e+53	158.491147325238	34.1541882055777	7.07369801180402e-14	4.42257054178436e-13
"hsa-miR-125a-5p"	7314.99245674638	Inf	6857.06856756091	34.1470694630519	7.09225784406098e-14	4.42257054178436e-13
"hsa-miR-370-3p"	103.894623229705	1.88537602580623e+31	102.693074296268	34.0980750834241	7.22142762209753e-14	4.46680240818452e-13
"hsa-miR-147a"	182.940491974752	1.1764555040709e+55	179.518020766546	33.8848871815342	7.81375333244619e-14	4.79451904478898e-13
"hsa-miR-484"	120.817135292922	2.34197208038179e+36	121.573666239506	33.8401356955428	7.94462306708028e-14	4.82389709379424e-13
"hsa-miR-505-3p"	131.094565246884	2.9066745483623e+39	120.884043502197	33.8256741164145	7.9874176129318e-14	4.82389709379424e-13
"hsa-miR-605-5p"	156.422468149115	1.22420714155306e+47	148.840649578444	33.6432269107501	8.54918885397254e-14	5.10071641945414e-13
"hsa-miR-556-3p"	76.1961907622116	8.65643305546499e+22	79.0270036428979	33.6280290276537	8.59787007398126e-14	5.10071641945414e-13
"hsa-miR-425-3p"	133.387799450558	1.42471727494362e+40	137.119304452802	33.6133162856995	8.64528206687142e-14	5.10071641945414e-13
"hsa-miR-454-5p"	80.4347778946519	1.6341083187515e+24	82.1988528316993	33.3571014603164	9.51776422902847e-14	5.57261462875179e-13
"hsa-miR-940"	105.971593949415	7.95478538395979e+31	104.840877242298	33.2726011001713	9.82596008201221e-14	5.68259840244464e-13
"hsa-miR-34a-3p"	128.909786833807	6.39311580946554e+38	123.9786924604	33.2651121801275	9.85378862483882e-14	5.68259840244464e-13
"hsa-miR-181d-5p"	164.572758337655	3.47805726949128e+49	167.544325488239	33.2362003838605	9.96202351973304e-14	5.70214331316063e-13
"hsa-miR-124-5p"	277.483944966066	3.39618038986785e+83	265.504626196515	33.1867858926663	1.01499911030281e-13	5.73117908327072e-13
"hsa-miR-595"	109.111386783403	7.01132809350332e+32	113.614437598715	33.1836118038793	1.01621949846782e-13	5.73117908327072e-13
"hsa-miR-224-5p"	94.3453408072041	2.51638758646245e+28	94.6088556423187	33.0047845779957	1.08759766397709e-13	6.08895918445568e-13
"hsa-miR-361-3p"	161.202609247634	3.36372716738249e+48	175.407689963445	32.9086694343141	1.12817916113012e-13	6.27038707671597e-13
"hsa-miR-34c-3p"	99.1088803355386	6.83511487016909e+29	91.3600348040672	32.8637244195798	1.1477131751277e-13	6.33306478649602e-13
"hsa-miR-501-5p"	102.320298583513	6.33109804155075e+30	101.853617788375	32.8189502159561	1.16753592437555e-13	6.38926619200107e-13
"hsa-miR-377-5p"	147.018421030295	1.80698540704515e+44	148.030681267534	32.8032839143834	1.17455871326226e-13	6.38926619200107e-13
"kshv-miR-K12-12-5p&kshv-miR-K12-12-3p"	97.0023006816267	1.58709218662895e+29	93.7636287739339	32.6607070165929	1.24060584083228e-13	6.70101887266451e-13
"hsa-miR-517b-3p"	94.3381515276106	2.50387904351825e+28	97.2910811340981	32.5724312023501	1.28349757739207e-13	6.88421427873926e-13
"hsa-miR-424-3p"	89.8422841019394	1.10974294728781e+27	87.2343417178385	32.5424903079187	1.2984061732104e-13	6.91078979707689e-13
"hsa-miR-373-3p"	92.7853882000182	8.53463608318535e+27	98.074205563709	32.5264445279967	1.30647264742653e-13	6.91078979707689e-13
"hsa-miR-590-5p"	142.683791690823	8.95573416846263e+42	137.787359070462	32.4960403276255	1.32190586893446e-13	6.94453288679953e-13
"hsa-miR-589-3p"	81.4098944719368	3.21233019439538e+24	78.134704052129	32.353099630014	1.39714374188294e-13	7.28985884370217e-13
"hsa-miR-937-3p"	250.806490323449	3.16429302963145e+75	217.565776193577	32.3295058251424	1.41000031390285e-13	7.30723135651005e-13
"hsa-miR-30a-3p"	146.610399637648	1.36184589860565e+44	143.473242187346	32.2534606537978	1.45231367481208e-13	7.47600395020717e-13
"hsa-miR-205-5p"	87.4218916510353	2.07305901051231e+26	87.6670858547344	32.212483183684	1.47568030979048e-13	7.54564531739533e-13
"hsa-miR-31-3p"	125.36092630081	5.46259623146197e+37	125.492412498042	32.1870136735898	1.49040780522216e-13	7.57048203049932e-13
"hsa-miR-200a-5p"	103.585894885426	1.5221641464407e+31	100.094313764528	32.1553650361264	1.50892943948164e-13	7.61413736896329e-13
"hsa-miR-148b-3p"	732.070575977876	2.37247864704608e+220	739.798499582601	32.1097587603865	1.5360571419947e-13	7.70036488830023e-13
"hsa-miR-744-3p"	121.011759368207	2.6802135465191e+36	113.247647631494	32.0755756793059	1.55673460295439e-13	7.75334701601311e-13
"hsa-miR-202-5p"	73.3617784334696	1.21365666078927e+22	81.8919424981299	32.037987526759	1.57981867780587e-13	7.81755436049742e-13
"hsa-miR-609"	87.127605534699	1.69052935461197e+26	95.5868356966129	31.9616250412788	1.62785946910679e-13	8.00364238977505e-13
"hsa-miR-586"	98.1623076408351	3.54649248148288e+29	96.0739498838292	31.9201300328799	1.65462294384015e-13	8.08341272563943e-13
"hsa-miR-324-3p"	115.479141241931	5.79009097288182e+34	120.059128129077	31.8445447853142	1.70460064892402e-13	8.23564049760804e-13
"hsa-miR-935"	109.332318528042	8.17160513056978e+32	109.774531384853	31.8405930648631	1.70725793887833e-13	8.23564049760804e-13
"hsa-miR-548b-3p"	99.3018060519476	7.81307953343277e+29	100.100640293358	31.7280774236297	1.78482271975516e-13	8.46246394841357e-13
"hsa-miR-194-5p"	127.716155459989	2.79507666417411e+38	131.1861449943	31.7268716962061	1.78567420244195e-13	8.46246394841357e-13
"hsa-miR-501-3p"	89.3159283913428	7.70501584870774e+26	90.3286955414001	31.7244604916448	1.78737830461929e-13	8.46246394841357e-13
"hsa-miR-532-5p"	109.788605774197	1.12114948085282e+33	117.35867840327	31.5700440049569	1.90024808102424e-13	8.94165814813244e-13
"hsa-miR-122-3p"	107.307051633247	2.00743405699131e+32	104.31492863078	31.4896514108052	1.96203139720748e-13	9.17608586376914e-13
"kshv-miR-K12-3-3p"	95.5837065990114	5.93694168381892e+28	95.1297366030392	31.4550407841228	1.98929403110232e-13	9.24720316276048e-13
"hsa-miR-93-3p"	100.849182437579	2.28364689067796e+30	95.2229757422651	31.3950361720264	2.03753178758236e-13	9.41437880166065e-13
"ebv-miR-BART9-3p"	101.823940917647	4.48807900084072e+30	104.603203625563	31.3595156655984	2.06667965796366e-13	9.47348576968525e-13
"hsa-miR-342-5p"	182.203699364421	7.05957944025488e+54	177.420357581398	31.3494428856831	2.07502687002232e-13	9.47348576968525e-13
"hsa-miR-551a"	151.514444560124	4.07748703646971e+45	154.651474215099	31.2394154484129	2.16860950650129e-13	9.84215083719814e-13
"ebv-miR-BART9-5p"	109.73623011157	1.08117719004346e+33	104.5046538071	31.125032511438	2.27073944789583e-13	1.02450420972712e-12
"hsa-miR-200c-5p"	109.765462679662	1.1033079677058e+33	106.304893211227	31.0043911452705	2.38410069632882e-13	1.06935978601415e-12
"hsa-miR-328-3p"	110.731221352566	2.15486011946328e+33	121.434450975135	30.9767068410314	2.41096561758528e-13	1.07138640273444e-12
"hsa-miR-518d-3p"	93.1729512192735	1.1164855369051e+28	95.3562391264404	30.9709877145253	2.41655603224326e-13	1.07138640273444e-12
"hsa-miR-191-3p"	99.5820483721072	9.48819473776636e+29	96.7786936941251	30.7555776281336	2.63763505241384e-13	1.16268165816173e-12
"sv40-miR-S1-3p"	90.8871466526319	2.28958811872583e+27	98.1811755893837	30.635213712625	2.77058230947487e-13	1.21430664649556e-12
"hsa-miR-629-3p"	163.649611500602	1.83417952222808e+49	164.701636173276	30.587048443011	2.8257909161742e-13	1.23146683676455e-12
"hsa-miR-545-3p"	95.1393989394184	4.36327765728794e+28	94.9758963139464	30.5435942307271	2.8766177554342e-13	1.24653436068815e-12
"hsa-miR-124-3p"	40839.438583987	Inf	42526.3031316238	30.5015696390092	2.92671072154919e-13	1.254071018675e-12
"hsa-miR-125b-5p"	40839.438583987	Inf	39152.5740363501	30.5015696390091	2.92671072154922e-13	1.254071018675e-12
"hcmv-miR-US5-2-3p"	92.6837967416453	7.95431766872342e+27	92.3878699132841	30.4413111131549	3.0001858857943e-13	1.27841254133568e-12
"hsa-miR-10b-5p"	95.0556660010605	4.11724512632145e+28	102.509944585405	30.4221455992055	3.02396980148456e-13	1.28142808714843e-12
"hsa-miR-618"	90.0785176482073	1.30718115150314e+27	98.9495681738997	30.4031054901048	3.04779942850826e-13	1.28442975915705e-12
"hsa-let-7e-3p"	138.221527260909	4.06280288357214e+41	147.172149333645	30.3603164658464	3.10209370395104e-13	1.30016714258494e-12
"hsa-miR-122-5p"	113.601685692496	1.57585027352324e+34	115.771861578139	30.3035247701186	3.17577149398941e-13	1.32381344341841e-12
"hsa-miR-34c-5p"	204.706627698992	4.19599776906948e+61	212.968274776761	30.2884380222748	3.19565956315718e-13	1.32490318104949e-12
"hsa-miR-34b-5p"	101.289599419304	3.09890079922037e+30	103.935825793698	30.2673037873223	3.22374576853391e-13	1.3293618303578e-12
"hsa-miR-223-5p"	93.290371344112	1.21115598945817e+28	98.1961289139176	30.0213096077926	3.57096608060246e-13	1.46466897530593e-12
"hsa-miR-196b-5p"	96.212927245257	9.18284114469693e+28	97.9807039450995	30.0037096959148	3.59730892026918e-13	1.46762550098216e-12
"ebv-miR-BART10-3p"	106.006430191686	8.1492045867845e+31	103.756389257799	29.9136571816446	3.73541372780004e-13	1.51495992488293e-12
"hcmv-miR-UL70-5p"	85.1004470000852	4.1475076088716e+25	87.1086051666528	29.8952742740625	3.76430201673918e-13	1.51495992488293e-12
"hsa-miR-449a"	100.7389319902	2.11563264733726e+30	102.331699382499	29.8849960942157	3.78055879424607e-13	1.51495992488293e-12
"hsa-miR-323a-5p"	97.7944078343205	2.74821158683633e+29	97.8045458463354	29.877578684224	3.79233775198857e-13	1.51495992488293e-12
"ebv-miR-BHRF1-2-5p"	84.4628269903867	2.6659036095836e+25	77.4393095884355	29.8618023301546	3.81752257100045e-13	1.51711907355303e-12
"hsa-miR-590-3p"	71.534885508216	3.42094643723387e+21	73.0955701162744	29.7872931024054	3.9389269970952e-13	1.55729742617114e-12
"hsa-miR-146a-3p"	91.5676065957105	3.66940979964956e+27	99.5535874639729	29.7305205437749	4.03422336765019e-13	1.58679452460907e-12
"hsa-miR-561-3p"	93.8872072736808	1.8317474621265e+28	93.0305920620916	29.6445346729834	4.18331923131302e-13	1.63420065891653e-12
"hcmv-miR-UL22A-5p"	88.5799410203364	4.62614521592558e+26	84.9802399036095	29.6366077237771	4.1973602321585e-13	1.63420065891653e-12
"hsa-miR-645"	109.458313819974	8.91734839576774e+32	113.103559210314	29.598703937879	4.26520486453574e-13	1.65222834903986e-12
"hsa-miR-33b-5p"	91.2101981447043	2.86421458572953e+27	93.9372961303194	29.5073369480661	4.43365103931141e-13	1.70884942067932e-12
"hsa-miR-452-5p"	115.432700241697	5.60667333456182e+34	114.320642106287	29.452237125864	4.53868955951412e-13	1.74058744607367e-12
"hsa-miR-661"	97.613758708826	2.42476335983395e+29	98.0351334127874	29.3800528692838	4.68037362572811e-13	1.78599331887237e-12
"hsa-miR-874-3p"	286.872145383807	2.27572971878213e+86	281.674650332816	29.3591376555464	4.7223114892765e-13	1.78969539353672e-12
"hsa-miR-337-3p"	191.786086863733	5.41208859111857e+57	188.495208907425	29.3519867935486	4.73674269736577e-13	1.78969539353672e-12
"hsa-miR-591"	73.4380352415926	1.27953282098432e+22	80.0076173282857	29.3336783178762	4.77390823469663e-13	1.79489589020211e-12
"hsa-miR-216a-5p"	93.9098635931068	1.8607405850752e+28	92.4472448055593	29.1472097609026	5.1708506096792e-13	1.93465483786534e-12
"hsa-miR-550a-3p"	155.184641467493	5.19077193752947e+46	142.948797626012	29.0292418278779	5.4402478769038e-13	2.025568020187e-12
"hsa-miR-27a-3p"	1292.59562394163	Inf	1298.91266988463	29.0046486547994	5.49829326236521e-13	2.03729030542711e-12
"hsa-miR-572"	78.7169281099615	4.9677133460531e+23	81.6321590516179	28.9574163547227	5.61165246082206e-13	2.06929684492813e-12
"hsa-miR-188-3p"	64.1359469704814	20269537459579502592	73.9647679748998	28.9431480548289	5.64639029352636e-13	2.07214418905967e-12
"hsa-let-7e"	9307.80986724589	Inf	9200.20002626784	28.9121732210865	5.72260232046047e-13	2.08326918028894e-12
"hsa-miR-196a-5p"	96.8226090017412	1.40123045519773e+29	100.070302252337	28.9087763584199	5.73102734082093e-13	2.08326918028894e-12
"hsa-miR-183-5p"	164.962263926062	4.5560616742723e+49	152.361216113384	28.8505914896648	5.87743426745312e-13	2.12641135997007e-12
"hsa-miR-655-3p"	92.9464552711031	9.54269464732087e+27	85.5606349927353	28.671506990382	6.35392168065013e-13	2.28800841739843e-12
"hsa-miR-384"	75.1925523649049	4.31731475702618e+22	74.8491667997943	28.6032657910063	6.5463051637046e-13	2.34625856039434e-12
"hsa-miR-197-3p"	523.206187185173	3.16778909711686e+157	485.77374054037	28.5926247519351	6.57686558650303e-13	2.34625856039434e-12
"hsa-miR-542-3p"	130.024410540682	1.3843558531511e+39	131.834790626639	28.5000817903766	6.84921891625139e-13	2.4241457154432e-12
"hsa-miR-380-3p"	96.2671724939543	9.53468870427234e+28	99.241957997439	28.4970301345834	6.85840443613004e-13	2.4241457154432e-12
"hsa-miR-202-3p"	161.527250988283	4.21257518004034e+48	152.972302620309	28.4410947697192	7.02914361052668e-13	2.47309777489631e-12
"hcmv-miR-UL70-3p"	95.6100235403046	6.0462342872909e+28	97.0315614389708	28.3891706722711	7.19174321212389e-13	2.51875207474841e-12
"hsa-miR-588"	71.5680887080494	3.50059149634911e+21	76.614615746125	28.3356656850331	7.3635422525263e-13	2.56719859440349e-12
"hsa-miR-130b-3p"	260.843635350695	3.32474558970262e+78	263.773615256263	28.2006112099857	7.81717303193491e-13	2.69831587220138e-12
"hsa-miR-485-3p"	844.287788172184	1.43202042578603e+254	809.975849060093	28.1998020827066	7.81997987917534e-13	2.69831587220138e-12
"hsa-miR-600"	306.131850455058	1.42846503700715e+92	299.797776407051	28.1925548991858	7.84516870274976e-13	2.69831587220138e-12
"hsa-miR-520a-3p"	87.6241146732754	2.38499163500089e+26	90.5689262172582	28.1555301661236	7.97522611180243e-13	2.73080286953235e-12
"hsa-miR-767-3p"	109.77858471431	1.11338888277232e+33	99.7574605523587	28.0927716163084	8.20101637726134e-13	2.7956353606042e-12
"hsa-miR-596"	90.8138760237606	2.17620951918987e+27	95.5848532728	27.9169100881989	8.87123126638776e-13	3.00040670023283e-12
"hsa-miR-106a-5p"	740.028501040041	5.89897369174628e+222	745.39723051491	27.9147172262688	8.8799520332836e-13	3.00040670023283e-12
"hsa-miR-130b-5p"	134.185416335177	2.47648269473076e+40	134.00051664098	27.8900964906349	8.97850257692143e-13	3.02039977039418e-12
"hsa-miR-519c-3p"	81.2993490050197	2.97538163764419e+24	90.474962330444	27.86671931708	9.07316692432327e-13	3.02841774471558e-12
"hsa-miR-382-5p"	352.908912985522	1.72253694649761e+106	356.63119198838	27.8647219548161	9.08130484073774e-13	3.02841774471558e-12
"hsa-miR-492"	104.118522161764	2.20190346506897e+31	95.582122383672	27.7464072654389	9.57767758228037e-13	3.18012065177881e-12
"hsa-miR-548a-5p"	95.1879660550126	4.51266410805834e+28	85.2871541323381	27.684771016524	9.84777964975749e-13	3.25570991007069e-12
"hsa-miR-429"	81.0507485797156	2.50441613729558e+24	86.548368429892	27.613835209013	1.01688318805573e-12	3.34742234008045e-12
"hsa-miR-15b-3p"	97.7148511621023	2.6007656566915e+29	100.711549474436	27.4672312108901	1.08686687533514e-12	3.56045830023792e-12
"hsa-miR-616-5p&hsa-miR-616-3p"	89.5822294543923	9.26697826090717e+26	89.0092041614805	27.4517125285959	1.09457330723455e-12	3.56045830023792e-12
"ebv-miR-BART1-3p"	105.604657887971	6.16835991310582e+31	109.064377165775	27.4498029819889	1.09552563084244e-12	3.56045830023792e-12
"hsa-miR-155-3p"	90.6026980031031	1.87987852639739e+27	87.5513660824515	27.4314886491505	1.10470477964566e-12	3.57514162864228e-12
"hsa-miR-539-5p"	163.910072138548	2.19709231570792e+49	175.293180157675	27.4156704876067	1.11269955959787e-12	3.58588471517464e-12
"hsa-miR-486-3p"	86.8537830776866	1.39827934775611e+26	78.5373798520837	27.2760220594432	1.18604658805893e-12	3.80626666544435e-12
"hsa-miR-302c-5p"	264.269600387628	3.57335907173096e+79	248.09424011736	27.2092140234906	1.22296362551337e-12	3.90838791986982e-12
"hsa-miR-525-5p"	455.316294034759	1.15840925607336e+137	441.683701012314	27.1730028733611	1.24348916537211e-12	3.95281591014444e-12
"hsa-miR-541-3p"	89.152707456446	6.88080323824846e+26	84.8073947551813	27.1665726021457	1.24717268612119e-12	3.95281591014444e-12
"ebv-miR-BART12"	111.095396093489	2.77361772668826e+33	121.430301575101	27.1391932289382	1.26298883017722e-12	3.9746147238085e-12
"hsa-miR-208a-3p"	237.93425654094	4.2203475285844e+71	226.827227629964	27.1367432608434	1.26441459271092e-12	3.9746147238085e-12
"hsa-miR-135b-5p"	101.79898544964	4.41111264663143e+30	110.292289707141	27.1258322922848	1.27078534035681e-12	3.97833614715784e-12
"ebv-miR-BART14-3p"	91.7009856630397	4.02482791558538e+27	94.4852110378603	27.1138316800312	1.2778322774591e-12	3.9841355967932e-12
"hsa-miR-515-3p"	88.3351923446206	3.90429449567583e+26	92.7816841395005	27.0860966803204	1.29428030698156e-12	4.00813282911888e-12
"hiv1-miR-H1"	108.165776098336	3.64034974138305e+32	104.529926897965	27.0832516825729	1.29598036717273e-12	4.00813282911888e-12
"hsa-miR-626"	82.2740358668729	5.84726343293109e+24	85.5590460640428	26.9588885547324	1.37269823784409e-12	4.2283516001061e-12
"hcmv-miR-US33-3p"	84.777574922517	3.31583576301172e+25	76.1415885233451	26.9103975381782	1.40392555099939e-12	4.30724359046614e-12
"hsa-miR-423-5p"	1272.82341151412	Inf	1279.75917941562	26.8855957821776	1.42019254568819e-12	4.33979156391571e-12
"hsa-miR-16-1-3p"	99.7653258293305	1.0773469880086e+30	102.280040441397	26.8312792591052	1.45653151865406e-12	4.43317331272882e-12
"hsa-miR-20b-5p"	206.798859999706	1.78920428263402e+62	204.934780758062	26.7482929143769	1.51399976502926e-12	4.58987280544442e-12
"hsa-miR-27a-5p"	112.113117389198	5.61579494438826e+33	110.580433820435	26.7084987172267	1.54241984876585e-12	4.65468760129286e-12
"hsa-miR-183-3p"	229.493417883138	1.2145141814513e+69	228.080966828475	26.7014455755188	1.54751673836985e-12	4.65468760129286e-12
"hsa-miR-378a-5p&hsa-miR-378a-3p"	329.426696232899	1.46999865908153e+99	351.158334926172	26.6403167715618	1.59245877899599e-12	4.77115579488252e-12
"hsa-miR-105-3p"	98.7161382434095	5.206173861362e+29	95.0429567056897	26.5479406650479	1.66306343326068e-12	4.96330604401144e-12
"hsa-miR-30c-5p"	6970.23698741212	Inf	6856.03024541575	26.5229832370112	1.68271241128281e-12	5.0024822459454e-12
"hsa-miR-23a-5p"	110.08006699105	1.3721515767642e+33	117.296820949613	26.5105319693826	1.69260868757296e-12	5.01247437594001e-12
"hsa-miR-215-5p"	153.457797186766	1.56819484440357e+46	150.617238367127	26.491982391981	1.70746838505953e-12	5.0370317359256e-12
"hsa-miR-152-3p"	199.067130162664	8.41738767517268e+59	210.701247237369	26.4788633935458	1.71806258373683e-12	5.0418218856285e-12
"hsa-miR-615-3p"	248.602254800247	6.86650411364383e+74	242.511129000772	26.4737155589727	1.7222390274246e-12	5.0418218856285e-12
"ebv-miR-BART19-5p"	103.012972679693	1.02328054940295e+31	93.1695228419801	26.4359476406039	1.7532167557899e-12	5.1129933524367e-12
"hsa-miR-508-3p"	93.9867659386835	1.96261784349561e+28	97.1715525709835	26.423813371329	1.76329644339338e-12	5.12291050031335e-12
"ebv-miR-BART11-3p"	94.6999354831834	3.21751935350037e+28	89.6426665864268	26.3308481886486	1.84262412369673e-12	5.33318001085054e-12
"hsa-miR-125b-2-3p"	188.32042734812	4.89888706891954e+56	184.788875508433	26.2920462739436	1.87686397258113e-12	5.41185965026213e-12
"hsa-miR-579-3p"	91.4545484501072	3.39283174846872e+27	66.5374227995681	26.233539641303	1.92979443713814e-12	5.54364169769644e-12
"hsa-miR-1307-3p"	108.08323453846	3.43791887571916e+32	106.25058054619	26.2147209209306	1.94715967079695e-12	5.57265472948233e-12
"hsa-miR-380-5p"	81.1932706069322	2.76445737998451e+24	81.2255485471233	26.1868576135575	1.97318082377601e-12	5.62613268340593e-12
"hsa-miR-34b-5p&hsa-miR-34b-3p"	1862.65231650912	Inf	1822.81712423278	26.1770172427051	1.98245992585605e-12	5.63165467826515e-12
"hsa-miR-933"	8122.97171909953	Inf	7377.89429520435	26.1445421052863	2.01341787562853e-12	5.68596257282196e-12
"hcmv-miR-US25-1-3p"	124.234623527392	2.50235073771208e+37	115.8359096279	26.1414381892871	2.01640393716763e-12	5.68596257282196e-12
"hsa-miR-508-5p"	109.564494444766	9.59840979170624e+32	97.1235805311872	26.0945645079683	2.06208269466773e-12	5.79347042787599e-12
"hsa-miR-192-3p"	56.9548796926988	139677735962421648	71.2661413932584	26.0740503810008	2.0824234990037e-12	5.82926578005781e-12
"hsa-miR-892b"	91.5729284507439	3.68297062063682e+27	96.0032010175824	26.047573466747	2.10899686472313e-12	5.8821839827005e-12
"hsa-miR-601"	145.534061824182	6.45829680221839e+43	157.780436711227	25.8696686152865	2.29730565605775e-12	6.38417912389963e-12
"hsa-miR-589-3p&hsa-miR-589-5p"	179.755817582339	1.29387698357159e+54	162.083578778198	25.854387131808	2.31430573292225e-12	6.40820396083526e-12
"hsa-let-7c"	14459.5429356154	Inf	14570.4183001748	25.7905142475495	2.38684328737037e-12	6.58528345832041e-12
"hsa-miR-7-1-3p"	126.214432897889	9.87029625169646e+37	126.758431715399	25.7678663767493	2.41314857111549e-12	6.6245541323029e-12
"hsa-miR-26b-5p"	14561.6170122397	Inf	14213.9869435545	25.7634188547784	2.41835092183157e-12	6.6245541323029e-12
"hsa-miR-7-2-3p"	195.55364332555	7.37076224093934e+58	195.497837225642	25.6236748087791	2.58812601576759e-12	7.06438666937275e-12
"hsa-miR-885-5p"	1516.77286504616	Inf	1475.50705986074	25.5235675792143	2.71762326484947e-12	7.39154980191328e-12
"ebv-miR-BART5-5p"	201.960623392348	6.25468703873607e+60	197.00544672505	25.3479705527564	2.96194596163814e-12	8.02760619284966e-12
"hsa-miR-134-5p"	118.786914461256	5.7335597832147e+35	110.893550974033	25.2378480767526	3.12717262080294e-12	8.42157007007614e-12
"hsa-miR-548b-5p"	103.441001374604	1.37671547860356e+31	98.4616171097999	25.2364930034293	3.12926658405698e-12	8.42157007007614e-12
"hsa-miR-543"	102.020822399489	5.14431702345975e+30	98.6453050888199	25.2287189153998	3.14130892920484e-12	8.42441940104934e-12
"kshv-miR-K12-9-5p"	94.0183251163154	2.00602343416726e+28	83.9075770817998	25.1947007740072	3.19459459509611e-12	8.5374705729572e-12
"hcmv-miR-US4-5p"	76.4806521595329	1.05431500627738e+23	72.4142848507618	25.1815769346091	3.21541123581613e-12	8.56326533982977e-12
"hsa-miR-631"	109.618349306358	9.96348373995271e+32	95.0336452325277	25.1012654497126	3.34602504951928e-12	8.88028101377609e-12
"hsa-miR-325"	111.563128340922	3.83573010137163e+33	104.767593777658	24.953894096945	3.60081032345608e-12	9.52352247617521e-12
"hsa-miR-28-3p"	99.9115085790385	1.19223260404741e+30	98.8445782526974	24.9295985772897	3.64478468167186e-12	9.60481450980417e-12
"hsa-miR-200b-3p"	106.589625837066	1.22088456596782e+32	111.523725654578	24.9231290356498	3.65659170386287e-12	9.60481450980417e-12
"hsa-miR-33b-3p"	74.8154752069188	3.32431506054593e+22	71.6011594565957	24.8501065392428	3.79275384727328e-12	9.92847167528534e-12
"hsa-miR-135a-3p"	112.130109158422	5.68232767222721e+33	111.939654110431	24.8035337861496	3.88244240178382e-12	1.01286847692796e-11
"hsa-miR-576-5p"	156.146791591363	1.01127203024457e+47	162.86132740566	24.7902851125894	3.90837182005139e-12	1.01617667321336e-11
"kshv-miR-K12-9-3p"	68.1802805116289	3.3443332506128e+20	69.5895986899089	24.7754624710028	3.93760299428373e-12	1.0170339451257e-11
"ebv-miR-BART20-5p"	109.928902549293	1.23565450750422e+33	103.018175847455	24.7751666266239	3.93818880967838e-12	1.0170339451257e-11
"hsa-miR-24-3p"	5200.35955635456	Inf	5454.38172734596	24.7580875801909	3.97216751323241e-12	1.02236660491586e-11
"hcmv-miR-US25-1-5p"	87.4846834296947	2.16527904788552e+26	95.9171405371394	24.7272436557388	4.03433424563334e-12	1.03489443692334e-11
"hsa-miR-671-3p"	105.90924125276	7.61830639238424e+31	102.023351977227	24.7111348128385	4.06721798108919e-12	1.0398520638318e-11
"hsa-miR-367-3p"	85.747161289971	6.49333174093997e+25	89.9322652647541	24.6677176538889	4.15729387313496e-12	1.05935029923406e-11
"hsa-miR-890"	161.419022587264	3.90811801247688e+48	157.484588946704	24.5989793164669	4.30432637194127e-12	1.09318487658244e-11
"hsa-miR-302b-5p"	100.035016611527	1.29879502622772e+30	92.371665618876	24.5712209834455	4.36528130628957e-12	1.10500685212017e-11
"hsa-miR-30a-5p"	6408.65022597609	Inf	6196.37462966322	24.3311598932313	4.9329411862081e-12	1.24459404270448e-11
"hsa-miR-519b-3p"	75.6709098177552	6.01469562035449e+22	84.0814508014032	24.2854813222803	5.04969954051548e-12	1.265031223479e-11
"hsa-miR-877-3p"	96.2912942625338	9.69544828792363e+28	103.918032312754	24.2852678806902	5.05025205302232e-12	1.265031223479e-11
"hsa-miR-520e-3p"	83.6680317425415	1.5366934235717e+25	93.1475537683879	24.2743996702134	5.07847163843236e-12	1.265031223479e-11
"hsa-let-7d"	795.64627910558	3.26133903985691e+239	830.897422946688	24.2738448558756	5.07991677746455e-12	1.265031223479e-11
"hsa-miR-20b-3p"	161.377356320426	3.79686253118036e+48	158.391834184857	24.1628417339381	5.37815736133111e-12	1.33291353363108e-11
"hsa-miR-138-1-3p"	1014.3582098332	2.25033672490406e+305	987.582547598105	24.1595571992482	5.38726460789614e-12	1.33291353363108e-11
"hsa-miR-199a-5p"	187.738334686407	3.27242782395498e+56	193.725786465325	24.1481832495344	5.41893049780799e-12	1.33643719994171e-11
"hsa-miR-22-3p"	6426.70920075581	Inf	6656.20615267053	24.096734651759	5.56469284746922e-12	1.36798699166952e-11
"hsa-miR-409-5p"	221.827548300622	5.98061578950345e+66	208.920326314417	24.0542149613571	5.68834653531224e-12	1.39391750561805e-11
"hsa-miR-656-3p"	175.757421409876	8.09572607247817e+52	180.126795014089	24.0151530292707	5.80455566216723e-12	1.41786439263766e-11
"hsa-miR-944"	110.96991313322	2.54256737086047e+33	107.295629313207	24.0008916185123	5.84761840762131e-12	1.42384867258589e-11
"ebv-miR-BHRF1-3"	139.882232240364	1.28454039112402e+42	143.361918413473	23.9237784638527	6.08650374216056e-12	1.47732543361935e-11
"hsa-miR-302d-3p"	81.5385349627608	3.51192171416474e+24	88.8874690178661	23.8287359661337	6.39549171012545e-12	1.54742654311237e-11
"hsa-miR-888-5p"	105.421171899748	5.43168930154935e+31	79.2417451720349	23.8051153192802	6.47487733064309e-12	1.56170783415197e-11
"hsa-miR-509-3p"	94.5649930104988	2.93021465390774e+28	97.9390201500346	23.7985151886728	6.49724867958016e-12	1.56219114019999e-11
"hsa-miR-214-3p"	436.437834644196	2.40369561137629e+131	431.346706101579	23.6266955269132	7.10994058977474e-12	1.70416388511163e-11
"hsa-miR-199b-5p"	96.9662867754049	1.547964111188e+29	105.843798614438	23.5001747587028	7.60079896930215e-12	1.81614106213544e-11
"hsa-miR-802"	89.9928433707445	1.23181432332343e+27	77.6389005472655	23.4891326267528	7.64533877353744e-12	1.82111019854137e-11
"hsa-miR-99b-5p"	2109.63022449924	Inf	2077.41380872975	23.4582813433995	7.77127787829724e-12	1.84537775004767e-11
"hsa-miR-27b-5p"	112.995106714628	1.03494312603556e+34	111.594768628002	23.3819731528815	8.09247881062916e-12	1.91571952091129e-11
"hsa-miR-299-3p"	160.112471075871	1.57999776899825e+48	159.889058332044	23.3526931340638	8.2194971811119e-12	1.93504657355637e-11
"hsa-miR-26a-1-3p"	93.9071139260967	1.85719753252316e+28	100.032516088468	23.3515319205968	8.22457865683673e-12	1.93504657355637e-11
"hsa-miR-559"	92.8890734178093	9.17059191759371e+27	81.1787193935679	23.2423161086262	8.71797342150878e-12	2.03912577662603e-11
"kshv-miR-K12-5-3p"	188.400346078138	5.17792031939295e+56	182.534214998715	23.2418554815664	8.7201206614516e-12	2.03912577662603e-11
"hsa-miR-29a-5p"	209.21441599251	9.5458529305799e+62	218.910008019357	23.1849261217156	8.98993718080616e-12	2.08973019965225e-11
"hsa-miR-885-3p"	142.56314429005	8.23725873399698e+42	150.620454519398	23.1847021045683	8.99101650437085e-12	2.08973019965225e-11
"hsa-miR-93-5p"	534.714876049161	9.2303212961182e+160	542.082606747986	23.174215013785	9.04170025507014e-12	2.09516135819903e-11
"hsa-miR-660-5p"	138.907905477622	6.53801907950134e+41	135.946304487825	23.1291080047507	9.26323587172825e-12	2.14003069687216e-11
"hsa-miR-582-3p"	130.169833462939	1.53117349563175e+39	116.937034922085	23.0887847908183	9.46622997385336e-12	2.18035987686052e-11
"hsa-miR-200a-3p"	95.6111858970403	6.05110760620961e+28	96.5341568483564	23.0763711339562	9.52968301904564e-12	2.18840325617006e-11
"hsa-miR-374b-5p"	429.022940335311	1.40855519229816e+129	428.301460167837	23.0639399198328	9.59368510660182e-12	2.19652432142197e-11
"hsa-miR-519e-5p"	589.440895315385	2.75036391222769e+177	534.363947993135	23.0496989027058	9.66757441766952e-12	2.20685404117635e-11
"hsa-miR-571"	94.1754883668103	2.2369014689622e+28	97.8088807576303	22.9768791436058	1.00551019399681e-11	2.28850539701945e-11
"kshv-miR-K12-11-3p"	104.703550570415	3.30300608834183e+31	109.077981414603	22.967028491065	1.01087962396211e-11	2.29391914668325e-11
"hsa-miR-548c-5p"	106.131230356927	8.88553975206482e+31	104.271104018244	22.9471199025086	1.02182597995893e-11	2.31191895760619e-11
"hsa-miR-301b-3p"	106.084243520222	8.60081025965864e+31	115.145455151855	22.9409415101909	1.02524895405434e-11	2.31284102282258e-11
"hsa-miR-149-3p"	1415.39056376383	Inf	1376.31338030393	22.9249263930128	1.03417933034211e-11	2.32614529727976e-11
"hsa-miR-421"	201.667121461789	5.10331880025989e+60	208.567232382422	22.8868715131149	1.05573737965521e-11	2.36769172571797e-11
"hsa-miR-103a-3p"	2613.43876485212	Inf	2520.80519313952	22.8796466267237	1.05988467104126e-11	2.37006280667243e-11
"hsa-miR-455-3p"	110.32681908556	1.62810297900888e+33	108.770296455735	22.7819053202702	1.11774893675284e-11	2.48370398580817e-11
"hsa-miR-423-3p"	555.898847554241	2.19901235218471e+167	559.952769620606	22.7781224753943	1.1200557556944e-11	2.48370398580817e-11
"hsa-miR-942-5p"	95.6903209802718	6.39229648096687e+28	100.587645606548	22.7719849451063	1.12380940174404e-11	2.48370398580817e-11
"hsa-miR-552-3p"	131.438441553721	3.68904107640365e+39	130.738579854666	22.7678458710152	1.12634846169686e-11	2.48370398580817e-11
"hsa-miR-376b-3p"	161.724805288435	4.83078194806644e+48	159.526855701187	22.7669551327572	1.12689568065351e-11	2.48370398580817e-11
"hsa-miR-652-3p"	155.973399918258	8.96751064926205e+46	151.655241175535	22.6782609746723	1.18284485093883e-11	2.59954727985697e-11
"ebv-miR-BART13-5p"	76.8702554584285	1.3811875893325e+23	85.3020917042077	22.6641042580219	1.19204859121689e-11	2.61228934132387e-11
"kshv-miR-K12-2"	86.7036995881454	1.26012698268517e+26	88.6710924843751	22.5961602572547	1.23730747843816e-11	2.70374597140191e-11
"hsa-miR-518e-3p"	105.256828964265	4.84688557134782e+31	102.335555483203	22.5807074531653	1.24785708423145e-11	2.71905222615205e-11
"hsa-miR-140-3p"	1280.96924658852	Inf	1270.21411759094	22.51161748676	1.29622383319737e-11	2.81166119515901e-11
"hsa-miR-624-5p"	79.5135346165247	8.62897043200988e+23	73.9363616125265	22.5095670051671	1.29768978238108e-11	2.81166119515901e-11
"hsa-miR-99b-3p"	278.378730363825	6.31463124781957e+83	285.646821788277	22.5009067740711	1.30390095853542e-11	2.813850580101e-11
"hsa-let-7g"	251.859906067674	6.56729358520718e+75	250.682626371668	22.4979379839658	1.30603755738716e-11	2.813850580101e-11
"hcmv-miR-UL36-3p"	73.952382176216	1.82761740716823e+22	75.0387844267947	22.4589980253231	1.33441391041505e-11	2.86693408764243e-11
"hsa-miR-517-5p"	104.660927157034	3.20684853748559e+31	105.117909930619	22.43256500525	1.35405414217781e-11	2.90100426550386e-11
"hsa-miR-206"	127.526713763671	2.45112856578318e+38	127.35410037727	22.4225127159441	1.36160469309208e-11	2.90905515209367e-11
"hsa-let-7b"	5845.34113823894	Inf	5985.42689820886	22.4006249738046	1.37820248881177e-11	2.9363369692184e-11
"hsa-miR-433-3p"	256.512791209709	1.65213079225197e+77	269.277551158465	22.3794513305604	1.39446627327362e-11	2.96275798227388e-11
"hsa-miR-603"	107.521901712843	2.32979445020815e+32	117.303520789892	22.3679515601135	1.40338592434554e-11	2.97347238666582e-11
"hsa-miR-29b-2-5p"	143.80511785967	1.94829181385943e+43	137.456958254654	22.3504484603613	1.41708011725201e-11	2.99421611551595e-11
"hsa-miR-17-5p"	777.744808334618	1.33203697623469e+234	789.639377435335	22.3321737763776	1.43153168609239e-11	3.01644176712325e-11
"hsa-miR-146a-5p"	213.072498688747	1.3842462523253e+64	220.334318851371	22.3271919164156	1.43549880082715e-11	3.01651391845047e-11
"hsa-miR-938"	215.875831106174	9.66274462616708e+64	201.326774847628	22.2768305378362	1.4762735797431e-11	3.09372086246711e-11
"hsa-miR-493-5p&hsa-miR-493-3p"	131.133621075398	2.98643717984246e+39	118.361455453839	22.1793976010255	1.5587443315234e-11	3.25764823509114e-11
"hsa-miR-297"	166.102716975176	1.00438489060962e+50	176.380898748696	22.0959373493935	1.6333380424583e-11	3.40426706131935e-11
"hsa-let-7b-3p"	246.479162043456	1.57623541556704e+74	255.424818574715	22.0042093690756	1.71977959333833e-11	3.57471801650543e-11
"hsa-miR-23b-3p"	6988.39317808194	Inf	7191.94344517046	21.8662664828068	1.85918029239943e-11	3.85403049802801e-11
"hsa-miR-143-5p"	104.781630683692	3.48669396768831e+31	98.273115182909	21.7818625329291	1.95044229518433e-11	4.03231601187704e-11
"ebv-miR-BART1-5p"	112.992482666526	1.03306242900597e+34	120.511348832354	21.7586202507077	1.97641191408349e-11	4.07502133898397e-11
"hsa-miR-138-2-3p"	142.96479394817	1.08815635392808e+43	147.200975281684	21.7217210361639	2.01840888235256e-11	4.15045472590995e-11
"ebv-miR-BART20-3p"	110.866548868688	2.36677364847557e+33	102.860360951571	21.6932452282335	2.05147549096928e-11	4.20717032506267e-11
"hsa-miR-770-5p"	113.367309677899	1.33955558920028e+34	111.243489800613	21.6816885534498	2.06506129710132e-11	4.2237387063379e-11
"hsa-miR-758-3p"	142.412205268118	7.41900278927165e+42	142.85265250567	21.630985876582	2.1258218231495e-11	4.33645036796719e-11
"hsa-miR-18b-5p"	187.453902801846	2.68687552695664e+56	191.371612582255	21.6025394902983	2.16075181501329e-11	4.3960123133029e-11
"hsa-miR-23a-3p"	2523.33918214554	Inf	2425.06219617823	21.5636187716795	2.20954831479818e-11	4.48339565463018e-11
"hsa-miR-410-3p"	429.603284167509	2.10607954524515e+129	406.840439364976	21.5524897104653	2.22371846189537e-11	4.50024290309695e-11
"hsa-miR-662"	119.764886762593	1.1293364431437e+36	116.475173410445	21.5278104461809	2.25549179717929e-11	4.55253212746451e-11
"hsa-miR-28-5p"	845.373805970647	3.03999693531222e+254	859.908041826653	21.4743114279014	2.32606020603093e-11	4.68264613655046e-11
"hsa-miR-483-3p"	97.5929297471864	2.39000725145349e+29	113.722225896248	21.4621151618721	2.34247830989929e-11	4.70335304631610e-11
"hsa-miR-663a"	96.6194550735646	1.21717813394284e+29	96.3523025097849	21.4224707987781	2.39671364117619e-11	4.7996850203189e-11
"hsa-miR-485-5p"	171.573317093496	4.45363786507217e+51	185.192392420417	21.4149933690855	2.40709385317227e-11	4.80791923276857e-11
"hsa-miR-181a-2-3p"	166.531975179754	1.352445478422e+50	156.235950265265	21.3396651706342	2.51440721088647e-11	5.00922163831148e-11
"hcmv-miR-UL22A-3p"	92.0666538169879	5.18590312060622e+27	93.8025553409179	21.3214421605352	2.54113445638107e-11	5.04935266332715e-11
"ebv-miR-BART3-5p"	79.3816298628375	7.87502050734746e+23	85.0691316053029	21.2426251011711	2.6603074179264e-11	5.26230729356808e-11
"hsa-miR-877-5p"	288.641515088288	7.7580761024099e+86	301.018245500346	21.2415153947638	2.66202767914526e-11	5.26230729356808e-11
"hsa-miR-520f-3p"	75.3146529379723	4.69861269062795e+22	79.4354522219585	21.0961626026728	2.89804933907265e-11	5.71414869683476e-11
"hsa-miR-450a-5p"	98.7034872833304	5.16072062137361e+29	112.16338812201	21.0773855536956	2.93014633559356e-11	5.76262112666734e-11
"hsa-miR-181a-3p"	250.418677692832	2.41842965774607e+75	244.028835614764	21.0549647626297	2.96897404329911e-11	5.82404882662511e-11
"hsa-miR-491-3p"	2538.63743521699	Inf	2449.38321849225	21.0121297351614	3.04470342597664e-11	5.95736614215327e-11
"hsa-miR-25-5p"	355.532036917281	1.06122514469281e+107	321.700316726833	21.001806808523	3.06326294864185e-11	5.97842921528829e-11
"hsa-miR-550a-3p&hsa-miR-550a-5p"	1483.06472576753	Inf	1526.28413061435	20.9922433001236	3.08056584332117e-11	5.99693909093233e-11
"hsa-miR-424-5p"	819.423422091211	4.68844903108934e+246	776.784704271856	20.9812524184704	3.10058128595236e-11	6.00724072348588e-11
"hsa-miR-657"	152.321398915106	7.13362137502151e+45	152.629767862851	20.9807377683195	3.10152193807094e-11	6.00724072348588e-11
"hsa-miR-587"	75.9172228618956	7.13446265388997e+22	78.1122095722068	20.9537732390744	3.15123873434326e-11	6.08816148423496e-11
"hsa-miR-15b-5p"	575.042869925446	1.27395075423004e+173	582.19919562187	20.93658743989	3.18337291022757e-11	6.13479151292599e-11
"hsa-miR-99a-3p"	160.816290455791	2.57351804986034e+48	171.946243482807	20.9231483225939	3.20874729546497e-11	6.16819342261061e-11
"hsa-miR-190b-5p"	95.108887421411	4.2719677757981e+28	93.6348147683217	20.8024898421034	3.44656530561642e-11	6.60878897351948e-11
"hsa-miR-340-3p"	235.064000542406	5.77185037216509e+70	244.181502866488	20.759010446518	3.53685771198312e-11	6.76501213239663e-11
"hsa-miR-186-5p"	250.00657882116	1.81752058575014e+75	273.192156047905	20.7340833318717	3.58976906187782e-11	6.84913649368231e-11
"hsa-miR-376a-3p"	312.730773282622	1.38466056993057e+94	312.601882814446	20.4987229931926	4.13353015849957e-11	7.86704126940241e-11
"hcmv-miR-UL148D"	327.040762814069	2.81241504071782e+98	355.675392400862	20.4877057781037	4.16106699502473e-11	7.89984748807913e-11
"hsa-miR-196a-3p"	264.123487001381	3.22917920272898e+79	237.717628973592	20.4431372535808	4.27449542856635e-11	8.09515554002565e-11
"kshv-miR-K12-6-5p"	137.920643816555	3.29800120563174e+41	128.827506368259	20.3998012516383	4.38798462327021e-11	8.2896162710548e-11
"hsa-miR-544a"	107.748470332942	2.72597304501337e+32	109.987601446971	20.3952291423768	4.40014599656344e-11	8.29216702546476e-11
"hsa-miR-548c-3p"	87.1887961308216	1.76377393859717e+26	87.0766731102486	20.2973534154952	4.66938271450733e-11	8.77798172065471e-11
"hsa-let-7a-5p"	11415.0408231492	Inf	10907.4302045561	20.2804590525604	4.71762469680543e-11	8.84698812334905e-11
"hsa-miR-623"	174.332367334995	3.01489216358734e+52	176.422153200179	20.2735261810931	4.73757659090873e-11	8.86273474445609e-11
"hsa-miR-518f-3p"	73.3769426337155	1.22648071231491e+22	70.035046098233	20.1582773703982	5.08290239991755e-11	9.48561104802132e-11
"hsa-miR-511-5p"	86.1872505455799	8.80942693768055e+25	91.0784041188602	20.1445874062668	5.12568949325824e-11	9.54224233332299e-11
"hsa-miR-151a-5p"	1146.820120656	Inf	1139.09675873791	19.9787379591808	5.67600019395623e-11	1.05411432173473e-10
"hsa-miR-574-3p"	502.280046231614	1.58986459918645e+151	507.820599918737	19.9448834207793	5.7959662420024e-11	1.07379374580093e-10
"hsa-miR-887-3p"	200.707661338375	2.62437820534985e+60	183.523045819695	19.9292396586698	5.85232053442454e-11	1.08162165057919e-10
"hsa-miR-19a-3p"	592.873218465431	2.96908331158256e+178	609.015410724035	19.8337897325135	6.20919901270877e-11	1.14482106796818e-10
"hsa-miR-876-3p"	177.639138669668	2.98338391222343e+53	181.102454235595	19.8070445297117	6.31334833634906e-11	1.16123217601432e-10
"hsa-miR-497-5p"	239.894439462399	1.64218496327467e+72	228.484528850944	19.6712681363366	6.87189782788114e-11	1.26094393157532e-10
"hsa-miR-339-3p"	148.360094136249	4.57971544558648e+44	146.673752541195	19.665513203909	6.89671804355297e-11	1.26247798076495e-10
"hsa-miR-486-5p"	266.217740654005	1.37887632445304e+80	254.666178939131	19.5303330587253	7.50837955375434e-11	1.37117312326895e-10
"hsa-miR-425-3p&hsa-miR-425-5p"	361.429385979706	6.32537815380061e+108	359.745234929713	19.4603277728278	7.84787228874864e-11	1.42976675664376e-10
"hsa-miR-554"	104.543856380693	2.95689997068516e+31	93.5550062838009	19.4198643725271	8.05160665420425e-11	1.46340812885655e-10
"hsa-miR-18a-5p"	201.337259579601	4.06026498864827e+60	202.525198983767	19.3855154446591	8.22902386453224e-11	1.49211851160667e-10
"hsa-miR-142-3p"	408.38547995338	8.63533637808172e+122	436.519150808673	19.3657034797564	8.33326528959502e-11	1.50745624460363e-10
"hsa-miR-106b-5p"	1750.86065984455	Inf	1778.99962569923	19.3394480183651	8.47360471674434e-11	1.52923642770421e-10
"hsa-miR-212-3p"	348.858672695344	1.03973994425918e+105	348.927527627868	19.3214779386101	8.57112271655781e-11	1.54320448910794e-10
"hsa-miR-889-3p"	155.541887712428	6.64926717345743e+46	155.885917270227	19.2921792848189	8.73271693196458e-11	1.5686168353201e-10
"hsa-miR-610"	124.480319820861	2.96694937433739e+37	127.613962328492	19.2761287296716	8.82263002713081e-11	1.57993055696199e-10
"hsa-miR-125b-1-3p"	230.256071780971	2.06055537338959e+69	246.542744988552	19.2735976135146	8.83689972538062e-11	1.57993055696199e-10
"hsa-miR-599"	89.0308702024102	6.32357204667635e+26	78.2406230788918	19.2439114533766	9.00612844551364e-11	1.60644198086255e-10
"hsa-miR-769-5p"	752.124034258603	2.58163459189685e+226	758.941941374225	19.1937655347974	9.29996378579428e-11	1.65500515631188e-10
"hsa-miR-130a-5p"	84.5006931353887	2.73680143031616e+25	87.4329526395485	19.1237066570651	9.72788703519275e-11	1.72715031388723e-10
"hsa-miR-496"	87.7448724323989	2.59321525569917e+26	84.2131550204755	19.115835790725	9.77727099695874e-11	1.73190920431117e-10
"hsa-miR-340-3p&hsa-miR-340-5p"	1362.75768804659	Inf	1351.38214033976	19.1008260697569	9.87219554889822e-11	1.74469446682141e-10
"kshv-miR-K12-1-5p"	141.832506635254	4.96408097781606e+42	141.65995717252	19.0697058818806	1.00721810141139e-10	1.77497357964384e-10
"ebv-miR-BART7-5p"	152.312042436993	7.08750656829136e+45	149.541179172843	19.0669944413005	1.00898107004526e-10	1.77497357964384e-10
"hsa-miR-138-5p"	5103.58333962883	Inf	5328.88660622744	18.9599235508645	1.08132345086617e-10	1.89788349385435e-10
"ebv-miR-BART19-3p"	280.129032017778	2.12442446269889e+84	302.140993609578	18.9492342691704	1.0888463725711e-10	1.90672412731058e-10
"hsa-miR-562"	81.5548550168154	3.55187482579598e+24	80.1404739947276	18.9223857029968	1.10799144840836e-10	1.93583016156995e-10
"hsa-miR-455-5p"	119.171092991234	7.48296314804469e+35	124.832365367523	18.887832904729	1.13316508528587e-10	1.97531277366877e-10
"hsa-miR-488-5p&hsa-miR-488-3p"	1002.05199719514	4.44332797265854e+301	1055.34501606279	18.8530231209409	1.1591494555423e-10	2.0160263773264e-10
"hcmv-miR-US33-5p"	91.7799650469663	4.25130712024882e+27	89.5390244117583	18.8420339002535	1.16748515236816e-10	2.02593011734475e-10
"hsa-miR-526b-3p"	113.677154834546	1.660479150909e+34	114.518245191274	18.8050372037209	1.19602593797704e-10	2.07077177071872e-10
"hsa-miR-592"	125.775672400772	7.28199065787895e+37	140.456974780934	18.787057995874	1.21016615103908e-10	2.09053476992562e-10
"hsa-miR-636"	139.204459724787	8.03004367441905e+41	126.51172502368	18.7352647047758	1.25191545852756e-10	2.15673960825475e-10
"hsa-miR-558"	74.6820103512188	3.03057650659816e+22	82.547137691655	18.7325882874329	1.25411455708164e-10	2.15673960825475e-10
"hsa-miR-568"	89.4251554651562	8.31101683304775e+26	76.0112980921654	18.698836208393	1.28220682713498e-10	2.20011775483788e-10
"kshv-miR-K12-4-3p"	86.8632141182418	1.40744998053059e+26	87.0884964786146	18.6829585900275	1.29565550217742e-10	2.21823162984394e-10
"hsa-miR-650"	103.889926500525	1.87924811798475e+31	99.4728808475939	18.6772230714862	1.30055086061926e-10	2.22165369731619e-10
"hsa-miR-580-3p"	89.9710785178804	1.21337034394541e+27	97.6824674453719	18.6440571384667	1.32925167256417e-10	2.26563562857049e-10
"hsa-miR-150-3p"	77.4551237744482	2.07164613452715e+23	83.1938732402625	18.5874466110537	1.37982738433891e-10	2.34662439864289e-10
"hsa-miR-25-3p"	178.189410700591	4.36875339481835e+53	184.056564144243	18.5628133339338	1.40247783928166e-10	2.37986836886954e-10
"hsa-miR-551b-3p"	3798.66413659394	Inf	3776.80021017969	18.5360953301307	1.4274983425672e-10	2.4119881031376e-10
"hsa-miR-193a-3p"	243.661891411733	2.23634145899464e+73	249.479906192727	18.5358865956994	1.42769569599018e-10	2.4119881031376e-10
"hsa-miR-132-3p"	952.182318081609	4.319555748632e+286	948.578866685457	18.4872821607206	1.47445933474063e-10	2.48551716427707e-10
"hsa-miR-337-5p"	175.992007293452	9.52518002266476e+52	185.419302771946	18.3793389715883	1.58431526822916e-10	2.66484607616616e-10
"hsa-miR-518c-3p"	66.104163625415	79311486461114859520	85.3133822845393	18.3341496040778	1.63289277563997e-10	2.74054433023163e-10
"hsa-miR-100-5p"	3272.7511967365	Inf	3336.44216472666	18.2079003705106	1.7773027245606e-10	2.97502710738306e-10
"hsa-miR-221-3p"	934.481680243078	2.02775813152691e+281	941.412730320287	18.2053468552009	1.780361723975e-10	2.97502710738306e-10
"hsa-miR-22-5p"	390.685739329178	4.05626589738192e+117	412.23344691375	18.1563905811941	1.84011804358233e-10	3.06819682484271e-10
"hsa-miR-150-5p"	226.421717541205	1.44453693158086e+68	233.411999974631	18.0731882814988	1.94668301886511e-10	3.23884137845887e-10
"hsa-miR-101-3p"	3039.21111705908	Inf	3093.24494277262	18.0070722200815	2.03609801624948e-10	3.3802752780592e-10
"hsa-miR-648"	101.036522986429	2.60030371535104e+30	88.133937586334	17.9718724706385	2.08549601412209e-10	3.4548065719906e-10
"hsa-miR-585-3p"	144.108847146679	2.40483692527581e+43	142.497002660645	17.8254055866925	2.30532897681444e-10	3.81074854572559e-10
"hsa-miR-9-3p"	13460.2712222727	Inf	13945.8429460081	17.7769247854783	2.3834852461097e-10	3.93146921240029e-10
"hsa-let-7i"	2487.83903476976	Inf	2563.83306866922	17.7063359534757	2.50242231200155e-10	4.11879380537593e-10
"hsa-miR-633"	84.417593545375	2.58361512858492e+25	81.5990198325381	17.6525245420992	2.59737640496495e-10	4.26592655804736e-10
"ebv-miR-BART18-3p"	154.483956431867	3.19377807254074e+46	154.880765346862	17.6258604793266	2.64585688758542e-10	4.33626545465388e-10
"hsa-miR-520d-5p"	3684.06925018435	Inf	3435.7935745883	17.6083057708989	2.67830565761732e-10	4.38008622471746e-10
"hsa-miR-221-5p"	243.069026599711	1.48275030950677e+73	252.18535062243	17.5879898380306	2.71639367444975e-10	4.43292329426162e-10
"hsa-miR-504-5p"	194.793298293141	4.3513672680495e+58	202.54838659667	17.5137573094964	2.860595826367e-10	4.65833757711994e-10
"hsa-miR-516a-5p"	454.719384655499	7.65904094354863e+136	447.769404143635	17.5052040792399	2.87773295415966e-10	4.67631605050945e-10
"hsa-miR-320a-3p"	1487.82033339998	Inf	1559.47156270325	17.4786044986017	2.93173702089899e-10	4.75113910388843e-10
"hsa-miR-32-5p"	212.655810595832	1.03699757687026e+64	218.416003184348	17.4764460542718	2.9361667995347e-10	4.75113910388843e-10
"hsa-miR-187-3p"	101.487589849448	3.55474729431581e+30	100.066671911154	17.3910802916166	3.11726860256634e-10	5.03356845930187e-10
"hsa-miR-708-3p"	118.468370870598	4.59762101789332e+35	131.709280653257	17.3565842967694	3.19382861606122e-10	5.14635829520789e-10
"hsa-miR-934"	638.043105965571	1.1752044364022e+192	599.444276248905	17.2289978811629	3.49505489901128e-10	5.61993104306426e-10
"hsa-miR-520a-5p"	137.785604064369	3.0033074544964e+41	144.649097067131	17.2054314026872	3.5539661114525e-10	5.70270294452734e-10
"hsa-miR-30e-3p"	546.903342432052	4.30834825241539e+164	589.955328429121	17.1427996905184	3.71578611974688e-10	5.94991222097256e-10
"hsa-miR-376c-3p"	737.83437223205	1.28907407351746e+222	721.977249617647	17.0755882229841	3.89829582712156e-10	6.21294479366427e-10
"hsa-miR-936"	133.647851736699	1.70613042929151e+40	130.060753579135	17.0751270407648	3.89958096536044e-10	6.21294479366427e-10
"hsa-miR-27b-3p"	2502.79431171035	Inf	2528.74076770461	17.0734156882507	3.90435383382814e-10	6.21294479366427e-10
"hcmv-miR-US25-2-3p"	89.9663418133503	1.20939309860262e+27	85.1436566943599	17.0571115775127	3.95014147787277e-10	6.27279195347499e-10
"hsa-miR-331-3p"	1148.63124970154	Inf	1166.8562723154	17.046975713486	3.97889742093666e-10	6.30540149144301e-10
"hsa-miR-296-3p"	154.750751360551	3.84253658439512e+46	157.780199414796	16.991218520914	4.14116257060933e-10	6.54901379723167e-10
"hsa-miR-16-5p"	4287.3479684926	Inf	4276.78003512272	16.9014431713797	4.4175727171213e-10	6.97176599595069e-10
"hsa-miR-374b-3p"	510.90952863563	6.29641275280609e+153	517.653399410659	16.872402131308	4.51118428550939e-10	7.10488366937516e-10
"hsa-miR-363-3p"	324.004424195707	3.4280757563639e+97	340.147711009794	16.860211274184	4.55111438654146e-10	7.15308347228954e-10
"hsa-miR-136-3p"	489.676735600138	2.55496876085255e+147	492.399844503859	16.8260121622982	4.6651733713669e-10	7.31735782380043e-10
"hsa-miR-570-3p"	81.2924251786513	2.96113630532798e+24	88.3108318794433	16.7961217535896	4.76738164048105e-10	7.46241166989585e-10
"hsa-miR-129-5p"	1494.30899694803	Inf	1538.90689946182	16.7196750826575	5.03990475700746e-10	7.87292657561042e-10
"hsa-miR-142-5p"	289.054130623592	1.03267505932773e+87	302.774750306233	16.7117292746909	5.06917742726099e-10	7.90255911932761e-10
"hsa-miR-494-3p"	1815.74093724707	Inf	1737.36931801181	16.6857680467831	5.16610130613531e-10	8.03732191035655e-10
"hsa-miR-369-3p"	223.767714298093	2.29506011131913e+67	229.320333484794	16.6821965776117	5.17959025301592e-10	8.0419953928405e-10
"hsa-miR-649"	111.643085756103	4.05431624063832e+33	106.25161581149	16.6465488034723	5.31632197911364e-10	8.23761405652558e-10
"hsa-miR-339-5p"	258.428836238374	6.23492813794623e+77	260.172023658842	16.6181138454304	5.42817089755088e-10	8.39396588391437e-10
"hsa-miR-19b-2-5p"	100.63521303659	1.96887318450244e+30	99.1865550020719	16.5915381978486	5.53499645075497e-10	8.54193617249308e-10
"hsa-miR-498-5p"	465.714228727208	1.56297580230271e+140	446.051844792728	16.5432227661541	5.73504479422876e-10	8.83289027544872e-10
"hsa-miR-132-5p"	477.935267243983	7.46193438978347e+143	498.470074393589	16.5284436930046	5.7977793966468e-10	8.91161682811242e-10
"hsa-miR-193b-5p"	262.918847470077	1.40106896742138e+79	260.4743270723	16.4966282123451	5.93534909078965e-10	9.10482550527133e-10
"hsa-miR-671-5p"	269.517540627853	1.35788842586152e+81	265.203971950758	16.4793110508672	6.0117000941351e-10	9.20354086267788e-10
"hsa-miR-223-3p"	385.466646317961	1.08898743729487e+116	405.868528584703	16.4591931335999	6.10172812048279e-10	9.32275989723168e-10
"ebv-miR-BART8-5p"	72.4647540640586	6.51725331580499e+21	81.2742038038157	16.3487917404708	6.62229159342258e-10	1.00980072607458e-09
"hsa-miR-597-5p"	106.809658662552	1.42203761428506e+32	95.5722725325726	16.2892742981363	6.92257365410389e-10	1.05349483982097e-09
"hsa-miR-301a-3p"	754.719690648295	1.5605051396136e+227	776.115892650566	16.2802902766466	6.96915820035347e-10	1.05848402765765e-09
"hsa-miR-581"	90.0104221122112	1.24691536967108e+27	98.0959041834827	16.2592557679293	7.07955148201179e-10	1.07312568907175e-09
"hsa-miR-218-5p"	497.164427481345	4.5856979890319e+149	497.821086121035	16.2118466174295	7.33531983096179e-10	1.10970223083781e-09
"hsa-miR-100-3p"	56.8828529229999	132875517444246112	61.2057907297895	16.1117274070318	7.90869662781784e-10	1.19408864439691e-09
"hsa-miR-598-3p"	319.142423489468	1.17880605843824e+96	325.573537392489	16.0521781303345	8.27244780990056e-10	1.24655549512647e-09
"hsa-miR-140-5p"	377.12940979329	3.36716652229764e+113	398.933501021339	15.9741061842145	8.77683738604733e-10	1.31996750492124e-09
"hsa-miR-376a-5p"	522.906794643751	2.57412791480125e+157	542.93053521005	15.9699740395496	8.80443900586707e-10	1.32152734197652e-09
"hsa-miR-363-5p"	122.349322774329	6.77354630800653e+36	140.023581851128	15.8520016538215	9.63318060989571e-10	1.44131316520314e-09
"hsa-miR-19b-3p"	615.41631594164	1.81455827172829e+185	654.56442402047	15.8510667785852	9.64007371250601e-10	1.44131316520314e-09
"hsa-miR-181a-5p"	2392.80424136263	Inf	2436.068033003	15.826848725442	9.82050108256659e-10	1.46543274909116e-09
"hsa-miR-516b-5p"	285.119689526509	6.75427753410755e+85	279.37568524523	15.7496148596019	1.04205719717266e-09	1.55195702957559e-09
"hsa-miR-622"	171.598524613917	4.53213794947687e+51	181.891871461184	15.7082719778018	1.07578845635197e-09	1.59908865508133e-09
"hsa-miR-432-3p"	94.9251248527254	3.76105706475414e+28	97.8285276397939	15.6631170158584	1.11397585500084e-09	1.65264889900511e-09
"hsa-miR-127-5p"	321.203286585398	4.91840138436207e+96	330.590983815426	15.6569428699848	1.11930954156163e-09	1.65735602003431e-09
"hsa-miR-193b-3p"	441.296701012438	6.97499647243082e+132	444.842088110872	15.6364990210313	1.13716730876988e-09	1.68055361430925e-09
"hsa-miR-891a-5p"	338.449276738848	7.64512004506813e+101	335.507803650524	15.554992839665	1.21146775425212e-09	1.78691493752188e-09
"hsa-miR-383-5p"	217.532076880894	3.04565116846397e+65	238.713909876766	15.4966853571866	1.26781541344096e-09	1.86643843015205e-09
"kshv-miR-K12-10a-3p"	109.00279517028	6.50295812560359e+32	138.026401676835	15.4853670431894	1.2790763178526e-09	1.87940907240028e-09
"hsa-miR-302c-3p"	89.0049704390799	6.21106201246859e+26	99.7942905144328	15.4792621256938	1.2851948643207e-09	1.88478864423323e-09
"hsa-miR-216b-5p"	99.2403618590591	7.48730802361e+29	96.4577006300991	15.3754314259017	1.39422145301788e-09	2.0407783482151e-09
"hsa-miR-647"	168.658310449997	5.9048716684303e+50	164.742386546892	15.3363102307322	1.43784413482046e-09	2.09729746714312e-09
"hsa-miR-654-3p"	257.491616172474	3.25611773613212e+77	270.29358193653	15.3359054506857	1.43830308698472e-09	2.09729746714312e-09
"hsa-miR-634"	1980.37101671493	Inf	1936.15831423882	15.2568144616224	1.53107325316939e-09	2.22807229924539e-09
"hsa-miR-154-3p"	215.138457163736	5.79600601035555e+64	221.769984426321	15.2545709576925	1.53379683702942e-09	2.22807229924539e-09
"hsa-miR-924"	88.9271215022515	5.88479041557686e+26	84.4946613617368	15.2439047815098	1.54681685229677e-09	2.2427382338594e-09
"hsa-miR-602"	228.786176895352	7.43878212453324e+68	216.106808600028	15.201148242202	1.60021401203234e-09	2.31578140986567e-09
"hsa-miR-432-5p"	368.442599125672	8.17097754931192e+110	386.880193251751	15.067744202268	1.77994809331754e-09	2.571036134792e-09
"hsa-miR-365a-3p"	614.93331025461	1.29829002272521e+185	651.615203836073	15.0551925485359	1.79794298948538e-09	2.59214712957761e-09
"hsa-miR-625-3p"	718.468505099543	1.90796750918642e+216	724.42414064275	15.0458727830751	1.81143088238501e-09	2.60669322099307e-09
"kshv-miR-K12-3-5p"	261.032651235672	3.79016284260621e+78	260.390145144545	15.0430595338307	1.81552365120273e-09	2.60769033796348e-09
"hsa-miR-361-5p"	1393.11393603027	Inf	1453.77074883972	15.0401591598761	1.8197535769569e-09	2.60888036173074e-09
"hsa-miR-510-5p"	439.440937568368	1.92709680236033e+132	422.500368805804	15.0313559802264	1.83265718258657e-09	2.62247772209683e-09
"hsa-miR-200b-5p"	365.767710844447	1.27953570588074e+110	370.352555837428	15.0191588832397	1.85069831296454e-09	2.64336239486741e-09
"hsa-miR-509-3-5p"	166.502994878881	1.3255491221295e+50	162.738542317912	15.0145669562706	1.85753975810177e-09	2.64820259194063e-09
"hsa-miR-489-3p"	72.8851106710673	8.72176838298952e+21	69.2401621550147	14.913965262764	2.01445361802692e-09	2.86657871062458e-09
"hsa-miR-302d-5p"	2317.08737464933	Inf	2279.82566550548	14.8926782559299	2.0494481429846e-09	2.9109754179059e-09
"hsa-miR-518a-3p"	183.391500035225	1.60820889702237e+55	179.167254150147	14.8701168917764	2.08725193400481e-09	2.9591908195595e-09
"hsa-miR-564"	84.5879250205744	2.90738604906641e+25	75.2089633893398	14.8604288374246	2.10371458838044e-09	2.97702784001439e-09
"hsa-miR-184"	518.507788641926	1.22010544879895e+156	533.569212968445	14.8355849090943	2.14657229136845e-09	3.03208277620553e-09
"hsa-miR-519a-3p"	107.933256052866	3.09847218324523e+32	114.541592651654	14.8170609648022	2.17913781860655e-09	3.07242409351329e-09
"hsa-miR-555"	80.8335156554012	2.15433316490714e+24	78.6599941451208	14.8047905260896	2.20100159830437e-09	3.09755637779716e-09
"hsa-miR-513a-5p"	410.221409126038	3.08282598149082e+123	407.874611322473	14.7868082615788	2.23346977667593e-09	3.13749325771142e-09
"hsa-miR-519d-3p"	4493.49339534372	Inf	4251.51201394362	14.6843222772915	2.42861689507866e-09	3.40539151467154e-09
"hsa-miR-412-3p"	117.278812412312	2.0157672823847e+35	121.231758168869	14.674909987623	2.44743662170511e-09	3.42551804534273e-09
"hsa-miR-329-3p"	631.244190374737	1.05544569161543e+190	614.462695291715	14.6566487791186	2.4843980551932e-09	3.47091677292019e-09
"hsa-miR-545-5p"	90.3741536785004	1.6044681114197e+27	84.1417399878948	14.6380745075216	2.52260916330526e-09	3.51789314228206e-09
"hsv1-miR-H1-5p"	206.149554238113	1.14077348529727e+62	210.254000403846	14.6035315420692	2.59536074655839e-09	3.61277984139798e-09
"hsa-miR-9-5p"	7329.02269760003	Inf	7355.92198629053	14.5603084482929	2.68958451613742e-09	3.73715819543007e-09
"ebv-miR-BART7-3p"	85.3015887890678	4.76800720832506e+25	88.300442215739	14.5346244846178	2.74730980889777e-09	3.81046405682566e-09
"hsa-miR-155-5p"	179.563442863573	1.13235454251325e+54	193.693424141724	14.4653525789095	2.90974037109733e-09	4.02846726467807e-09
"hsa-miR-668-3p"	241.173777145882	3.9860348230385e+72	247.381875303577	14.4405128417098	2.97047353846164e-09	4.10514090810825e-09
"hsa-miR-149-5p"	717.380475969127	8.97514699965713e+215	697.051916202975	14.4169089168374	3.02944852514364e-09	4.17911334313879e-09
"hsa-miR-324-5p"	267.091728080302	2.52709603241229e+80	273.060824758035	14.3808493919627	3.12198616118733e-09	4.29903659897789e-09
"hcmv-miR-US5-1"	87.6713464822133	2.46436510936238e+26	92.4483330042423	14.3561293320318	3.18717592245451e-09	4.38093894717314e-09
"hsa-miR-335-3p"	104.349819247024	2.58479220598941e+31	110.417603694948	14.3175095987261	3.2919653618155e-09	4.51593052535527e-09
"hsa-miR-136-5p"	660.548238938945	6.99573747575244e+198	639.324123770301	14.3156299201502	3.29715918409251e-09	4.51593052535527e-09
"hsa-miR-17-3p"	127.42434673226	2.28323463787807e+38	133.38629179556	14.2811653605266	3.39396677130686e-09	4.64023620961205e-09
"ebv-miR-BART2-3p"	2235.4611374926	Inf	2222.00907657496	14.2533945915798	3.47419356861706e-09	4.74147058208057e-09
"hsa-miR-487b-3p"	1138.85810694472	Inf	1137.81507528247	14.2063251760475	3.6148621388194e-09	4.92468785164207e-09
"hsa-miR-553"	183.408284934986	1.62702871861132e+55	182.158949101892	14.2031571224025	3.62454725953385e-09	4.92912721287671e-09
"hsa-miR-29c-5p"	359.91046104387	2.2072144336139e+108	356.323769266399	14.1774231024915	3.70425984463111e-09	5.02861469173817e-09
"hsa-miR-299-5p"	204.442285514687	3.49349657668513e+61	231.665765954079	14.1480522086535	3.79754543319074e-09	5.14614372306944e-09
"hsa-miR-643"	101.86597187533	4.62075638117657e+30	104.322710610159	14.1265785495351	3.86734419272867e-09	5.23148676511974e-09
"hsa-miR-575"	116.334315305166	1.04741413841662e+35	112.397463514789	14.1207366175825	3.88657056976181e-09	5.24823877994245e-09
"hsa-miR-133a-3p"	218.409447681306	5.59493555478641e+65	236.248718948023	14.1030926813061	3.94526444533622e-09	5.31813326814215e-09
"hsa-miR-920"	364.149034626385	4.16660484593087e+109	365.168164366814	14.0862294460508	4.00225184696595e-09	5.38548625723313e-09
"hsa-miR-127-3p"	423.092800138044	2.31006282389147e+127	442.213248528425	14.0461837249101	4.14115554430807e-09	5.56263800785339e-09
"hsa-miR-154-5p"	700.421422784787	7.04462474370075e+210	716.709285470498	14.0202761845157	4.23377195575183e-09	5.67710330430359e-09
"hsa-miR-654-5p"	113.243296993634	1.22921882580733e+34	111.189627646127	14.0136167397685	4.25793644796313e-09	5.69954145826827e-09
"hsa-miR-296-5p"	125.856037986828	7.69914625112754e+37	146.060388721179	13.9767146696496	4.39455217426879e-09	5.87216292275987e-09
"hsa-miR-92b-3p"	326.693457349678	2.21070121242489e+98	351.529157566956	13.9357690904729	4.55166780411174e-09	6.0715290534847e-09
"hsa-miR-342-3p"	1988.49652711017	Inf	2054.83230142897	13.9005418367934	4.69167277149181e-09	6.24741843009413e-09
"hsa-miR-578"	94.5441094519635	2.88810420183101e+28	101.898983379022	13.8620649549844	4.84989528632406e-09	6.44691453138744e-09
"hsa-miR-766-3p"	418.201054034839	7.78146704952143e+125	433.995947485252	13.8313479818674	4.98032105606428e-09	6.6088343425628e-09
"kshv-miR-K12-10b"	101.546221283218	3.70218871428271e+30	134.678169419601	13.8267840112256	5.00001916691543e-09	6.62351416411767e-09
"ebv-miR-BART2-5p"	80.9783735128038	2.38187753009336e+24	87.5348793594873	13.8014971370331	5.11068432185068e-09	6.75843943941289e-09
"hsa-miR-505-5p"	355.248069217106	8.71615081207658e+106	377.964983191481	13.7963928643688	5.13334004496365e-09	6.7767156875854e-09
"hsa-miR-509-5p"	604.170425257747	7.47171840252437e+181	588.511497627246	13.7442931591893	5.37085715983334e-09	7.07808838761542e-09
"hsa-miR-129-2-3p"	5375.03779013062	Inf	5535.04402233514	13.7275118600792	5.44985306364065e-09	7.16987529984971e-09
"hsa-miR-377-3p"	1077.96884613537	Inf	1058.35918117066	13.6923531998886	5.61943299978742e-09	7.38031697061121e-09
"hsa-miR-139-5p"	309.035570642132	1.06899700983825e+93	327.688763560554	13.6783356054245	5.68861608538537e-09	7.45840775639416e-09
"hsa-miR-379-3p"	206.880744355482	1.89369301079711e+62	204.916869539582	13.6182149963892	5.99588362101065e-09	7.84785450053783e-09
"hsa-miR-557"	272.428794373381	1.02150098316055e+82	247.365405471042	13.534434326364	6.45415658019486e-09	8.43328466270776e-09
"hsa-miR-625-5p"	671.536010166646	1.42063407933406e+202	685.421769254714	13.438129725198	7.02786027839505e-09	9.16729393457314e-09
"hsa-miR-128-3p"	4465.40168011332	Inf	4448.89170697688	13.3989503174926	7.27672128084652e-09	9.47579834025344e-09
"hsa-miR-642a-5p"	3691.34675637354	Inf	3821.15569416816	13.3823627331725	7.38491895709755e-09	9.60039464422681e-09
"hsa-miR-145-5p"	448.21395396411	8.43033083873943e+134	462.142519164208	13.294383824296	7.98841460108368e-09	1.03673671726416e-08
"hsa-miR-490-3p"	408.315663769992	8.22739776180124e+122	378.039654048181	13.2857911782276	8.05013361686996e-09	1.04298183853704e-08
"hsa-miR-20a-5p"	1418.06624944461	Inf	1490.8540883286	13.2350857850048	8.42492058631057e-09	1.08969883468806e-08
"hsa-miR-607"	79.8703978342305	1.10505912148072e+24	73.7330564614288	13.2249584399854	8.50199688337264e-09	1.09781676928398e-08
"hsa-miR-191-5p"	2571.90207915809	Inf	2644.78799314129	13.2196686780902	8.54255638256592e-09	1.10092463662854e-08
"hsa-miR-323a-3p"	236.308316499423	1.36738714016588e+71	243.919440950253	13.2180806808902	8.55477292608359e-09	1.10092463662854e-08
"hsa-miR-29b-1-5p"	141.506955607612	3.96130455179658e+42	147.405267098198	13.0944618326667	9.56584026112596e-09	1.22897813740094e-08
"hsa-miR-577"	52.6217047268724	6929653921510682	59.4440674491863	13.0665841746793	9.81112941186125e-09	1.2583839897822e-08
"hsa-miR-483-5p"	328.684636892102	8.78890597693032e+98	327.483548496165	13.0604574355162	9.8659369403025e-09	1.26330110738097e-08
"hsa-miR-146b-5p"	988.917466483636	4.94106591595542e+297	1036.17259887803	13.053349856441	9.92993076446331e-09	1.26937614939056e-08
"hsa-miR-133b"	283.223017880658	1.81394387111963e+85	302.11233036967	13.0166951110401	1.02671059027412e-08	1.31029454698876e-08
"hsa-miR-891b"	83.3717818140431	1.2514316022906e+25	91.2531987719056	13.0103833683237	1.03263956839637e-08	1.31567200823923e-08
"hsa-miR-487a-3p"	326.26575332521	1.64353254671277e+98	355.479923533708	12.9702875494256	1.07117265501441e-08	1.36250319468666e-08
"ebv-miR-BART8-3p"	416.829755315183	3.00787258342109e+125	404.020532650542	12.9458404863948	1.09542210849033e-08	1.39104098876173e-08
"hsa-let-7a-3p"	114.668853365956	3.30190391768441e+34	123.621785933193	12.8479688163215	1.19856948240372e-08	1.51950874876636e-08
"hsa-miR-448"	102.860456361543	9.20624932852043e+30	94.5654637294072	12.8453999829281	1.20141338828441e-08	1.52060077362069e-08
"hsa-miR-619-3p"	84.3945628051495	2.54269854950992e+25	78.2725133783008	12.8351154315467	1.21287196094984e-08	1.53257461951982e-08
"hsa-miR-222-5p"	107.664433126544	2.57172091729877e+32	95.0362707561656	12.8204744186496	1.22938708226382e-08	1.55088798042163e-08
"hsa-miR-187-5p"	637.856249526438	1.03243811492145e+192	593.415603572588	12.7804032506962	1.27583407951807e-08	1.60683865187251e-08
"hsa-miR-411-3p"	259.032567042008	9.47485415114914e+77	269.285231241492	12.7540951714479	1.30734990829007e-08	1.64383176993194e-08
"hsa-miR-7-5p"	3487.39750633679	Inf	3692.05899823489	12.7299618263503	1.3369959486594e-08	1.67835661640223e-08
"hsa-miR-640"	157.848911566871	3.29046415809009e+47	145.634898095638	12.5607809996509	1.5662070563619e-08	1.96287714416598e-08
"hsa-miR-107"	1793.97105440342	Inf	1883.31575974678	12.5337012129797	1.60665519167104e-08	2.01028471780047e-08
"hsa-miR-630"	385.566755539528	1.16723620049202e+116	392.648299159179	12.4279086702876	1.77575002638862e-08	2.21824148247569e-08
"hsa-miR-549a-3p"	944.846279230731	2.67344552965109e+284	912.427419328779	12.4257461751258	1.77939958964838e-08	2.21918615489481e-08
"kshv-miR-K12-8-3p"	286.265590961566	1.49461592704148e+86	276.794440065571	12.4238624637002	1.78258521776748e-08	2.21955010069424e-08
"hsa-miR-99a-5p"	1009.64545743843	8.58158828703329e+303	1039.67909466241	12.4121419251717	1.80254431841219e-08	2.23912046059324e-08
"hsa-miR-98-5p"	901.833081008411	3.01167750840376e+271	893.712541745883	12.4112101040797	1.804141388066e-08	2.23912046059324e-08
"hsa-miR-130a-3p"	1401.31941644855	Inf	1423.08908376929	12.3267384936514	1.95542165059206e-08	2.42295380614557e-08
"hsa-miR-92a-2-5p"	95.6337590810583	6.14653107325519e+28	100.158111386004	12.3190981682467	1.96976089359089e-08	2.43678484739389e-08
"hsa-miR-29b-3p"	5317.84631900212	Inf	5065.66007553831	12.2574273961675	2.08971849045929e-08	2.58102106631607e-08
"hsa-miR-514a-3p"	250.827563377986	3.2108522091349e+75	256.583197628955	12.2506347708939	2.10340252147631e-08	2.59374555301017e-08
"hsa-miR-524-5p"	301.540574555577	5.92594820111097e+90	291.672144061073	12.2155229517349	2.17568607777161e-08	2.67857338948768e-08
"hsa-miR-31-5p"	239.895943859414	1.64389827524587e+72	259.125557185838	12.2094396750591	2.18847809069961e-08	2.69000431981827e-08
"hsa-miR-203a-3p"	151.1275991045	3.11846233611333e+45	159.567128952201	12.0830815460928	2.47327208464354e-08	3.03519950227456e-08
"ebv-miR-BART16"	430.84837888483	4.99212702577012e+129	453.02544908054	12.0547899812623	2.54233319398938e-08	3.11496734790711e-08
"hsa-miR-198"	278.008785540903	4.88633801163723e+83	289.541179236488	12.0355372772785	2.59051091924496e-08	3.16893440998546e-08
"hsa-miR-211-5p"	103.163504915233	1.13581980557036e+31	108.741286244007	12.0126374060633	2.64909363899438e-08	3.2354376132304e-08
"hsa-miR-185-5p"	2728.12762213048	Inf	2755.25172131081	12.0092820531025	2.65779600083591e-08	3.24090545729911e-08
"hsa-miR-181c-3p"	98.6408220409973	4.94135699590519e+29	93.4195583051597	11.9916409042496	2.70405678496333e-08	3.29208183185219e-08
"hsa-miR-141-5p"	87.5758328360991	2.30649532627519e+26	106.2692630205	11.8713874610548	3.04334791728463e-08	3.69928344303853e-08
"hsa-miR-34a-5p"	1321.16367959565	Inf	1380.30235405432	11.8341986397629	3.15730535189404e-08	3.83172975459292e-08
"hsa-miR-21-5p"	668.097237688261	1.31011242180466e+201	679.41593137199	11.8116742888222	3.22854488326916e-08	3.91199672269739e-08
"hsa-miR-33a-5p"	599.554077490247	3.04622057549341e+180	596.156758349321	11.675094665039	3.69914533217043e-08	4.47514900595382e-08
"hsa-miR-204-5p"	368.150425017974	6.67299572853086e+110	408.233639955892	11.6075315561789	3.95867496343457e-08	4.7815806251249e-08
"hsa-miR-708-5p"	960.10943646727	1.05133106364798e+289	986.783237961485	11.5961813171494	4.00415753923876e-08	4.82891325879894e-08
"hsa-miR-374a-5p"	1313.09227761338	Inf	1471.46187290423	11.5420946563438	4.22872235837436e-08	5.0917269213079e-08
"hsa-miR-582-5p"	258.734831166448	7.70806031212298e+77	274.203658347676	11.5375144587837	4.24834968946675e-08	5.1073420247978e-08
"hsa-let-7f-5p"	381.786194632725	8.49369212501994e+114	370.488146059091	11.4679921477236	4.55857111595536e-08	5.47171212196833e-08
"hsa-miR-491-5p"	385.795587217493	1.36786723624759e+116	404.066344338972	11.450780098973	4.63906693556278e-08	5.55963178058852e-08
"hsa-miR-222-3p"	3408.52717432651	Inf	3608.45053871074	11.4102561661575	4.83466410103652e-08	5.78500369031983e-08
"hsa-miR-181b-5p"	627.023754366492	5.66184607312063e+188	646.029504271377	11.3920845088613	4.9252271619649e-08	5.88418883680231e-08
"hsa-miR-452-3p"	55.780137036242	61872036389588624	72.2635097098322	11.3709123929291	5.03304267373898e-08	6.00364499340248e-08
"hsa-miR-628-3p"	3670.00716281368	Inf	3953.04129763616	11.3368240249569	5.21198194493432e-08	6.20743812385811e-08
"hsa-miR-190a-5p"	387.107654494084	3.39637436167669e+116	419.528493609815	11.2067475493333	5.96004349569465e-08	7.08736955224464e-08
"hsa-miR-614"	101.79668885024	4.40409626456538e+30	98.239110184695	11.184490593261	6.09918785797064e-08	7.24160539793108e-08
"hsa-miR-495-3p"	376.074793380107	1.62103883963289e+113	396.0065070898	11.1767006480406	6.148707385357e-08	7.28911679222383e-08
"hsa-miR-30e-5p"	1257.98996407595	Inf	1367.88537525065	11.1506458568638	6.31748827834044e-08	7.47764430476407e-08
"hsa-miR-129-1-3p"	6241.46257675228	Inf	6475.10756354665	11.1432486263991	6.3663067028243e-08	7.52381701242871e-08
"hsa-miR-520d-3p"	105.584280949319	6.0818490429764e+31	100.997839861841	10.9550731073632	7.75451752629167e-08	9.15033068102417e-08
"ebv-miR-BART18-5p"	88.8096784849638	5.42471753311672e+26	96.3089452252447	10.9401730987559	7.87752387539157e-08	9.28119940464722e-08
"hsa-miR-30d-5p"	1450.37240673549	Inf	1608.21336344696	10.9145978351581	8.09355829049922e-08	9.52110308100139e-08
"hsa-miR-518b"	408.916653858181	1.24789641729148e+123	416.523105979083	10.8153009743776	8.99443019855581e-08	1.05646676298504e-07
"hsa-miR-1-3p"	729.698863848222	4.58401278516955e+219	755.224685674578	10.7958620521831	9.18304549651762e-08	1.07697184951514e-07
"hsa-miR-30c-2-3p"	1795.49102457139	Inf	1881.72423593002	10.7914124475694	9.22681288550161e-08	1.08045274552362e-07
"hsa-miR-29c-3p"	4274.84240647954	Inf	3902.74501447799	10.7540071803595	9.60369512304579e-08	1.12287106088051e-07
"kshv-miR-K12-7-3p"	95.069440141588	4.15674280376835e+28	88.4880997256448	10.7505499667809	9.63935186400161e-08	1.12448372100706e-07
"hsa-miR-513a-3p"	115.8319678617	7.39429517241443e+34	106.577358385388	10.7498286197763	9.64680949703579e-08	1.12448372100706e-07
"hsa-miR-144-3p"	566.724938910115	3.99214128383622e+170	540.272890840027	10.7260747591325	9.89587281251904e-08	1.15176546998514e-07
"hsa-miR-137-3p"	491.723954771026	1.05599040619934e+148	470.01791361142	10.7186953410228	9.97464226418801e-08	1.15917433585336e-07
"hsa-miR-409-3p"	214.374787385969	3.4138254935183e+64	227.188560361079	10.6881847840974	1.03075167718501e-07	1.19604619727822e-07
"hsa-miR-548d-5p"	158.990099870362	7.25753392489326e+47	141.474681652983	10.6643420763554	1.05759203057624e-07	1.22533699010873e-07
"hsa-miR-454-3p"	100.127669929638	1.3849434631056e+30	95.2823673604725	10.6242456199609	1.10443161751598e-07	1.27767579281261e-07
"hsa-miR-151a-3p"	500.056135681765	3.40326961298455e+150	523.995732704114	10.5587186900843	1.1858253588022e-07	1.3697711599417e-07
"hsa-miR-18a-3p"	126.697630643062	1.37970806555365e+38	107.87619430872	10.5390547350313	1.21148597249156e-07	1.39730788105418e-07
"hsa-miR-576-3p"	1367.08696806661	Inf	1330.28935313762	10.533783079547	1.21846584912758e-07	1.40324820762891e-07
"hsa-miR-627-5p"	98.9529223711235	6.13476303849074e+29	105.202514540581	10.4925607870364	1.27455326933661e-07	1.46564071601377e-07
"hsa-miR-675-5p"	324.017049199188	3.45820644214487e+97	303.418568308236	10.4890007066317	1.27952517614879e-07	1.46915540435048e-07
"hsa-miR-92a-3p"	114.745240177617	3.48144191023278e+34	125.358700049161	10.4383376946045	1.35257509585325e-07	1.55071016221142e-07
"hsa-miR-141-3p"	112.035582996132	5.32195335180779e+33	107.14747901532	10.4012628260635	1.4088562864936e-07	1.61282503244865e-07
"hsa-miR-411-5p"	470.656406046221	4.80502743101612e+141	505.113859617466	10.2799842393347	1.61116809880599e-07	1.84167799073651e-07
"hsa-miR-15a-3p"	60.4253302602282	1548235089730506496	68.1166652465251	10.2476670002638	1.67017608351854e-07	1.90628728580167e-07
"hsa-miR-943"	554.303838851318	7.27917576229522e+166	567.97572084201	10.2420595523656	1.68064808357997e-07	1.91538942066247e-07
"hsa-miR-30b-5p"	3885.17343341019	Inf	3789.59369159525	10.1781913378845	1.80500761592019e-07	2.05406653028307e-07
"hsa-miR-744-5p"	2106.94630217154	Inf	2169.44473599164	10.1315688153062	1.90198999275586e-07	2.1612241843611e-07
"hsa-miR-302a-5p"	87.5819058148652	2.31622490861169e+26	87.9118302588508	10.0092231237263	2.18399488107549e-07	2.47799419198949e-07
"hsa-miR-637"	910.091193159705	9.22036111890835e+273	921.904126341065	9.88460023926622	2.51775163546331e-07	2.85246012466818e-07
"hsa-miR-195-3p"	280.523642664183	2.79274276152337e+84	277.718616490003	9.87028212177228	2.55945788355815e-07	2.8954339184205e-07
"hsa-miR-379-5p"	696.961434051901	6.40173172845442e+209	749.11005434404	9.81488300858509	2.72792050498663e-07	3.08146543052245e-07
"hsa-miR-106a-3p"	95.7806488987523	6.80531641559963e+28	86.8429907544191	9.77269129685218	2.8641638366806e-07	3.23060832755003e-07
"hsa-miR-653-5p"	95.9763179386118	7.79382361538857e+28	94.6066414355816	9.76948873023628	2.87479841168988e-07	3.23784197028801e-07
"hsa-miR-146b-3p"	691.250925038655	1.22253968894745e+208	695.874880181348	9.73093892181622	3.0061741312659e-07	3.38084392768467e-07
"hsa-miR-638"	429.727960313488	2.29618052867524e+129	432.070528680768	9.72679287159339	3.02068134661291e-07	3.39218534824613e-07
"hsa-miR-200c-3p"	141.050218470869	2.88633446160031e+42	116.261995926044	9.63363698147331	3.36717773104417e-07	3.77576801127321e-07
"hsa-miR-30d-3p"	100.706572791198	2.06870788917943e+30	102.549864065235	9.5902964128167	3.54265325813518e-07	3.96673729779515e-07
"ebv-miR-BART6-3p"	208.051859603805	4.2643259617287e+62	209.288710022934	9.58696003308391	3.55656084780936e-07	3.97650462138452e-07
"hsa-miR-126-5p"	411.201949040428	6.08304370359512e+123	448.477689323366	9.57742368797316	3.59663555254436e-07	4.01545774206917e-07
"hsa-miR-193a-5p"	3651.80336507537	Inf	3956.00383170552	9.5629647488144	3.6583199204124e-07	4.07838863220394e-07
"hsa-miR-620"	4682.33092297032	Inf	4807.54228272717	9.53533723801507	3.77935046107983e-07	4.20720145667377e-07
"hsa-miR-185-3p"	1915.85817538361	Inf	1990.43727302771	9.46946740498224	4.08551928422746e-07	4.54143955217748e-07
"hsa-miR-126-3p"	5703.72810516508	Inf	5818.65748848948	9.43838915182882	4.23908154971028e-07	4.70531917312269e-07
"hsa-miR-628-5p"	218.889494071994	7.80375185876739e+65	233.665708217644	9.36735721026935	4.61370642710561e-07	5.11374686356937e-07
"hsa-miR-143-3p"	2917.98911104923	Inf	3238.57282866507	9.35885087106285	4.66088736278138e-07	5.15858673485327e-07
"hsa-miR-10a-3p"	95.6663967788659	6.28716716327758e+28	105.645787530654	9.30030020073989	4.9999611081717e-07	5.52589361666815e-07
"hsa-miR-195-5p"	2505.57093430906	Inf	2556.36671804846	9.23842286797996	5.38712559480048e-07	5.94521630390211e-07
"hsa-miR-26a-2-3p"	115.288781732339	5.07436222035396e+34	126.641432889542	9.21435196084841	5.54628177901423e-07	6.11206627083895e-07
"hsa-miR-921"	4930.80771264338	Inf	4748.83477327701	8.94032660935647	7.75784566081013e-07	8.53696932832334e-07
"ebv-miR-BART17-5p"	2611.97732713006	Inf	2600.55976962022	8.86485469684768	8.52055431905304e-07	9.36284407265571e-07
"hsa-miR-658"	3920.45354728847	Inf	3950.34127593659	8.84704196322546	8.71199627203749e-07	9.5595152226792e-07
"hsa-miR-300"	2003.56176229676	Inf	2022.70632933697	8.83373302075868	8.85802806918766e-07	9.70586789866705e-07
"hsa-miR-338-3p"	1824.04400648732	Inf	1617.59864556589	8.81420917535621	9.07699859574181e-07	9.93160901987727e-07
"kshv-miR-K12-6-3p"	896.722613912834	8.71775336089884e+269	938.485858787098	8.75988124725941	9.71727631224668e-07	1.06170241189362e-06
"hsa-miR-922"	218.124209789125	4.59123927684119e+65	207.987222360785	8.72408056189779	1.01654312392544e-06	1.10908759039945e-06
"hsa-miR-517c-3p"	69.5344444611404	8.54975194426108e+20	89.230196366508	8.70253278454335	1.04457572786189e-06	1.1380533853268e-06
"hsa-miR-608"	121.814089350125	4.67406544400313e+36	98.8449492788519	8.58470632119462	1.21317443035535e-06	1.31986494763483e-06
"sv40-miR-S1-5p"	1400.20060007998	Inf	1367.70624899755	8.49262571890651	1.36508998310312e-06	1.48303685133157e-06
"hsa-miR-939-5p"	2406.92157142631	Inf	2475.86624409528	8.46939540733207	1.40653737797446e-06	1.52590405785914e-06
"hsa-miR-24-2-5p"	121.687578212928	4.28164978742432e+36	120.135181954437	8.44184290062852	1.45744296592789e-06	1.57889654642188e-06
"hsa-miR-659-3p"	363.91938602517	3.55345808606485e+109	368.771308750148	8.39856615049368	1.54140618757298e-06	1.66750147513184e-06
"hsa-miR-574-5p"	1230.32091650251	Inf	1256.28747598434	8.35309389865973	1.63521129350221e-06	1.76648881988196e-06
"hsa-miR-153-3p"	1036.62071020504	Inf	1074.93262967399	8.3492350965853	1.64344709841822e-06	1.77288878268183e-06
"hsa-miR-95-3p"	579.189677300013	2.25665955977652e+174	625.686923418624	8.34448674481216	1.65364217857275e-06	1.7813813918052e-06
"hsa-miR-551b-5p"	447.662574545509	5.75258274626135e+134	441.233455639245	8.32800817032342	1.68954906158963e-06	1.81750929907328e-06
"hsa-miR-302b-3p"	103.365271903168	1.30631331278952e+31	100.126800415859	8.17255260504642	2.07221250722916e-06	2.22603220314393e-06
"hsa-miR-583"	1610.84707095251	Inf	1599.61433810918	8.16815353989308	2.08430172762206e-06	2.23588730781276e-06
"hsa-miR-451a"	7289.07563279884	Inf	7121.25504654873	8.09841158385792	2.28633844326374e-06	2.44919215919454e-06
"hsa-miR-30b-3p"	2033.54794175199	Inf	2092.99042665812	7.96164048006097	2.74565109389872e-06	2.93711909207855e-06
"hsa-miR-876-5p"	327.496942970756	3.8583651163306e+98	311.996356723991	7.91414947290243	2.92734142344904e-06	3.12711820582927e-06
"hsa-miR-518c-5p"	2905.1527937052	Inf	2838.53342149163	7.85843531766029	3.15694404133501e-06	3.36769969360772e-06
"hsa-miR-584-5p"	264.267962834519	3.56930537680854e+79	275.064889615031	7.84982784855696	3.19409244513467e-06	3.40259570196985e-06
"ebv-miR-BHRF1-2-3p"	1160.82375952379	Inf	1167.61967592896	7.810847515834	3.36824466955996e-06	3.58313961380373e-06
"ebv-miR-BART11-5p"	63.516837777386	13196944817533122560	86.4168711361078	7.79260367907374	3.45319826633924e-06	3.6684253051e-06
"hsa-let-7f-1-3p"	130.798259807596	2.36700722050364e+39	140.045251725032	7.64987288144655	4.20197963807691e-06	4.45770177372751e-06
"hsa-miR-371a-5p"	9011.18159952671	Inf	8382.96835886958	7.48946491360429	5.25442370734905e-06	5.56649583361426e-06
"hsa-miR-298"	835.106855458583	2.46724954558991e+251	845.47932538627	7.43504000965337	5.672480709821e-06	6.00109338542443e-06
"hsa-miR-369-5p"	163.151913320821	1.29903173091907e+49	177.759378398409	7.40020561480579	5.95850229449871e-06	6.2950017353726e-06
"hsa-miR-765"	2485.35544925645	Inf	2674.34388537142	7.39268611474297	6.02223192499803e-06	6.35357893600205e-06
"hsa-miR-422a"	519.159453918881	1.91676187312512e+156	553.199510249603	7.32028369572078	6.6742516606548e-06	7.03180085676131e-06
"hsa-miR-503-5p"	4799.65078634621	Inf	4532.08123885282	7.29209775274893	6.94800483294084e-06	7.31017792436985e-06
"hsa-miR-32-3p"	4365.07803005011	Inf	4722.28329127443	7.19687435525165	7.96455742669599e-06	8.36824047435045e-06
"hsa-miR-338-5p"	529.232877375521	2.06524120609245e+159	546.432894051417	7.16740255296575	8.31030800135997e-06	8.71957077570875e-06
"hsa-miR-23b-5p"	96.6032829586524	1.20361017410198e+29	94.0398733296594	6.94281049378051	1.15306483483149e-05	1.20819771627836e-05
"hsa-miR-518f-5p"	131.85653814763	4.92916217136808e+39	119.815530200257	6.93397954273203	1.16816608036824e-05	1.2223511373021e-05
"hsa-miR-431-5p"	104.188122787254	2.310735044506e+31	103.326453222308	6.87276766060397	1.27877951932129e-05	1.33627233149786e-05
"hsa-miR-219a-5p"	6358.35271922151	Inf	5742.26908787911	6.85842935514097	1.30626155860919e-05	1.36313281014048e-05
"hsa-miR-665"	7523.00645109898	Inf	7787.62447762976	6.79520083603534	1.43513418038002e-05	1.49558140808625e-05
"hsa-miR-181c-5p"	232.596586815851	1.04363712715821e+70	201.973832348071	6.73502673794449	1.57034301311636e-05	1.6342647097154e-05
"hsa-miR-526b-5p"	441.51081094638	8.09091250584505e+132	458.741498394796	6.50048561055296	2.24084167776829e-05	2.32889643204374e-05
"hsa-miR-135a-5p"	1609.90069607125	Inf	1684.35712182192	6.46188278552527	2.37758161148266e-05	2.4676658944617e-05
"hsa-miR-335-5p"	2159.16999822006	Inf	2428.9153905536	6.39997249962516	2.6156235352812e-05	2.71105844805497e-05
"hsa-miR-331-5p"	152.85074735192	1.02957932423149e+46	121.458568957627	6.22967749082326	3.40986945630506e-05	3.52951399863155e-05
"hsa-miR-362-5p"	108.038081511842	3.33198631525381e+32	118.96462537701	6.21992918455097	3.46244181347842e-05	3.57910090422904e-05
"hsa-miR-144-5p"	98.4526913001912	4.33723781110658e+29	103.473597129409	6.19942443314418	3.57583700705562e-05	3.69134183635486e-05
"hsa-miR-219a-1-3p"	106.583882082374	1.21603356106316e+32	107.72431422369	6.1947207606523	3.60239802839951e-05	3.71376248357853e-05
"hsa-miR-523-3p"	113.844051881978	1.86412248271534e+34	121.992781134724	6.11496414159902	4.08593176800542e-05	4.20659015578544e-05
"hsa-miR-515-5p"	106.989456798558	1.61077809931859e+32	106.053157874144	6.0980960898661	4.19670796735367e-05	4.31484585919606e-05
"hsa-miR-219a-2-3p"	720.188471472467	6.28539310234345e+216	730.809003940405	6.08745091804957	4.26824452028307e-05	4.38252148200417e-05
"hsa-miR-617"	537.284976644716	5.48143400493198e+161	399.426374364791	5.34894734058466	0.000143306862995877	0.000146947010585344
"hsa-let-7g-3p"	98.6734712362182	5.05445830564307e+29	95.259801164541	5.21434246735486	0.000180177923829877	0.000184507967393212
"hsa-miR-611"	107.054759943253	1.68536480925304e+32	123.307657604602	5.19468895066101	0.000186341998522829	0.000190565750489346
"hsa-miR-635"	447.05543039267	3.77654159731396e+134	304.329585934257	5.1369313382722	0.000205767745438504	0.000210151612185529
"hsa-miR-101-5p"	101.34785560483	3.22659557056956e+30	124.115307775364	5.1187374735714	0.000212316859732048	0.000216551903476703
"hsa-miR-214-5p"	151.643653809232	4.4595234161001e+45	131.034236023443	4.8725277717455	0.000325863935491751	0.000331922494717361
"hsa-miR-556-5p"	114.188068303239	2.36610332694989e+34	97.9742586076443	4.65472369779816	0.000479206152994776	0.00048746832804641
"hsa-miR-182-3p"	71.1960908008612	2.7049479031036e+21	95.3208107201771	4.38966441693293	0.000772392954876386	0.000784669399192302
"hsa-miR-450b-3p"	90.7348995276537	2.06028078135904e+27	103.457100914341	4.31501088647226	0.000884879169486526	0.000897754395497574
"hsa-miR-302a-3p"	131.895950765878	5.06567691244703e+39	122.826245330005	3.93502630964478	0.00178425388637457	0.00180782395092377
"hsa-miR-499a-5p"	228.089162592462	4.58859392926396e+68	165.858382362698	3.93278258398253	0.00179173352719279	0.00181300740812252
"hsa-miR-512-5p"	93.6909865696537	1.59881156407725e+28	103.737725848542	3.90955297311033	0.00187108779495671	0.00189080940544373
"hsa-miR-621"	95.7072509695335	6.46775178314914e+28	106.8416058443	3.79793923819411	0.00230570950953274	0.00232694630764685
"hsa-miR-147b-3p"	207.289951157373	2.51474004784301e+62	145.359217349651	3.40209222649045	0.00487055467635433	0.0049089558958788
"hsa-miR-367-5p"	150.658850121851	2.25337254673386e+45	119.264517335971	3.20374183450071	0.00710363813609116	0.00715024993488441
"hsa-miR-21-3p"	100.02203230323	1.28715826751872e+30	117.761768434445	3.15868067442839	0.00774037282977439	0.00778095145535644
"kshv-miR-K12-4-5p"	82.2732028342769	5.84388811459365e+24	115.360552885888	2.20963248716366	0.0461458987638648	0.0463270999370214
"ebv-miR-BART15"	67.4108339290287	1.96192790974722e+20	113.039873464767	1.7203138712469	0.109633739674958	0.109920363830971
"hsa-miR-644a"	215.903687503557	9.85113142399032e+64	189.468260331398	1.6071925612772	0.132581087404617	0.132754169764153
"hcmv-miR-US25-2-5p"	92.5082045162582	7.04278457556524e+27	140.908741789826	1.4217289339429	0.179199163846678	0.179199163846678
