""	"logFC"	"Fold Change"	"AveExpr"	"t"	"P.Value"	"adj.P.Val"
"hsa-miR-381-3p"	667.326373362719	7.67812679764453e+200	640.662990326105	74.5136894323714	3.71205762378813e-18	2.8471481974455e-15
"hsa-miR-106b-3p"	136.724727788495	1.43960787383135e+41	139.27930079919	55.9845871951914	1.38604031790216e-16	2.52832321746855e-14
"hsa-miR-573"	94.9837747803002	3.91710587554725e+28	100.225434868639	55.1864934587418	1.6620898983162e-16	2.52832321746855e-14
"ebv-miR-BART4-5p"	101.878295864705	4.66039751921001e+30	97.0916984953097	55.0131565262087	1.7295600027824e-16	2.52832321746855e-14
"hsa-miR-92a-1-5p"	86.2784057539562	9.38400239629274e+25	83.5861365796625	54.3944656046699	1.99554125431195e-16	2.52832321746855e-14
"hsa-miR-767-5p"	92.2533833596226	5.90249452260879e+27	88.6460726392105	52.5282366432874	3.10307638581673e-16	2.52832321746855e-14
"ebv-miR-BART3-3p"	86.9404225620888	1.48482416488178e+26	80.6277219163726	52.1437412179588	3.40512386309777e-16	2.52832321746855e-14
"ebv-miR-BHRF1-1"	387.563300753274	4.6577775712164e+116	374.904502509273	52.0829956600088	3.4556772392473e-16	2.52832321746855e-14
"hsa-miR-16-2-3p"	100.700616818396	2.06018511104967e+30	97.1155161771164	51.5887345699335	3.89839751286405e-16	2.52832321746855e-14
"hsa-miR-19a-5p"	77.476761188142	2.10295066607714e+23	76.5499262269936	51.534004743077	3.95106105746675e-16	2.52832321746855e-14
"hsa-miR-569"	82.9364932395733	9.2549100108944e+24	79.6622773392821	50.8225457174623	4.71013034474616e-16	2.52832321746855e-14
"hsa-miR-208b-3p"	103.607325801846	1.54494433734169e+31	95.7431048088311	50.7111226015705	4.84262945162637e-16	2.52832321746855e-14
"hsa-miR-188-5p"	92.4453588788205	6.74257805052419e+27	91.0592961749448	50.6744065523924	4.8871665009464e-16	2.52832321746855e-14
"hsa-miR-330-3p"	196.977343128494	1.97737367420881e+59	188.906025564912	50.3594318061577	5.28789428776977e-16	2.52832321746855e-14
"hsa-miR-30c-1-3p"	116.391927458717	1.09008764706034e+35	115.411323071158	50.305342030588	5.36020711798538e-16	2.52832321746855e-14
"hsa-miR-651-5p"	97.0344653098877	1.62287351046896e+29	101.67153154316	50.2643579629795	5.415708861546e-16	2.52832321746855e-14
"hsa-miR-548d-3p"	96.1694806642965	8.91042352958837e+28	101.368969522598	50.1114723005019	5.62828323454866e-16	2.52832321746855e-14
"hsa-miR-378a-5p"	91.5667385166075	3.66720255574143e+27	87.9331954533017	49.8941440717943	5.94609229602727e-16	2.52832321746855e-14
"hsa-miR-502-5p"	113.969801051145	2.03389587845203e+34	126.817594171214	49.68948626006	6.26312139920502e-16	2.52832321746855e-14
"hsa-miR-613"	78.3388851229985	3.82255945383742e+23	81.5808636612288	48.0001271110244	9.69616831301441e-16	3.71848054804103e-14
"hiv1-miR-N367"	90.5812450275493	1.85213141404842e+27	95.9956626781792	47.0311944023979	1.25450449461976e-15	4.44593695442251e-14
"hsa-miR-548a-3p"	95.883002879837	7.30566815129084e+28	97.4627031175858	46.9702005592433	1.27523615381089e-15	4.44593695442251e-14
"hsa-miR-520g-3p"	108.084365741637	3.44061557162348e+32	101.395597298352	46.6386904844513	1.39457132389969e-15	4.65059219752635e-14
"hsa-miR-10a-5p"	102.145002684966	5.60673094003384e+30	108.687656829405	45.7499406524743	1.77810683040267e-15	5.29023836535565e-14
"hsa-miR-593-5p"	97.2983902294958	1.94865065989344e+29	90.6980964914836	45.6810815361572	1.81224784374917e-15	5.29023836535565e-14
"hsa-miR-125a-3p"	143.189440815942	1.27150112260913e+43	157.434770483748	45.5937673562874	1.85655902664302e-15	5.29023836535565e-14
"hsa-miR-512-3p"	102.164274119449	5.6821277702747e+30	99.5283051711258	45.3234281688112	2.00132479947124e-15	5.29023836535565e-14
"hsa-miR-1296-5p"	143.357719973186	1.42880783131988e+43	132.343820918717	45.2185595650021	2.06071917126466e-15	5.29023836535565e-14
"hsa-miR-362-3p"	126.449753946934	1.16190034954081e+38	123.252495037054	45.1012016374004	2.12944913325146e-15	5.29023836535565e-14
"hsa-miR-639"	85.5482036112378	5.65685910786453e+25	81.3894502042145	44.9951639662581	2.19367802461851e-15	5.29023836535565e-14
"ebv-miR-BART6-5p"	79.565481836867	8.94533588474244e+23	77.7077775027709	44.9884531981846	2.19781254913062e-15	5.29023836535565e-14
"hsa-miR-760"	104.257124881879	2.42393991981588e+31	108.198530431082	44.9733638452568	2.20713986559818e-15	5.29023836535565e-14
"hsa-miR-541-5p"	96.7273600622581	1.31170683068844e+29	90.5126925674153	44.4306258142846	2.57271480080529e-15	5.97961288550805e-14
"hsa-miR-26b-3p"	95.973297438507	7.77752313746855e+28	101.01606910988	44.2333446564747	2.72135770388978e-15	5.98604546002502e-14
"hsa-miR-26a-5p"	14459.5429356154	Inf	14478.1081203838	44.2202169830083	2.73157224381846e-15	5.98604546002502e-14
"hsa-miR-346"	83.0947031114142	1.03275692873946e+25	80.829462458217	43.681573191515	3.18850924680402e-15	6.79329608971857e-14
"hsa-miR-606"	79.8400523148918	1.0820581542418e+24	75.5528558455185	43.4010526317673	3.45856937659821e-15	7.16952084284007e-14
"hsa-miR-148a-5p"	74.7436488264069	3.16286228153132e+22	76.9823880536276	42.9586867434298	3.93583705239137e-15	7.94417636627415e-14
"hsa-miR-450b-5p"	78.8469588335837	5.43625319342724e+23	79.7306126582127	42.8193942476023	4.10046319860788e-15	8.06424429059549e-14
"hsa-miR-373-5p"	103.744508239975	1.69906058676008e+31	101.585260991673	42.657254106462	4.30149901940506e-15	8.24665051262996e-14
"hsa-miR-521"	106.585238872383	1.21717772404436e+32	97.0374699110908	42.5744470060433	4.40824864430024e-15	8.24665051262996e-14
"hsa-miR-624-5p&hsa-miR-624-3p"	88.8991304671495	5.77171474775878e+26	80.019613853482	42.4215156894574	4.61298275354697e-15	8.4241851713584e-14
"hsa-miR-629-3p&hsa-miR-629-5p"	119.190390190457	7.58372615133374e+35	123.277139410098	42.2428781329981	4.86519913777749e-15	8.66999606099009e-14
"hsa-miR-497-3p"	79.305767489211	7.47162116052093e+23	81.0403547033796	42.1442898290663	5.01073002413514e-15	8.66999606099009e-14
"ebv-miR-BART14-5p"	101.855747150446	4.58812374952435e+30	104.674523345767	42.0377577257844	5.17328066806213e-15	8.66999606099009e-14
"hsa-miR-15a-5p"	1388.94980151209	Inf	1375.51691166463	42.0207608846014	5.19973688142822e-15	8.66999606099009e-14
"hsa-miR-506-3p"	110.590020950284	1.95395036381427e+33	105.08663019966	41.5731563161912	5.95170632525024e-15	9.61187890366918e-14
"hsa-miR-542-5p"	106.560912863917	1.19682633643661e+32	103.026871891551	41.5381595904056	6.01525668026233e-15	9.61187890366918e-14
"hsa-miR-615-5p"	99.7214955034732	1.04510844968231e+30	94.6863850495523	41.378600024709	6.31441724537254e-15	9.88399597387906e-14
"hsa-miR-148a-3p"	105.933102834713	7.74535783627877e+31	102.392414635397	41.2872908398689	6.49280043025326e-15	9.88872010920291e-14
"hsa-miR-92b-5p"	92.9123990202254	9.32006785351082e+27	84.1745066728486	41.2373335458159	6.592691279931e-15	9.88872010920291e-14
"hsa-miR-218-2-3p"	169.512681668625	1.06758343793584e+51	144.652506075839	41.182512754524	6.70421702318841e-15	9.88872010920291e-14
"hsa-miR-145-3p"	111.766955582655	4.41780105347548e+33	111.781643850722	40.947993925293	7.2048083437961e-15	1.04265811314936e-13
"hsa-miR-372-3p"	97.1498996154864	1.75806067677478e+29	95.1168993310206	40.8171821952956	7.50142394680981e-15	1.06548003096354e-13
"hsa-miR-612"	101.579466269059	3.78849126740956e+30	116.088277473888	40.4962494281184	8.28640069879571e-15	1.15557624290478e-13
"hsa-miR-563"	75.7828060775065	6.49976694520984e+22	77.5484654756837	40.1894498219619	9.12014126736252e-15	1.24913363429769e-13
"hsa-miR-488-5p"	103.875993639931	1.86118659117642e+31	107.197446331376	40.1251856263965	9.30598824195624e-15	1.25222683887376e-13
"hsa-miR-493-5p"	97.2728607587333	1.91447126577913e+29	104.621297859877	39.9708486723919	9.76920836264384e-15	1.29189358864618e-13
"hsa-miR-604"	86.5692085150101	1.14796451557301e+26	84.7190964548414	39.7670043345555	1.04195013403502e-14	1.31598483319244e-13
"ebv-miR-BART13-3p"	290.803135629636	3.47109626018928e+87	290.363882554706	39.7649606694538	1.04262525986828e-14	1.31598483319244e-13
"hsa-miR-500a-3p"	210.965175134452	3.21251937764654e+63	214.002368517073	39.7157548083499	1.05902365842067e-14	1.31598483319244e-13
"hsa-miR-24-1-5p"	417.741486709603	5.65871645309103e+125	435.331761160944	39.7016697176629	1.06376870479702e-14	1.31598483319244e-13
"hsa-miR-194-3p"	121.992090275022	5.28784122706971e+36	120.407452380945	39.5192268700608	1.12734641104485e-14	1.34784145052728e-13
"hsa-miR-532-3p"	135.021776743398	4.42185877102164e+40	125.129640442372	39.5060410588762	1.13209756908037e-14	1.34784145052728e-13
"hsa-miR-502-3p"	141.397603610174	3.67214652239304e+42	135.681361718658	39.4411225655368	1.15580614065275e-14	1.34784145052728e-13
"hsa-miR-892a"	87.5098134165295	2.20332596970343e+26	85.5801176772713	39.4302972416252	1.15981141766363e-14	1.34784145052728e-13
"hsa-miR-374a-3p"	97.3504794102028	2.02029316589499e+29	96.2151269960653	39.2075059365611	1.24565508139992e-14	1.42599619019961e-13
"hsa-miR-186-3p"	130.44678099309	1.85521358893303e+39	114.937263344633	39.1490864435299	1.26928152223124e-14	1.43167489345789e-13
"hsa-miR-641"	90.6152148212294	1.89625930425612e+27	87.5576702440386	39.0184220321462	1.32389308676921e-14	1.4529403512668e-13
"hsa-miR-330-5p"	229.986107295377	1.7089009133861e+69	239.746766604501	38.9756386910463	1.342320826506e-14	1.4529403512668e-13
"hsa-miR-192-5p"	161.131055396696	3.20096486654927e+48	157.439724365449	38.9695532677425	1.34496434080759e-14	1.4529403512668e-13
"hsa-miR-19b-1-5p"	78.2364685579235	3.56060494581858e+23	82.5374130711696	38.7135468076671	1.46142192400635e-14	1.55269648503766e-13
"hsa-miR-218-1-3p"	87.4382091285446	2.09663926503132e+26	83.1289636886179	38.6793272686684	1.47779456854954e-14	1.55269648503766e-13
"hsa-miR-875-5p"	81.2089703269176	2.79470508664286e+24	86.0647674190064	38.5298193641735	1.55168359505481e-14	1.60829907757708e-13
"hsa-miR-182-5p"	110.743621600504	2.17346139275866e+33	105.713261975394	38.3807127473918	1.62935661486847e-14	1.66628869813882e-13
"hsa-miR-345-5p"	147.16185527359	1.99587185938057e+44	139.620109456528	38.3193815584013	1.66251324324071e-14	1.67782586521793e-13
"hsa-miR-431-3p"	103.722500746303	1.67333906463697e+31	110.536765584347	38.1790348548597	1.7411560170991e-14	1.71560262938713e-13
"hsa-miR-371a-3p"	97.5796878042733	2.36817066223254e+29	95.4330311277458	38.1470784041332	1.75961756921654e-14	1.71560262938713e-13
"hsa-miR-135b-3p"	87.2316881570639	1.8169990811324e+26	84.8997762952416	38.1343178318077	1.76704834056823e-14	1.71560262938713e-13
"ebv-miR-BART10-5p"	95.4433252181642	5.38646418555558e+28	100.969731253526	37.9718206685642	1.86469092617097e-14	1.78695579024874e-13
"hsa-miR-875-3p"	103.1617949302	1.13447434847186e+31	104.833068904692	37.9357622695175	1.887137144852e-14	1.78695579024874e-13
"hsa-miR-567"	87.4834313272645	2.16340063635073e+26	87.7188656457543	37.8412195251988	1.94738457358556e-14	1.82151703407332e-13
"hsa-miR-517a-3p"	86.5296372787511	1.11690525640206e+26	90.5276881353729	37.7333746704182	2.01865128013477e-14	1.86542835164261e-13
"hsa-miR-10b-3p"	83.0137459575701	9.76399583879389e+24	81.5388947682837	37.5655710944806	2.13519149921753e-14	1.94963319035696e-13
"hsa-miR-96-5p"	109.123903600678	7.07242299859277e+32	108.749593094326	37.2907015878255	2.34205609818798e-14	2.11336120860021e-13
"hsa-let-7d-3p"	219.559248686055	1.24142269299256e+66	225.714355021092	37.1855685043342	2.42680571582502e-14	2.16437207446255e-13
"hsa-miR-20a-3p"	99.7884414738526	1.0947478581799e+30	94.5582508651282	37.0648388557722	2.52822624483425e-14	2.22890750550329e-13
"hsa-miR-148b-5p"	97.123892528318	1.72665251941963e+29	88.7726036891644	36.9600662543559	2.61994953564386e-14	2.28352419754414e-13
"hsa-miR-873-5p"	258.591494799279	6.97905399202355e+77	253.049920961545	36.8304210248202	2.73844421147825e-14	2.35998506764474e-13
"hsa-miR-33a-3p"	92.2999078182053	6.09594233764969e+27	91.7670736772895	36.574069237697	2.99010735809815e-14	2.54823593740142e-13
"hsa-miR-96-3p"	78.951451762989	5.84460522358124e+23	77.5445907810134	36.466994433934	3.1025099795268e-14	2.61497269702973e-13
"hsa-miR-375-3p"	88.6262579168294	4.77707474332211e+26	94.487682934933	36.2740021882852	3.31677774723645e-14	2.76518318709821e-13
"hsa-miR-139-3p"	124.57732427642	3.17330186350261e+37	118.962966081955	36.0705498350647	3.56004988376328e-14	2.93608415144778e-13
"hsa-miR-29a-3p"	17833.9105040447	Inf	17475.5564822652	36.0133713289157	3.63183295169485e-14	2.94467401019428e-13
"hsa-miR-217-5p"	102.690481913399	8.18305226701454e+30	91.9974357127915	36.001250342889	3.64724942592511e-14	2.94467401019428e-13
"hsa-miR-326"	217.031833147498	2.15323678908668e+65	229.236112593568	35.8770837503025	3.80930115335689e-14	3.04004309376509e-13
"hsa-miR-499a-3p"	83.4237228652391	1.29730751062175e+25	80.9018676475499	35.8507602092326	3.84464380828179e-14	3.04004309376509e-13
"hsa-let-7f-2-3p"	88.6653879126674	4.90841572631211e+26	92.7365741407393	35.8089708039362	3.90147941757255e-14	3.0535048094675e-13
"hsa-miR-524-3p"	79.0332323599724	6.18548267239825e+23	79.9313801789784	35.7068433616139	4.04422517915495e-14	3.13325324486045e-13
"hsa-miR-490-5p"	120.957904731129	2.58200772176812e+36	120.266361853209	35.6141950401208	4.17859992301337e-14	3.19075812333802e-13
"hsa-miR-18b-3p"	105.120994087563	4.41135891788843e+31	101.469099472331	35.5986255099508	4.20165020152725e-14	3.19075812333802e-13
"hsa-let-7i-3p"	109.574833967023	9.66744687005069e+32	99.805884465526	35.5550872765431	4.2668380877516e-14	3.20849491500537e-13
"hsa-miR-449b-5p"	95.1168973218511	4.29575187540842e+28	94.101486125338	35.5018772105873	4.34799143035365e-14	3.23777614279733e-13
"hsa-miR-323b-5p"	96.6152771423056	1.21365838081581e+29	100.223820853343	35.3419908502961	4.60201716758252e-14	3.39398766109211e-13
"hsa-miR-888-3p"	1835.53251392586	Inf	1687.575807357	35.2081203583033	4.82702626919587e-14	3.51940845752431e-13
"hsa-miR-1180-3p"	89.6959737167764	1.00271746415344e+27	91.0556734821776	35.1732452190885	4.88757222830705e-14	3.51940845752431e-13
"ebv-miR-BART17-3p"	92.5988754484851	7.49961682546985e+27	102.096068309859	35.1605952899672	4.90973539706781e-14	3.51940845752431e-13
"hsa-miR-593-5p&hsa-miR-593-3p"	97.630620748396	2.45326995760407e+29	103.659280965982	35.0963317626401	5.02401339331661e-14	3.56797988210541e-13
"hsa-miR-484"	124.600451391721	3.22458138231123e+37	121.573666239506	34.8998192400339	5.39162125737984e-14	3.79392064624802e-13
"hcmv-miR-UL36-5p"	104.103402361139	2.1789474748419e+31	105.30009079976	34.854744489565	5.47996537876035e-14	3.7996118752423e-13
"hsa-miR-616-5p"	92.4744608149611	6.87996989942551e+27	102.480557780052	34.8452428894723	5.49878641658274e-14	3.7996118752423e-13
"hsa-miR-632"	96.7665882539468	1.34786266104383e+29	100.361395827804	34.7421086140827	5.70762106760918e-14	3.9087012132645e-13
"hsa-miR-519e-3p"	238.785581299785	7.61416884823175e+71	236.48674739106	34.6761090916862	5.84573833589037e-14	3.96785956073267e-13
"hsa-miR-646"	70.720897493083	1.94585944036035e+21	68.2211737811357	34.6005440392857	6.00831172031649e-14	4.04243428901995e-13
"hsa-miR-370-3p"	105.250605802853	4.82602323461842e+31	102.693074296268	34.543106733318	6.13514338221444e-14	4.05676626534208e-13
"hsa-miR-454-5p"	83.2943478631432	1.18603410094381e+25	82.1988528316993	34.5429935342247	6.1353961770493e-14	4.05676626534208e-13
"hsa-miR-210-3p"	108.075567863312	3.41969777080659e+32	102.949116617489	34.4063018966677	6.4490067446566e-14	4.22768219927488e-13
"hsa-miR-605-5p"	159.399672710058	9.64012765191617e+47	148.840649578444	34.2835618305907	6.74536204158588e-14	4.38448532703082e-13
"hsa-miR-147a"	184.439323441965	3.32482457563823e+55	179.518020766546	34.1625060652621	7.05207816940976e-14	4.54533105540949e-13
"hsa-miR-105-5p"	178.664332716725	6.07188172128965e+53	158.491147325238	34.0888791724375	7.24595336534981e-14	4.63137185935275e-13
"hsa-miR-941"	78.391529007514	3.96462063660739e+23	83.0664495905009	34.060198837083	7.32302305313036e-14	4.64194932376115e-13
"hsa-miR-505-3p"	131.755470137535	4.5956675485434e+39	120.884043502197	33.9962040953728	7.49819375809751e-14	4.70633282525244e-13
"hsa-miR-328-3p"	121.461786749401	3.66134909005337e+36	121.434450975135	33.9785483675321	7.54731339642829e-14	4.70633282525244e-13
"hsa-miR-507"	93.9158603940924	1.86849115874588e+28	98.3607084515226	33.9194689956584	7.71421539249213e-14	4.77161548874312e-13
"hsa-miR-34c-3p"	101.743825819198	4.24564272626344e+30	91.3600348040672	33.7374515966243	8.25392610393276e-14	5.0321494511535e-13
"hsa-miR-609"	91.9572630763255	4.80722561517288e+27	95.5868356966129	33.7333218815159	8.26663403970458e-14	5.0321494511535e-13
"hsa-miR-424-3p"	93.0474650562599	1.02347679961009e+28	87.2343417178385	33.7034644659527	8.35914095825294e-14	5.04839457872441e-13
"hsa-miR-522-3p"	79.1249603040289	6.59153340301368e+23	85.9024984026973	33.5715557358722	8.78139783728875e-14	5.2427226169742e-13
"hsa-miR-425-3p"	133.178451089368	1.232277599716e+40	137.119304452802	33.5605611408697	8.81761691772714e-14	5.2427226169742e-13
"hsa-miR-769-3p"	112.593233014256	7.83322220007428e+33	116.767904185779	33.504358933643	9.00529449733397e-14	5.31312375342704e-13
"hsa-miR-181d-5p"	165.630488361805	7.24011048067916e+49	167.544325488239	33.4498136658507	9.19156218059997e-14	5.38162457444288e-13
"hsa-miR-586"	102.576277254867	7.56025244420941e+30	96.0739498838292	33.3554516693334	9.52368073289565e-14	5.53383569858406e-13
"hsa-miR-377-5p"	148.695466360138	5.77824022993197e+44	148.030681267534	33.177472357618	1.01858451155081e-13	5.87409263428173e-13
"hsa-miR-34a-3p"	128.363580826404	4.37812522803002e+38	123.9786924604	33.1241639669936	1.0393709347301e-13	5.94923512640291e-13
"hsa-miR-500a-3p&hsa-miR-500a-5p"	165.701319387571	7.60444383731897e+49	172.66476802356	33.0286773639698	1.07775578322344e-13	6.07898930284661e-13
"hsa-miR-373-3p"	94.2171222907069	2.30239543041009e+28	98.074205563709	33.0283470406987	1.07789119320357e-13	6.07898930284661e-13
"hsa-miR-744-3p"	124.328899406363	2.67133312314179e+37	113.247647631494	32.9548222656561	1.10849258538697e-13	6.20594024081613e-13
"hsa-miR-202-5p"	75.3278940049471	4.74193509922852e+22	81.8919424981299	32.8966142871815	1.13338315458006e-13	6.29931072147031e-13
"hcmv-miR-UL112-3p"	92.945653621618	9.53739361622772e+27	95.0929072136095	32.8313847550402	1.16199406795113e-13	6.41186654761522e-13
"hsa-miR-589-3p"	82.3373406115748	6.10955089897828e+24	78.134704052129	32.7216759259521	1.21188535765472e-13	6.63940049515122e-13
"hsa-miR-31-3p"	127.361306117256	2.18561382055364e+38	125.492412498042	32.7006206993532	1.22172194414775e-13	6.64582078837818e-13
"hsa-miR-146a-3p"	100.414651220784	1.68974831325374e+30	99.5535874639729	32.6030128121243	1.26846023912406e-13	6.85147185498698e-13
"hsa-miR-148b-3p"	741.414385781021	1.54159160586967e+223	739.798499582601	32.5195928508786	1.30993353949132e-13	7.01932094682669e-13
"hsa-miR-940"	103.523687485662	1.45792503951813e+31	104.840877242298	32.5040157438173	1.31783861322431e-13	7.01932094682669e-13
"hsa-miR-518d-3p"	97.6703958839794	2.52184766768978e+29	95.3562391264404	32.46595274069	1.33737199479421e-13	7.07423668970456e-13
"hsa-miR-935"	111.024882907516	2.64131392058567e+33	109.774531384853	32.3335145940914	1.40780692157694e-13	7.34714369174821e-13
"hsa-miR-551a"	156.818138968253	1.61051099329877e+47	154.651474215099	32.3329370166566	1.40812271536765e-13	7.34714369174821e-13
"ebv-miR-BART10-3p"	114.504253173526	2.94587853749171e+34	103.756389257799	32.3116340120067	1.41982376558766e-13	7.35814073111983e-13
"hsa-miR-590-5p"	141.524807131576	4.01062518958099e+42	137.787359070462	32.2320831638154	1.46445362669284e-13	7.53849618572755e-13
"hsa-miR-30a-3p"	146.068670705011	9.35516192566666e+43	143.473242187346	32.134283345387	1.52140459571867e-13	7.77944883277478e-13
"hsa-miR-361-3p"	157.202811467186	2.10262417940208e+47	175.407689963445	32.0921316401978	1.54668262823809e-13	7.85632831694447e-13
"hsa-miR-556-3p"	72.6671746888205	7.49892968684632e+21	79.0270036428979	32.0705514980302	1.55979895086489e-13	7.87082760074585e-13
"hsa-miR-194-5p"	128.989145991923	6.75463768469525e+38	131.1861449943	32.0431042599854	1.57665475125492e-13	7.90388362230405e-13
"hsa-miR-501-3p"	90.1644898035732	1.38744563395196e+27	90.3286955414001	32.025864210801	1.58734246656567e-13	7.90579007698618e-13
"hsa-miR-200a-5p"	102.911244469866	9.53611492912112e+30	100.094313764528	31.9459385460804	1.63792169419037e-13	8.10507057705815e-13
"hsa-miR-125a-5p"	6835.25420577955	Inf	6857.06856756091	31.907606404585	1.66279331980542e-13	8.17540048904332e-13
"hsa-miR-517b-3p"	92.338850390128	6.26273063216702e+27	97.2910811340981	31.8821261910804	1.67955108669883e-13	8.20519543629301e-13
"hsa-miR-545-3p"	98.9045212471253	5.9323614238823e+29	94.9758963139464	31.7523507425155	1.76777369874526e-13	8.58153434770644e-13
"hsa-miR-618"	93.7661884730992	1.68436151331834e+28	98.9495681738997	31.6477601317345	1.84251097388623e-13	8.88808752811787e-13
"hsa-miR-122-3p"	107.518572188921	2.32442383348077e+32	104.31492863078	31.5517229006375	1.91414139420357e-13	9.14887539484952e-13
"hsa-miR-937-3p"	244.708633073107	4.61996571807813e+73	217.565776193577	31.5434786723299	1.92042886384716e-13	9.14887539484952e-13
"hsa-miR-596"	102.537233914039	7.35839471892891e+30	95.5848532728	31.5207638436431	1.9378677951032e-13	9.17496665953182e-13
"kshv-miR-K12-12-5p&kshv-miR-K12-12-3p"	93.4018026456411	1.30841117709036e+28	93.7636287739339	31.4484181261149	1.99455705627263e-13	9.38543105620312e-13
"hsa-miR-224-5p"	89.7573537012423	1.04629896447086e+27	94.6088556423187	31.3997712855181	2.0336797789861e-13	9.48926718991376e-13
"kshv-miR-K12-3-3p"	95.3761397202768	5.14137079717259e+28	95.1297366030392	31.3867339055936	2.04430466511308e-13	9.48926718991376e-13
"hsa-miR-342-5p"	182.353502697366	7.83202610412026e+54	177.420357581398	31.3752176149922	2.0537397047271e-13	9.48926718991376e-13
"hsa-miR-124-5p"	261.23362871233	4.35670464342318e+78	265.504626196515	31.2432652818908	2.16525936230092e-13	9.89592663839446e-13
"hsa-miR-188-3p"	69.2269917794004	6.90877477821879e+20	73.9647679748998	31.2406250645022	2.16755629106945e-13	9.89592663839446e-13
"hsa-miR-629-3p"	166.928978815335	1.78085995762221e+50	164.701636173276	31.1999809516701	2.20324911755663e-13	9.9993613796801e-13
"hsa-miR-595"	102.459250847823	6.97120474913417e+30	113.614437598715	31.1605241770019	2.23850589771293e-13	1.00750831245137e-12
"hsa-miR-501-5p"	97.1108829392228	1.71115231875365e+29	101.853617788375	31.1480446864474	2.24978320603066e-13	1.00750831245137e-12
"hsa-miR-532-5p"	108.284455413383	3.95247510859456e+32	117.35867840327	31.1375210418851	2.2593406745976e-13	1.00750831245137e-12
"ebv-miR-BART9-3p"	100.953410730956	2.45473601577956e+30	104.603203625563	31.0914116737385	2.30173569132297e-13	1.01960975925222e-12
"hsa-miR-548b-3p"	97.2711037011681	1.91214105145823e+29	100.100640293358	31.0792444973063	2.31306516440529e-13	1.01960975925222e-12
"hsa-miR-200c-5p"	109.71887516653	1.06824905090665e+33	106.304893211227	30.9912320199468	2.39682989333525e-13	1.05049630182179e-12
"hsa-let-7e-3p"	140.996994252188	2.78179145262627e+42	147.172149333645	30.9699469471872	2.41757487832036e-13	1.05356814299529e-12
"hcmv-miR-US5-2-3p"	94.153991257306	2.20381725926521e+28	92.3878699132841	30.9241856847787	2.46283321200765e-13	1.06722772520332e-12
"hcmv-miR-UL70-5p"	87.7907932335693	2.6770846657104e+26	87.1086051666528	30.8403766956998	2.54810645569121e-13	1.09797620871638e-12
"hsa-miR-449a"	103.412806753947	1.35007149792424e+31	102.331699382499	30.6782220624914	2.72226650577861e-13	1.16610137462484e-12
"sv40-miR-S1-3p"	90.9766005887453	2.43604709888358e+27	98.1811755893837	30.6653658359032	2.73661339546898e-13	1.16610137462484e-12
"hsa-miR-525-3p"	85.8966996147412	7.20249743976171e+25	89.6319698531959	30.6422898708597	2.76256980980211e-13	1.17065803542443e-12
"hsa-miR-216a-5p"	98.6219640532618	4.87718704262034e+29	92.4472448055593	30.609724722288	2.79965234108354e-13	1.17985348659949e-12
"hsa-miR-324-3p"	110.901646398509	2.42505802461402e+33	120.059128129077	30.5822541414956	2.8313508403392e-13	1.18669185493998e-12
"hsa-miR-591"	76.4192052692123	1.01035275689107e+23	80.0076173282857	30.5244602105754	2.89930980975944e-13	1.20687479754207e-12
"hsa-miR-124-3p"	40839.438583987	Inf	42526.3031316238	30.5015696390092	2.92671072154919e-13	1.20687479754207e-12
"hsa-miR-125b-5p"	40839.438583987	Inf	39152.5740363501	30.5015696390091	2.92671072154922e-13	1.20687479754207e-12
"hsa-miR-10b-5p"	95.1970681745526	4.54122499766051e+28	102.509944585405	30.4674007395984	2.96813278988736e-13	1.21741061488963e-12
"hsa-miR-93-3p"	97.6922634645423	2.5603636166003e+29	95.2229757422651	30.4122658316521	3.03630964925465e-13	1.23342000768377e-12
"hsa-miR-626"	92.7802642428815	8.50437775335812e+27	85.5590460640428	30.4014842282653	3.04983784689294e-13	1.23342000768377e-12
"hsa-miR-34b-5p"	101.723828400918	4.18719920127169e+30	103.935825793698	30.3970598587761	3.05540810247609e-13	1.23342000768377e-12
"hsa-miR-572"	82.5085787786851	6.87950375421886e+24	81.6321590516179	30.3522422164804	3.11245540781314e-13	1.24987083654067e-12
"hsa-miR-561-3p"	95.4567137264664	5.43668435336777e+28	93.0305920620916	30.14010046741	3.39851168143176e-13	1.35763461440529e-12
"hsa-miR-645"	111.355446827927	3.32146496448503e+33	113.103559210314	30.1117090836146	3.43889638345526e-13	1.36645923177049e-12
"ebv-miR-BART9-5p"	106.121014425169	8.82284221010069e+31	104.5046538071	30.0996309128896	3.45623325897621e-13	1.36645923177049e-12
"hsa-miR-33b-5p"	92.798778365999	8.61421781918574e+27	93.9372961303194	30.0212572422026	3.57104415024558e-13	1.40461069909659e-12
"hsa-miR-452-5p"	116.787207566059	1.43368118972304e+35	114.320642106287	29.7978347842598	3.92150066948929e-13	1.53458725178484e-12
"hcmv-miR-UL22A-5p"	88.3663293463006	3.98947492690275e+26	84.9802399036095	29.5651386607399	4.32627111173826e-13	1.68439083385951e-12
"hsa-miR-27a-3p"	1315.25548614896	Inf	1298.91266988463	29.5131149761425	4.42278891424012e-13	1.71327227132433e-12
"hsa-miR-223-5p"	91.6056104799456	3.76735482327403e+27	98.1961289139176	29.479145107968	4.48706286210513e-13	1.72943578655007e-12
"hsa-miR-874-3p"	287.831758871196	4.42581366074689e+86	281.674650332816	29.4573466483877	4.52883720891568e-13	1.73680906961916e-12
"hsa-miR-205-5p"	79.8467965685911	1.08712835865348e+24	87.6670858547344	29.4212758745117	4.59888629930772e-13	1.75489840376568e-12
"hsa-miR-323a-5p"	96.051262872482	8.20939676766277e+28	97.8045458463354	29.3450231740606	4.75084171570772e-13	1.80184695804853e-12
"hsa-miR-380-3p"	99.1017910652627	6.80161013356119e+29	99.241957997439	29.3361345639952	4.76890394372687e-13	1.80184695804853e-12
"hsa-miR-34c-5p"	196.435412661871	1.35816152051034e+59	212.968274776761	29.0646272114733	5.35788608000917e-13	2.01446010949364e-12
"hsa-miR-616-5p&hsa-miR-616-3p"	94.391065373673	2.59741892286497e+28	89.0092041614805	28.9253394081378	5.69007297664984e-13	2.12654053111699e-12
"hsa-let-7e"	9307.80986724589	Inf	9200.20002626784	28.9121732210865	5.72260232046047e-13	2.12654053111699e-12
"hsa-miR-196a-5p"	96.8116383679013	1.39061553947122e+29	100.070302252337	28.9055008052876	5.73916414525707e-13	2.12654053111699e-12
"hsa-miR-542-3p"	131.727644506203	4.50787904446379e+39	131.834790626639	28.8734140525544	5.81953241411703e-13	2.14595257770565e-12
"hcmv-miR-UL70-3p"	96.9893593291032	1.57291921653796e+29	97.0315614389708	28.7987323235772	6.01132441292228e-13	2.20606977258918e-12
"hiv1-miR-H1"	114.92767463951	3.95073043823448e+34	104.529926897965	28.7763398907704	6.07015005116469e-13	2.21705004249682e-12
"hsa-miR-196b-5p"	92.2396810973475	5.84669987149946e+27	97.9807039450995	28.764664929421	6.10106632651867e-13	2.21778098219897e-12
"hsa-miR-384"	75.1707631029609	4.25259957005122e+22	74.8491667997943	28.5949771502943	6.57009642762170e-13	2.37614520667876e-12
"hsa-miR-892b"	100.493726646663	1.78495017071346e+30	96.0032010175824	28.5850608041234	6.59868225583541e-13	2.37614520667876e-12
"hsa-miR-337-3p"	186.22147798482	1.14353828815072e+56	188.495208907425	28.5003487576719	6.84841597238862e-13	2.45454908916919e-12
"hsa-miR-106a-5p"	754.730452240296	1.57218904348265e+227	745.39723051491	28.469291556653	6.94250922485055e-13	2.47669980253971e-12
"hsa-miR-183-5p"	162.67562637748	9.33776850554069e+48	152.361216113384	28.4506767198926	6.99957318110789e-13	2.48549658792118e-12
"hsa-miR-122-5p"	106.37642644263	1.05316202471731e+32	115.771861578139	28.3761693676513	7.23308804660194e-13	2.53941359418826e-12
"hsa-miR-155-3p"	93.7159583871841	1.62672652018629e+28	87.5513660824515	28.3740805230133	7.23975453057573e-13	2.53941359418826e-12
"hsa-miR-16-1-3p"	105.486164890775	5.6819807714341e+31	102.280040441397	28.3698642251545	7.25323089559441e-13	2.53941359418826e-12
"hsa-miR-23a-5p"	117.760956559625	2.81566020324797e+35	117.296820949613	28.3603170760503	7.28384603287377e-13	2.53941359418826e-12
"hsa-miR-661"	93.8753641409195	1.81677213535985e+28	98.0351334127874	28.2548607702994	7.63143634161107e-13	2.64855731855913e-12
"ebv-miR-BHRF1-2-5p"	79.6276316323995	9.3391124578613e+23	77.4393095884355	28.1523207374496	7.98660886051945e-13	2.74976457545086e-12
"hsa-miR-378a-5p&hsa-miR-378a-3p"	348.033171592654	5.86710871334472e+104	351.158334926172	28.1449987030945	8.01264320147133e-13	2.74976457545086e-12
"hsa-miR-550a-3p"	150.430728174702	1.92380677641586e+45	142.948797626012	28.1399624681411	8.03060319297254e-13	2.74976457545086e-12
"hsa-miR-382-5p"	356.148114686022	1.62654251574025e+107	356.63119198838	28.1204804562845	8.10048861571214e-13	2.76136656366721e-12
"ebv-miR-BART1-3p"	108.079085640828	3.42804632250722e+32	109.064377165775	28.0929806189181	8.20025310257544e-13	2.77639176927954e-12
"hsa-miR-130b-3p"	259.717275830881	1.52296673413813e+78	263.773615256263	28.0788370027743	8.25207850930401e-13	2.77639176927954e-12
"ebv-miR-BART14-3p"	94.9419948622663	3.80529474812251e+28	94.4852110378603	28.0721221200508	8.27680681981732e-13	2.77639176927954e-12
"hsa-miR-600"	304.787201160849	5.62457670571226e+91	299.797776407051	28.0687223120479	8.28935743370293e-13	2.77639176927954e-12
"hsa-miR-515-3p"	91.0257463784179	2.52046132369122e+27	92.7816841395005	27.911097506704	8.89436746972192e-13	2.9660781953377e-12
"hsa-miR-486-3p"	88.5767379874017	4.61588576516962e+26	78.5373798520837	27.817107944934	9.27764726913277e-13	3.08050019715361e-12
"hcmv-miR-US25-1-5p"	97.7595522343778	2.68261028443347e+29	95.9171405371394	27.6313998406135	1.00882981321448e-12	3.33522614972201e-12
"hsa-miR-590-3p"	66.2317492292638	86644935608276860928	73.0955701162744	27.5790547920917	1.03303513060208e-12	3.40059203936393e-12
"hsa-miR-191-3p"	88.9867025011172	6.13291108126437e+26	96.7786936941251	27.4832410196869	1.07897778442357e-12	3.53664940449948e-12
"ebv-miR-BART12"	112.415473579714	6.92515541406677e+33	121.430301575101	27.4616713804693	1.08962109298836e-12	3.55633778009391e-12
"hsa-miR-429"	80.5184018993802	1.73162630546376e+24	86.548368429892	27.4324657119701	1.10421298855538e-12	3.58869221280498e-12
"hsa-miR-183-3p"	235.399672288967	7.28387238823622e+70	228.080966828475	27.3886353521455	1.12650829550543e-12	3.64570406182558e-12
"hsa-miR-519c-3p"	79.7411640254545	1.0103742299763e+24	90.474962330444	27.3326252068436	1.15570773338534e-12	3.72448668700234e-12
"hsa-miR-192-3p"	59.6120526098032	881081208181430656	71.2661413932584	27.2905091091278	1.17820078646036e-12	3.78108787956108e-12
"hsa-miR-208a-3p"	238.655684806628	6.95856618860799e+71	226.827227629964	27.2190231893904	1.21746655451755e-12	3.88240887749252e-12
"hcmv-miR-US25-1-3p"	129.33510678911	8.5851252575052e+38	115.8359096279	27.2146814135666	1.21989640088096e-12	3.88240887749252e-12
"hsa-miR-520a-3p"	84.5804780646461	2.89241726406967e+25	90.5689262172582	27.1775436532954	1.24089508440852e-12	3.92047202027128e-12
"hsa-miR-197-3p"	497.274176311411	4.94815321660229e+149	485.77374054037	27.1754697676532	1.24207914071176e-12	3.92047202027128e-12
"hsa-miR-485-3p"	811.663823145622	2.16350130819086e+244	809.975849060093	27.1101388543732	1.28000922238566e-12	4.02363554741721e-12
"hsa-miR-202-3p"	153.720592384083	1.8815218184783e+46	152.972302620309	27.0665284607004	1.30602227990983e-12	4.08811871317369e-12
"hsa-miR-541-3p"	88.7963655175047	5.3748893329521e+26	84.8073947551813	27.0579882480455	1.31118279457722e-12	4.08811871317369e-12
"hsa-miR-20b-5p"	209.001188935199	8.23430594103306e+62	204.934780758062	27.0331520255947	1.32631560295089e-12	4.11855897758434e-12
"hsa-miR-130b-5p"	130.001680346307	1.36271573594621e+39	134.00051664098	27.0205176376732	1.33408590808837e-12	4.12598343348299e-12
"hsa-miR-525-5p"	452.450572679568	1.58925626412153e+136	441.683701012314	27.0019783446124	1.34557673052142e-12	4.14480864381498e-12
"hsa-let-7c"	15112.7648190273	Inf	14570.4183001748	26.9556221880951	1.37477803274272e-12	4.2106963545699e-12
"hcmv-miR-US33-3p"	84.8938956082278	3.594256169254e+25	76.1415885233451	26.9473204614542	1.3800792906068e-12	4.2106963545699e-12
"hsa-miR-579-3p"	93.9246449563929	1.87990309966925e+28	66.5374227995681	26.942081487648	1.38343609041932e-12	4.2106963545699e-12
"hsa-miR-380-5p"	83.4931180003153	1.36123450628782e+25	81.2255485471233	26.9286158377703	1.39210445103005e-12	4.22033246616619e-12
"hsa-miR-548a-5p"	92.3640077713595	6.37289640621844e+27	85.2871541323381	26.8634420010687	1.43489457451451e-12	4.33292967973477e-12
"hsa-miR-588"	67.7729939777155	2.52176192519719e+20	76.614615746125	26.8330890833238	1.45530470166016e-12	4.3773282595033e-12
"hsa-miR-539-5p"	160.245322515196	1.73240226122492e+48	175.293180157675	26.8027028597938	1.47605089152467e-12	4.42238685077899e-12
"hsa-miR-492"	100.32114499322	1.58370337527873e+30	95.582122383672	26.7344492461424	1.52382206341091e-12	4.54774911531582e-12
"hsa-miR-601"	150.205683252102	1.64594825598526e+45	157.780436711227	26.7000810748959	1.54850487584834e-12	4.60350092936308e-12
"hcmv-miR-US4-5p"	80.7062294556525	1.97240412939059e+24	72.4142848507618	26.5728660616084	1.64368618330819e-12	4.86759576292424e-12
"hsa-miR-423-5p"	1255.8227472682	Inf	1279.75917941562	26.5264941324046	1.67993322983379e-12	4.94356906738113e-12
"ebv-miR-BART19-5p"	103.354490166989	1.29658719080243e+31	93.1695228419801	26.5235903731418	1.68223145578419e-12	4.94356906738113e-12
"hsa-miR-655-3p"	85.779899900922	6.64236742722218e+25	85.5606349927353	26.4608154498194	1.73275302775765e-12	5.07260142095465e-12
"hsa-miR-138-1-3p"	1108.44911853697	Inf	987.582547598105	26.4005748877941	1.78277489054776e-12	5.19919521311836e-12
"hsa-miR-152-3p"	197.880260011194	3.6973776627553e+59	210.701247237369	26.3209921639714	1.85125710521559e-12	5.37846287765286e-12
"hsa-miR-30c-5p"	6913.74530974055	Inf	6856.03024541575	26.308022422534	1.86268388473841e-12	5.39123977205418e-12
"hsa-miR-15b-3p"	93.4811362679004	1.38237555486964e+28	100.711549474436	26.2771518678113	1.89018872922847e-12	5.45028103503096e-12
"hsa-miR-215-5p"	151.959105717654	5.5494371259659e+45	150.617238367127	26.2332577866589	1.93005328813885e-12	5.54438528839887e-12
"hsa-miR-520e-3p"	90.2334338337592	1.45535920038673e+27	93.1475537683879	26.1792035844286	1.98039423244273e-12	5.6677700607596e-12
"hsa-miR-7-2-3p"	199.331830077931	1.01125328185391e+60	195.497837225642	26.1187360465218	2.03838969911268e-12	5.81206282237704e-12
"hsa-miR-135a-3p"	117.64904408504	2.60550091963549e+35	111.939654110431	26.0243395977494	2.13261644283287e-12	6.04493435665142e-12
"hsa-miR-125b-2-3p"	186.337916906593	1.23965923027227e+56	184.788875508433	26.0152613441238	2.14192270446123e-12	6.04493435665142e-12
"hsa-miR-589-3p&hsa-miR-589-5p"	180.862257470382	2.78589396202676e+54	162.083578778198	26.0135270449872	2.14370553456217e-12	6.04493435665142e-12
"ebv-miR-BART11-3p"	93.1591614013713	1.10586459159185e+28	89.6426665864268	25.9024435837859	2.26129671882227e-12	6.35316697192922e-12
"hsa-miR-933"	8043.36489685085	Inf	7377.89429520435	25.8883201229722	2.27673864996573e-12	6.36171234178675e-12
"kshv-miR-K12-9-3p"	71.2322916800869	2.77368064251677e+21	69.5895986899089	25.8845073091553	2.28092685005392e-12	6.36171234178675e-12
"hsa-miR-409-5p"	238.434628009776	5.97000968844586e+71	208.920326314417	25.8550294601182	2.31358844458679e-12	6.41545846720164e-12
"hsa-miR-519b-3p"	80.5521444548914	1.77260388161915e+24	84.0814508014032	25.8520428040352	2.31692567850698e-12	6.41545846720164e-12
"hsa-miR-135b-5p"	96.8698980602457	1.44792142032741e+29	110.292289707141	25.8124046850432	2.36171115456231e-12	6.51594408470967e-12
"hsa-miR-877-3p"	102.300101944005	6.24308495270615e+30	103.918032312754	25.8007268357876	2.37508267424825e-12	6.52934914390109e-12
"hsa-miR-7-1-3p"	126.322746783647	1.06398600740646e+38	126.758431715399	25.7899796776681	2.38746061291437e-12	6.53993675037615e-12
"ebv-miR-BART5-5p"	204.737859614255	4.28782440610949e+61	197.00544672505	25.6965399955938	2.4980547125764e-12	6.81853368165872e-12
"hsa-miR-1307-3p"	105.561754915037	5.98762543204533e+31	106.25058054619	25.6031562789384	2.61411659888682e-12	7.11002635229144e-12
"hsa-miR-508-5p"	107.200393733344	1.86437839146372e+32	97.1235805311872	25.5315155126697	2.70709104079071e-12	7.33688631903349e-12
"hsa-miR-27a-5p"	106.827732873076	1.43996509077134e+32	110.580433820435	25.4493714281437	2.81810158726296e-12	7.61085886419258e-12
"hsa-miR-367-3p"	88.3596609955775	3.97107753184276e+26	89.9322652647541	25.4192807860005	2.85998549768054e-12	7.67183331201749e-12
"hsa-miR-134-5p"	119.638521686559	1.03462665890801e+36	110.893550974033	25.4187832737878	2.86068360787093e-12	7.67183331201749e-12
"hsa-miR-885-5p"	1509.24056862433	Inf	1475.50705986074	25.3968175026672	2.89168975423904e-12	7.72796530139842e-12
"hsa-miR-615-3p"	237.895262872933	4.1078062478611e+71	242.511129000772	25.3335253422602	2.98307307050484e-12	7.92989670342373e-12
"hsa-miR-28-3p"	101.517105725036	3.62822236635504e+30	98.8445782526974	25.3302220179306	2.98792718029916e-12	7.92989670342373e-12
"hsa-miR-302c-5p"	245.700840347238	9.19015644237513e+73	248.09424011736	25.2973733677787	3.03666272050776e-12	8.00690837049412e-12
"hsa-let-7d"	829.170011158651	4.02758638230704e+249	830.897422946688	25.2965981725391	3.03782312361641e-12	8.00690837049412e-12
"hsa-miR-26a-1-3p"	101.069705061796	2.66080394951213e+30	100.032516088468	25.1326267551277	3.29435304998663e-12	8.65331777171146e-12
"hsa-miR-24-3p"	5273.38082407397	Inf	5454.38172734596	25.1057302617829	3.33861566449744e-12	8.73965260979364e-12
"hsa-miR-576-5p"	158.018762136486	3.70158120016597e+47	162.86132740566	25.0874841972649	3.3690070714302e-12	8.789212325806e-12
"hsa-miR-543"	100.734950836638	2.10980255322554e+30	98.6453050888199	24.9107358658863	3.67932467070724e-12	9.53711682163954e-12
"hsa-miR-671-3p"	106.761842400595	1.37567851594773e+32	102.023351977227	24.9100668574506	3.68055616584785e-12	9.53711682163954e-12
"hsa-miR-509-3p"	98.8904916291709	5.87495123822612e+29	97.9390201500346	24.8870833923803	3.72313442122235e-12	9.61496330329139e-12
"hsa-miR-508-3p"	88.4103567641698	4.11310042542564e+26	97.1715525709835	24.8560395061697	3.78148954284796e-12	9.73289422605498e-12
"ebv-miR-BHRF1-3"	145.13584070211	4.90051245411465e+43	143.361918413473	24.8222926136601	3.84604532636782e-12	9.86594235894354e-12
"hsa-miR-33b-3p"	74.3305322881838	2.3753073489679e+22	71.6011594565957	24.6890317995223	4.11280862556496e-12	1.05150807193611e-11
"hsa-miR-199b-5p"	101.702407475912	4.12548755628663e+30	105.843798614438	24.6479929111913	4.19892387055283e-12	1.06995834176545e-11
"hsa-miR-767-3p"	96.2342022511351	9.3192612448014e+28	99.7574605523587	24.6267108703795	4.24434480638514e-12	1.07795114784682e-11
"hsa-miR-200b-3p"	105.198749114549	4.65563570058816e+31	111.523725654578	24.5979097682422	4.3066579484679e-12	1.09016721005772e-11
"kshv-miR-K12-2"	94.0818560526235	2.09633516552118e+28	88.6710924843751	24.5190079173474	4.48247111855402e-12	1.13041642601727e-11
"hsa-miR-548b-5p"	100.477357142808	1.76481174357192e+30	98.4616171097999	24.5134529523231	4.49513702653542e-12	1.13041642601727e-11
"hsa-miR-200a-3p"	101.519862673749	3.63516242391587e+30	96.5341568483564	24.5024680590245	4.52029738925625e-12	1.13302879005214e-11
"hsa-miR-890"	160.490053666456	2.05267484095593e+48	157.484588946704	24.4574118177773	4.62509504653908e-12	1.15315473597906e-11
"hsa-miR-26b-5p"	13822.1201272471	Inf	14213.9869435545	24.4550498752995	4.63066047824707e-12	1.15315473597906e-11
"hsa-miR-20b-3p"	163.258167089141	1.39831601265349e+49	158.391834184857	24.4444533179432	4.65571802003176e-12	1.15564262827326e-11
"hsa-miR-34b-5p&hsa-miR-34b-3p"	1738.82133898635	Inf	1822.81712423278	24.4367431158248	4.67404202236282e-12	1.15644846166203e-11
"hsa-miR-30a-5p"	6429.07972070193	Inf	6196.37462966322	24.4087227629753	4.74129196199038e-12	1.16931541313396e-11
"ebv-miR-BART20-5p"	108.049668609129	3.35885513084603e+32	103.018175847455	24.3516352993907	4.88155117981372e-12	1.20004799837087e-11
"hsa-miR-571"	99.6458937756333	9.91751740247428e+29	97.8088807576303	24.3115453728424	4.98271737932457e-12	1.22100454630733e-11
"hsa-miR-656-3p"	177.678390308234	3.06566760060625e+53	180.126795014089	24.2776304921765	5.07006502721354e-12	1.2384521897684e-11
"hsa-miR-942-5p"	101.853074814213	4.57963293176558e+30	100.587645606548	24.2385714931422	5.1727098126793e-12	1.25951378613493e-11
"hsa-miR-888-5p"	106.867055628233	1.47975321558061e+32	79.2417451720349	24.1316097821532	5.46543167117699e-12	1.32657787714961e-11
"hsa-miR-105-3p"	89.6732392351746	9.87040148273446e+26	95.0429567056897	24.1160146336761	5.5095806172932e-12	1.33307518405801e-11
"hsa-miR-944"	111.370988940525	3.3574404454577e+33	107.295629313207	24.0876374463691	5.59090334003258e-12	1.34849775528459e-11
"ebv-miR-BART13-5p"	81.6095242516633	3.68905161466251e+24	85.3020917042077	24.0614104253566	5.66721469011472e-12	1.3626187044884e-11
"hsa-miR-518c-3p"	86.7284160601081	1.28190166174428e+26	85.3133822845393	24.0543358808852	5.68799071501356e-12	1.36334027450481e-11
"kshv-miR-K12-11-3p"	109.578791586278	9.69400314048885e+32	109.077981414603	24.0364267941993	5.7409524771923e-12	1.37174783489299e-11
"kshv-miR-K12-9-5p"	89.4160641338451	8.25880854594813e+26	83.9075770817998	23.9614030291923	5.96866104669534e-12	1.42172764683706e-11
"hsa-miR-374b-5p"	445.569090312358	1.34791133279514e+134	428.301460167837	23.9534480861721	5.99337003738569e-12	1.42319344231419e-11
"hsa-miR-214-3p"	440.509417940365	4.04155201468554e+132	431.346706101579	23.8471119326757	6.3344578332408e-12	1.49954603644929e-11
"hsa-miR-548c-5p"	109.82889808994	1.15290285802826e+33	104.271104018244	23.7466095960111	6.67611370503481e-12	1.57556283438821e-11
"hsa-miR-885-3p"	145.211302074182	5.16365994335934e+43	150.620454519398	23.6153656512847	7.15247308696889e-12	1.68280578457213e-11
"hsa-miR-455-3p"	114.286712042202	2.53354388006128e+34	108.770296455735	23.5996022969833	7.21210542623327e-12	1.69164674676481e-11
"kshv-miR-K12-5-3p"	190.465958628787	2.16753790092865e+57	182.534214998715	23.4966780940641	7.61487288478459e-12	1.78067301909445e-11
"hsa-miR-517-5p"	109.485566969125	9.08740220073099e+32	105.117909930619	23.4666571841703	7.73686708445543e-12	1.80370123215116e-11
"hsa-miR-302d-3p"	80.0318827739375	1.23593981910026e+24	88.8874690178661	23.3884335101641	8.0647390908384e-12	1.87444087353729e-11
"hsa-miR-663a"	105.03526173424	4.15685029822882e+31	96.3523025097849	23.2884239062472	8.5058937460277e-12	1.97100317317319e-11
"hsa-miR-93-5p"	536.332007780542	2.83153527653024e+161	542.082606747986	23.244300511921	8.70872951857326e-12	2.01192636769448e-11
"hsa-miR-299-3p"	159.188620048671	8.3281704087119e+47	159.889058332044	23.2179477928994	8.83235355347814e-12	2.02839267815193e-11
"hsa-miR-301b-3p"	107.364653876093	2.08920612683665e+32	115.145455151855	23.217832951449	8.83289640811921e-12	2.02839267815193e-11
"ebv-miR-BART1-5p"	120.468626937835	1.83937485302839e+36	120.511348832354	23.1982787155898	8.9258552164216e-12	2.0436211794016e-11
"hsa-miR-552-3p"	133.875898837022	1.9983025677044e+40	130.738579854666	23.1900636871076	8.96522244462728e-12	2.04652548066343e-11
"hsa-miR-423-3p"	564.867230745347	1.10148863873927e+170	559.952769620606	23.145604674057	9.18154450101894e-12	2.0896868345049e-11
"hsa-miR-29a-5p"	208.608686548641	6.27295261869403e+62	218.910008019357	23.1177998085539	9.31968601160005e-12	2.11053937732049e-11
"hsa-miR-376b-3p"	164.204958333989	2.69536692793214e+49	159.526855701187	23.116100911661	9.3281988124074e-12	2.11053937732049e-11
"hsa-miR-99b-3p"	285.852154549036	1.12220666681639e+86	285.646821788277	23.1049716775023	9.38417251401993e-12	2.11695891713332e-11
"hsa-miR-519e-5p"	585.16386863947	1.4186551509356e+176	534.363947993135	22.882448584884	1.05827418780192e-11	2.38034106171282e-11
"hsa-miR-22-3p"	6062.91908587325	Inf	6656.20615267053	22.7327155879702	1.14814908035577e-11	2.57494252816631e-11
"hsa-miR-27b-5p"	109.720972666771	1.06980328252417e+33	111.594768628002	22.7044596159521	1.16601349819288e-11	2.60517508138724e-11
"hsa-miR-28-5p"	893.652132760221	1.03776172745018e+269	859.908041826653	22.7006846812185	1.16842272229102e-11	2.60517508138724e-11
"hcmv-miR-UL36-3p"	74.6788442406002	3.02393295461425e+22	75.0387844267947	22.6796212099907	1.18196455623447e-11	2.62772989748359e-11
"hsa-miR-190b-5p"	103.454535846577	1.38969174363188e+31	93.6348147683217	22.6278741074145	1.21595609935974e-11	2.69548649771364e-11
"hsa-miR-199a-5p"	175.680474325418	7.67524812857618e+52	193.725786465325	22.5972191266192	1.2365881146326e-11	2.73332300842421e-11
"hsa-let-7b"	5892.42575420775	Inf	5985.42689820886	22.5810635144148	1.24761291438687e-11	2.74506735932101e-11
"hsa-let-7b-3p"	252.917153474912	1.36662579546064e+76	255.424818574715	22.578955364638	1.24905933298961e-11	2.74506735932101e-11
"hsa-miR-631"	98.4971138639705	4.47286467959528e+29	95.0336452325277	22.5546381310696	1.26587476727323e-11	2.77407413285304e-11
"hsa-let-7g"	252.191231077202	8.26276112699342e+75	250.682626371668	22.52753431644	1.28490489624723e-11	2.80775514365136e-11
"hsa-miR-433-3p"	257.834281293598	4.1290731785519e+77	269.277551158465	22.4947446961533	1.30833993381658e-11	2.85084298078783e-11
"hsa-miR-421"	197.95420854819	3.89183608868351e+59	208.567232382422	22.4654991040828	1.3296306377507e-11	2.88718716936998e-11
"hsa-miR-660-5p"	134.89859812447	4.05998480787357e+40	135.946304487825	22.4615311488731	1.33254792432461e-11	2.88718716936998e-11
"hsa-miR-302b-5p"	91.2904719399945	3.02810110896848e+27	92.371665618876	22.4233317062515	1.36098783356573e-11	2.94050047421103e-11
"hsa-miR-140-3p"	1272.82341151412	Inf	1270.21411759094	22.3684634463381	1.40298758239735e-11	3.02272886432237e-11
"hsa-miR-325"	99.9465705672317	1.22156253479717e+30	104.767593777658	22.3555593534993	1.41306660799306e-11	3.03591621381143e-11
"hcmv-miR-UL148D"	356.439148886445	1.99010249306566e+107	355.675392400862	22.3293889952639	1.43374778326286e-11	3.07174455240953e-11
"hsa-miR-938"	216.244324925599	1.2474644979164e+65	201.326774847628	22.314856445264	1.44537272527068e-11	3.08802473616327e-11
"hsa-miR-17-5p"	776.282664370117	4.83467282270732e+233	789.639377435335	22.2901897570034	1.46533721924803e-11	3.12198235323121e-11
"hsa-miR-603"	106.921516509875	1.53668075160858e+32	117.303520789892	22.2430524751507	1.50431961333546e-11	3.19615829204514e-11
"hsa-miR-877-5p"	301.672613698039	6.49389995291045e+90	301.018245500346	22.2004913814477	1.54047793480756e-11	3.26394081767237e-11
"hsa-miR-99b-5p"	1993.89959423652	Inf	2077.41380872975	22.1714009919407	1.56572994051334e-11	3.30830541149789e-11
"hsa-miR-657"	160.171540607559	1.64603162342612e+48	152.629767862851	22.0620156811183	1.66474686172559e-11	3.50785945863606e-11
"hsa-miR-23b-3p"	7046.29291625177	Inf	7191.94344517046	22.0474313188205	1.6784502314924e-11	3.52704473302649e-11
"hsa-miR-652-3p"	151.313579646581	3.54753120989453e+45	151.655241175535	22.000731214652	1.72315276822122e-11	3.61108790498818e-11
"hsa-miR-802"	83.9108295820517	1.81834658498968e+25	77.6389005472655	21.901659410335	1.82228948056587e-11	3.80843605338971e-11
"hsa-miR-181a-2-3p"	170.574833663531	2.22916100928882e+51	156.235950265265	21.8577233170228	1.86820498476403e-11	3.89378593291852e-11
"hsa-miR-544a"	115.37363742094	5.38177544163712e+34	109.987601446971	21.8385631361504	1.88861710422095e-11	3.92566211094166e-11
"hsa-miR-758-3p"	143.669012646725	1.77289189297642e+43	142.85265250567	21.8218823141804	1.90658346999419e-11	3.95229600401497e-11
"hsa-miR-297"	163.606422909659	1.78008515779983e+49	176.380898748696	21.7638659764395	1.97051827078648e-11	4.07382079162596e-11
"hsa-miR-493-5p&hsa-miR-493-3p"	128.417855289886	4.5459684896722e+38	118.361455453839	21.7200642229479	2.02031699416661e-11	4.16554606055319e-11
"hsa-miR-550a-3p&hsa-miR-550a-5p"	1529.30904705576	Inf	1526.28413061435	21.6468148955941	2.1066486950558e-11	4.33190227642841e-11
"hsa-miR-485-5p"	173.165274851887	1.34258545470057e+52	185.192392420417	21.6136942243079	2.14698154714599e-11	4.4030343493609e-11
"hsa-miR-483-3p"	98.1885085041942	3.61148894063716e+29	113.722225896248	21.593091656829	2.1724893457212e-11	4.43262855242459e-11
"hsa-miR-410-3p"	430.404902377205	3.67101277947592e+129	406.840439364976	21.5927055767142	2.17297045073226e-11	4.43262855242459e-11
"hsa-miR-103a-3p"	2459.6720675613	Inf	2520.80519313952	21.5334786030886	2.24815132450774e-11	4.57382510848127e-11
"hsa-miR-18b-5p"	186.810863372189	1.72057413876822e+56	191.371612582255	21.5284344198498	2.25468246556034e-11	4.57497738382217e-11
"hsa-miR-146a-5p"	205.166401321574	5.77086480617693e+61	220.334318851371	21.4987370275254	2.29355082825866e-11	4.64156592420684e-11
"hsa-miR-138-2-3p"	141.44088219017	3.78397407623951e+42	147.200975281684	21.4901816118285	2.30488168712251e-11	4.65222172111307e-11
"hsa-miR-558"	85.4996963295362	5.46982227309407e+25	82.547137691655	21.4460028929256	2.3643595484274e-11	4.75974743738535e-11
"hsa-miR-520f-3p"	76.5451382320288	1.10251023554744e+23	79.4354522219585	21.4408301651058	2.37143095121117e-11	4.76148570570411e-11
"hsa-miR-206"	121.881110622891	4.89632460956816e+36	127.35410037727	21.4298688652768	2.38649101992384e-11	4.77921308689708e-11
"hsa-miR-29b-2-5p"	137.771950864549	2.97501918956095e+41	137.456958254654	21.4127628620727	2.41019962178292e-11	4.81412268205078e-11
"hsa-miR-770-5p"	111.933312146642	4.95774825285749e+33	111.243489800613	21.4074341149571	2.41763687548872e-11	4.81643502207753e-11
"hsa-miR-518e-3p"	99.7470995134862	1.06382191839695e+30	102.335555483203	21.3987072912912	2.42987019822215e-11	4.82826539387665e-11
"hsa-miR-559"	85.150391798391	4.29360485991909e+25	81.1787193935679	21.3059755053184	2.56405906211046e-11	5.0817397949321e-11
"hsa-miR-582-3p"	119.954471723191	1.28793546640209e+36	116.937034922085	21.2768420196342	2.60784761290461e-11	5.15520391520062e-11
"hsa-miR-424-5p"	827.73578513379	1.49038959441634e+249	776.784704271856	21.1940896189805	2.73667802078253e-11	5.39596925948637e-11
"hsa-miR-143-5p"	101.822913151103	4.48488286120192e+30	98.273115182909	21.1668083660097	2.78063870245326e-11	5.46858944815808e-11
"hsa-miR-186-5p"	255.105189365391	6.22750447838482e+76	273.192156047905	21.156932268085	2.79673986414008e-11	5.4861879176354e-11
"hsa-miR-376a-3p"	321.310332184237	5.2972187086025e+96	312.601882814446	21.0610917024883	2.95830887059846e-11	5.78832373405362e-11
"hsa-miR-15b-5p"	578.090366853724	1.05327221399535e+174	582.19919562187	21.0475429690316	2.9819486461537e-11	5.81973183613204e-11
"hcmv-miR-UL22A-3p"	90.2944102090004	1.51818925611923e+27	93.8025553409179	20.9110135415349	3.23184610416863e-11	6.29143645151609e-11
"ebv-miR-BART20-3p"	106.69697644809	1.31519563109074e+32	102.860360951571	20.8773854586286	3.29679845202843e-11	6.40163142457165e-11
"hsa-miR-491-3p"	2520.49565517448	Inf	2449.38321849225	20.8619714531666	3.32703897259642e-11	6.44403760601377e-11
"hsa-miR-99a-3p"	159.887917787428	1.3522568754958e+48	171.946243482807	20.802361560359	3.44682802532075e-11	6.65923701617384e-11
"hsa-miR-548c-3p"	89.073711572348	6.51416880392207e+26	87.0766731102486	20.7361574427647	3.58533412633547e-11	6.90942531381735e-11
"hsa-miR-662"	115.280292272177	5.04459009518269e+34	116.475173410445	20.7217018885947	3.61636665370224e-11	6.95176246463564e-11
"hsa-miR-574-3p"	519.43907097118	2.32670478050843e+156	507.820599918737	20.6262458412308	3.82868887427517e-11	7.34151091642264e-11
"hsa-miR-339-3p"	155.291384638335	5.58939554360253e+46	146.673752541195	20.584273640686	3.92626130250249e-11	7.50983146887633e-11
"hsa-miR-196a-3p"	265.845091217325	1.0649927626098e+80	237.717628973592	20.5763892853575	3.94488688674764e-11	7.52668716949115e-11
"hsa-miR-580-3p"	98.4177893072042	4.23356944818987e+29	97.6824674453719	20.3944080421403	4.4023338854106e-11	8.37863545932985e-11
"hsa-miR-340-3p"	230.729271946187	2.86043269560944e+69	244.181502866488	20.3762011860438	4.45114967048343e-11	8.45057375559601e-11
"hsa-miR-526b-3p"	122.718975376071	8.75170409694133e+36	114.518245191274	20.3007798788453	4.65966335141006e-11	8.82459701365807e-11
"hsa-miR-142-3p"	428.005442110783	6.95787116292837e+128	436.519150808673	20.2960851609751	4.6729857243825e-11	8.82802968128418e-11
"hsa-miR-149-3p"	1252.18498877465	Inf	1376.31338030393	20.2815035178406	4.71462671118041e-11	8.86867191776903e-11
"hsa-let-7a-5p"	11415.0408231492	Inf	10907.4302045561	20.2804590525604	4.71762469680543e-11	8.86867191776903e-11
"hsa-miR-23a-3p"	2368.3757888513	Inf	2425.06219617823	20.2393530684371	4.83725863611104e-11	9.07133832248696e-11
"hsa-miR-488-5p&hsa-miR-488-3p"	1072.99892663154	Inf	1055.34501606279	20.1878481647193	4.99178729070946e-11	9.33829476091258e-11
"kshv-miR-K12-6-5p"	136.061451953026	9.09030157649143e+40	128.827506368259	20.1248087381528	5.18819258550548e-11	9.68210149168542e-11
"hsa-miR-450a-5p"	94.1915487588572	2.2619422592268e+28	112.16338812201	20.1138950986734	5.22303191548079e-11	9.72345990090721e-11
"hsa-miR-181a-3p"	238.829741556914	7.85083889318243e+71	244.028835614764	20.0805780107061	5.33095619385399e-11	9.9003472171574e-11
"hsa-miR-587"	72.624549894605	7.28061288383926e+21	78.1122095722068	20.0449686212798	5.44896556166186e-11	1.00950642168953e-10
"hsa-miR-624-5p"	70.4157734902714	1.57492540437499e+21	73.9363616125265	19.9340725983841	5.83484789760334e-11	1.07839237047271e-10
"hsa-miR-151a-5p"	1138.45211018878	Inf	1139.09675873791	19.832958960929	6.21240616723693e-11	1.14349241084474e-10
"hsa-miR-18a-5p"	205.972306089973	1.00888672864541e+62	202.525198983767	19.8317953130806	6.21690137317152e-11	1.14349241084474e-10
"hsa-miR-19a-3p"	591.213896783409	9.39976043518565e+177	609.015410724035	19.7782793193007	6.42746632666593e-11	1.1793939408021e-10
"hsa-miR-150-5p"	247.074276848614	2.38104985256658e+74	233.411999974631	19.7216944270707	6.65848351943502e-11	1.21886798553858e-10
"hsa-miR-486-5p"	268.712353757897	7.77103180802989e+80	254.666178939131	19.7133434946639	6.69332769190916e-11	1.22232912849865e-10
"ebv-miR-BART7-5p"	157.287326639723	2.22947833455928e+47	149.541179172843	19.6898192338744	6.79254184461582e-11	1.23750109140626e-10
"ebv-miR-BART19-3p"	290.804106303128	3.4734324676006e+87	302.140993609578	19.6713460832042	6.87156231463125e-11	1.24893087566876e-10
"hsa-miR-610"	126.812759533229	1.49432290173521e+38	127.613962328492	19.6373135998142	7.01974176895861e-11	1.27116485681485e-10
"hsa-miR-138-5p"	5285.47570068991	Inf	5328.88660622744	19.6356576440898	7.02703910416556e-11	1.27116485681485e-10
"hsa-miR-551b-3p"	4021.69381362799	Inf	3776.80021017969	19.6243987984806	7.0768706957882e-11	1.27716701733401e-10
"hsa-miR-212-3p"	352.28008097719	1.11396423882877e+106	348.927527627868	19.5109720513003	7.60066100241028e-11	1.36847581897856e-10
"hsa-miR-623"	167.192737784827	2.13810549867572e+50	176.422153200179	19.4432416572186	7.93321638535628e-11	1.42500631558976e-10
"hsa-miR-150-3p"	80.9826364003286	2.38892593019895e+24	83.1938732402625	19.4339684343782	7.97995330721681e-11	1.43005238005498e-10
"hsa-miR-518f-3p"	70.4747237816806	1.64061166233078e+21	70.035046098233	19.3609733330664	8.3583627332731e-11	1.49437394322155e-10
"hsa-miR-497-5p"	235.792346699749	9.5624483990585e+70	228.484528850944	19.3348978276498	8.49818375178911e-11	1.51583882270285e-10
"hsa-miR-125b-1-3p"	230.782048798091	2.96701094927852e+69	246.542744988552	19.3176245497145	8.59219072130399e-11	1.5290511098005e-10
"hsa-miR-592"	129.204317558602	7.8410668126181e+38	140.456974780934	19.2991932458624	8.6937357347874e-11	1.54354058069026e-10
"hsa-miR-876-3p"	173.007237301107	1.20328331464731e+52	181.102454235595	19.2905802113674	8.74163034188369e-11	1.54845969335445e-10
"hsa-miR-554"	103.360764765801	1.30223861509837e+31	93.5550062838009	19.200095564518	9.26230980579307e-11	1.63691051176113e-10
"hsa-miR-25-5p"	324.932684827059	6.52356065254288e+97	321.700316726833	19.1942575180653	9.29703134254078e-11	1.63926966430547e-10
"hsa-miR-769-5p"	750.362104182453	7.61203836458646e+225	758.941941374225	19.1488021095777	9.57221549122924e-11	1.68391956003964e-10
"kshv-miR-K12-1-5p"	142.289852349978	6.81574974425755e+42	141.65995717252	19.1311970623796	9.68113941153928e-11	1.6988093387196e-10
"hsa-miR-106b-5p"	1731.7162882733	Inf	1778.99962569923	19.1279854003865	9.70115372045876e-11	1.6988093387196e-10
"hsa-miR-889-3p"	153.937301655065	2.18647869401036e+46	155.885917270227	19.0931591857841	9.92106478246457e-11	1.73336143238048e-10
"hcmv-miR-US33-5p"	92.6765071817848	7.91422795335244e+27	89.5390244117583	19.0260901622995	1.03598371982622e-10	1.80590798433343e-10
"hsa-miR-494-3p"	2062.04524694238	Inf	1737.36931801181	18.9491837666104	1.08888204875374e-10	1.89381526393225e-10
"hsa-miR-340-3p&hsa-miR-340-5p"	1350.17134197428	Inf	1351.38214033976	18.924412016628	1.10653396769846e-10	1.9201618851238e-10
"hsa-miR-425-3p&hsa-miR-425-5p"	351.358269629321	5.88001431017001e+105	359.745234929713	18.9180718500408	1.11110118893379e-10	1.92373501560321e-10
"hsa-miR-648"	105.944159627697	7.80494619211311e+31	88.133937586334	18.8448183840777	1.16536694276408e-10	2.01314514662174e-10
"hsa-miR-511-5p"	80.487663442382	1.6951220651679e+24	91.0784041188602	18.8124201790586	1.19027099361352e-10	2.05154573505972e-10
"hsa-miR-221-3p"	964.700029938988	2.53306205675627e+290	941.412730320287	18.7940534604097	1.20464312061826e-10	2.07166204823812e-10
"hsa-miR-100-3p"	66.246861347238	87557304702681186304	61.2057907297895	18.764026710175	1.22854310491862e-10	2.10803705027423e-10
"hsa-miR-193a-3p"	245.730180447796	9.37897017280429e+73	249.479906192727	18.6932258119284	1.28694170880502e-10	2.20054177609608e-10
"kshv-miR-K12-4-3p"	86.904079203286	1.44788672320225e+26	87.0884964786146	18.6917480494024	1.28819199148258e-10	2.20054177609608e-10
"hsa-miR-650"	103.64896647548	1.59018601127976e+31	99.4728808475939	18.6339035284788	1.33817400708258e-10	2.27925182397351e-10
"hsa-miR-599"	86.1979739265648	8.8751503168413e+25	78.2406230788918	18.6315844597729	1.34022088170678e-10	2.27925182397351e-10
"hsa-miR-337-5p"	178.375315144132	4.96958753124113e+53	185.419302771946	18.6282344955097	1.34318360421907e-10	2.27925182397351e-10
"hsa-miR-516a-5p"	481.992222662561	1.24198599370703e+145	447.769404143635	18.5551188425953	1.40963472834587e-10	2.38673253121696e-10
"hsa-miR-25-3p"	178.039550680538	3.9377230638747e+53	184.056564144243	18.5472017239761	1.41703973018044e-10	2.39398562345463e-10
"hsa-miR-100-5p"	3318.73134486679	Inf	3336.44216472666	18.4637102093436	1.49772970810383e-10	2.52474436508932e-10
"hsa-miR-570-3p"	89.2792604655876	7.51165080864897e+26	88.3108318794433	18.4463106563126	1.51516006827225e-10	2.54852581658951e-10
"ebv-miR-BART18-3p"	161.279872637352	3.54878231906818e+48	154.880765346862	18.4012411313615	1.56133248914524e-10	2.62044205508621e-10
"hsa-miR-9-3p"	13924.1942038714	Inf	13945.8429460081	18.3896259572414	1.57347572584571e-10	2.63505651031366e-10
"hsa-miR-130a-5p"	80.7188738197273	1.98976705532871e+24	87.4329526395485	18.2678272489891	1.70711265650321e-10	2.85262616021342e-10
"hsa-miR-520d-5p"	3801.3452441421	Inf	3435.7935745883	18.1688358318066	1.82472546547418e-10	3.04253137395369e-10
"hsa-miR-496"	83.1577812196332	1.0789132334189e+25	84.2131550204755	18.1165058019799	1.89039714887917e-10	3.14519438869918e-10
"hsa-miR-101-3p"	3039.21111705908	Inf	3093.24494277262	18.0070722200815	2.03609801624948e-10	3.3802752780592e-10
"hsa-miR-887-3p"	181.185953836888	3.48663831131231e+54	183.523045819695	17.9908343942705	2.05872732799522e-10	3.41046190188408e-10
"hsa-miR-132-3p"	924.414014812139	1.88949988848457e+278	948.578866685457	17.9481412336958	2.11952635886832e-10	3.50361361476724e-10
"hsa-miR-320a-3p"	1519.53644551893	Inf	1559.47156270325	17.8511988014996	2.2648750723657e-10	3.73582619463332e-10
"hsa-let-7i"	2505.26710501391	Inf	2563.83306866922	17.8303742302496	2.29747614794381e-10	3.78146825208778e-10
"hsa-miR-22-5p"	382.983589202404	1.94781720209977e+115	412.23344691375	17.7984475289168	2.34844201177459e-10	3.85707713711159e-10
"hsa-miR-455-5p"	111.506359000095	3.68772702774756e+33	124.832365367523	17.6730230775298	2.56075594028009e-10	4.19679445768126e-10
"hsa-miR-520a-5p"	141.415043694931	3.71680682820917e+42	144.649097067131	17.6586432967589	2.5863866683543e-10	4.22976241924894e-10
"hsa-miR-30e-3p"	563.092656973918	3.21943815879556e+169	589.955328429121	17.6502571419281	2.60146157143553e-10	4.24536388359799e-10
"hsa-miR-936"	138.048225505142	3.60293747289545e+41	130.060753579135	17.6373279302415	2.62488855688284e-10	4.27450004910645e-10
"hsa-miR-221-5p"	242.95770587252	1.37264156404424e+73	252.18535062243	17.5799348922977	2.73165592588065e-10	4.43894087955605e-10
"hsa-miR-585-3p"	142.078120058639	5.88539837761255e+42	142.497002660645	17.5742167478605	2.74254645787938e-10	4.44721592641328e-10
"hsa-miR-568"	84.0256118608643	1.96892681692667e+25	76.0112980921654	17.5697894549202	2.7510105697841e-10	4.45152976165486e-10
"hsa-miR-504-5p"	195.38056813372	6.53749813709336e+58	202.54838659667	17.5665584148385	2.75720541786839e-10	4.45216116948433e-10
"hsa-miR-32-5p"	213.104437511092	1.41523284737707e+64	218.416003184348	17.5133150401747	2.86147925394433e-10	4.6108289659145e-10
"hsa-miR-331-3p"	1179.06483160994	Inf	1166.8562723154	17.498644194386	2.89095106943895e-10	4.64855234855277e-10
"ebv-miR-BART8-5p"	77.182964541092	1.71548719681967e+23	81.2742038038157	17.4132684156905	3.06906934934519e-10	4.92463638273591e-10
"hsa-miR-934"	641.254288504138	1.08836780869429e+193	599.444276248905	17.3157090400732	3.28717437454447e-10	5.26359654546056e-10
"hsa-miR-708-3p"	118.10187885771	3.56621958257313e+35	131.709280653257	17.3028902224014	3.31704957398983e-10	5.30036879843792e-10
"hsa-miR-296-3p"	157.047251534447	1.88770205434251e+47	157.780199414796	17.2433680965697	3.45964856381268e-10	5.51673689905265e-10
"hsa-miR-581"	95.1200716038205	4.3052139859255e+28	98.0959041834827	17.182249972589	3.61295804941265e-10	5.74925067199067e-10
"hsa-miR-142-5p"	296.710500967225	2.08334320087961e+89	302.774750306233	17.1543840401964	3.68526863279967e-10	5.85217606906283e-10
"hsa-miR-376c-3p"	740.22277547068	6.74930245187088e+222	721.977249617647	17.130862674471	3.7475172252687e-10	5.93873080946507e-10
"hsa-miR-671-5p"	278.675713031065	7.75798053125672e+83	265.203971950758	17.0392759842753	4.00089239690882e-10	6.32718447098777e-10
"hsa-miR-562"	73.3566226042571	1.20932709813192e+22	80.1404739947276	17.0202289796324	4.05586576334721e-10	6.40092395161997e-10
"hsa-miR-374b-3p"	515.07761269522	1.13190900826866e+155	517.653399410659	17.0100499660593	4.08557701072095e-10	6.43457406000609e-10
"ebv-miR-BART3-5p"	63.4678831989109	12756648944743712768	85.0691316053029	16.9840862563411	4.16242707725103e-10	6.54217534477774e-10
"hsa-miR-27b-3p"	2486.91868911708	Inf	2528.74076770461	16.9651162956173	4.21955878422662e-10	6.61840815440045e-10
"hsa-miR-363-3p"	325.168268211222	7.68072771898065e+97	340.147711009794	16.9207742002628	4.35642009675585e-10	6.8191310494117e-10
"hsa-miR-136-3p"	490.884446109187	5.90123193223054e+147	492.399844503859	16.8675108699892	4.52715974550091e-10	7.07195829898003e-10
"hsa-miR-432-3p"	101.650955658739	3.98095016710817e+30	97.8285276397939	16.7729125005303	4.84840475676957e-10	7.5583870903298e-10
"hsa-miR-223-3p"	389.51393627571	1.80043956525885e+117	405.868528584703	16.6320099718882	5.37319756776351e-10	8.35951832550632e-10
"hsa-miR-193b-5p"	264.99648487473	5.91412763292195e+79	260.4743270723	16.6269878733372	5.39299567718014e-10	8.37333539351653e-10
"hsa-miR-891a-5p"	361.27749866094	5.69329720088187e+108	335.507803650524	16.6041687515237	5.48394646587011e-10	8.49734735216641e-10
"hsa-miR-19b-3p"	640.768490561546	7.77205625406277e+192	654.56442402047	16.504054036922	5.9029288173048e-10	9.12811774772739e-10
"hsa-miR-633"	78.8638151260888	5.50014229645335e+23	81.5990198325381	16.4911764660594	5.95927264386026e-10	9.19670446245638e-10
"ebv-miR-BART7-3p"	96.5270410673234	1.14165466066158e+29	88.300442215739	16.4473407171126	6.15544573397787e-10	9.48037525694986e-10
"hcmv-miR-US25-2-3p"	86.6498564962611	1.21396432813536e+26	85.1436566943599	16.4283246449937	6.24269586806894e-10	9.59548643448673e-10
"hsa-miR-555"	89.6633347428346	9.80287057648816e+26	78.6599941451208	16.4219863255399	6.27207230004802e-10	9.62135890827367e-10
"hsa-miR-369-3p"	219.612305238791	1.28792713635788e+66	229.320333484794	16.372405010919	6.50706355560168e-10	9.96191167095107e-10
"hsa-miR-383-5p"	228.913959768716	8.12771219316087e+68	238.713909876766	16.3075150077558	6.82901752042033e-10	1.0433976968451e-09
"hsa-miR-516b-5p"	295.089543929836	6.77335954732005e+88	279.37568524523	16.300335742188	6.86567652895077e-10	1.04691329974259e-09
"hsa-miR-622"	178.017888701552	3.87904005310408e+53	181.891871461184	16.295905917196	6.88840177499245e-10	1.04829447647206e-09
"hsa-miR-140-5p"	384.57537601786	5.87115809737263e+115	398.933501021339	16.2894956818952	6.9214299558217e-10	1.05123500517134e-09
"hsa-miR-636"	121.007105203502	2.67158105274048e+36	126.51172502368	16.2861172093797	6.93890573033193e-10	1.05180646149498e-09
"hsa-miR-132-5p"	469.212317749365	1.76596453488536e+141	498.470074393589	16.2267777783084	7.25371193821784e-10	1.0973564214227e-09
"hsa-miR-598-3p"	322.217502412738	9.9342104077596e+96	325.573537392489	16.2068479924652	7.36286048722074e-10	1.11167598301148e-09
"hsa-miR-181a-5p"	2447.9575377848	Inf	2436.068033003	16.1916520236366	7.44726985984829e-10	1.12221139145455e-09
"hsa-miR-218-5p"	496.221414190784	2.38522944650395e+149	497.821086121035	16.1810962540091	7.50651634089109e-10	1.12892118303205e-09
"hsa-miR-365a-3p"	660.171574584879	5.38823135469349e+198	651.615203836073	16.1627448126534	7.61072751973359e-10	1.14235381754123e-09
"hsa-miR-654-5p"	130.538040185865	1.97635825076141e+39	111.189627646127	16.1538043636087	7.66205966136988e-10	1.14781245317787e-09
"hsa-miR-200b-5p"	392.961176030872	1.96381745878713e+118	370.352555837428	16.1357773329051	7.76669856936352e-10	1.16121984458125e-09
"hsa-miR-301a-3p"	746.709862561758	6.05433836582763e+224	776.115892650566	16.1075078145873	7.93389696118853e-10	1.18391030529798e-09
"hsa-miR-498-5p"	453.327122145373	2.91784094161255e+136	446.051844792728	16.1032047229618	7.95968490938732e-10	1.18545210203885e-09
"hsa-miR-339-5p"	250.147883042524	2.00454655767975e+75	260.172023658842	16.0856120358011	8.06605718595157e-10	1.19896625225288e-09
"hsa-miR-129-5p"	1426.78430700199	Inf	1538.90689946182	15.964148027503	8.84351387030663e-10	1.31198745426019e-09
"hsa-miR-302c-3p"	91.4512857754832	3.38516748261882e+27	99.7942905144328	15.9047120320022	9.25297485680658e-10	1.37008334269704e-09
"hsa-miR-127-5p"	324.771433481641	5.83368819470271e+97	330.590983815426	15.8308709536607	9.79028532921637e-10	1.44684948892273e-09
"hsa-miR-634"	2045.87906124269	Inf	1936.15831423882	15.7614896324202	1.03258019507061e-09	1.52305578772916e-09
"hsa-miR-647"	173.142655098614	1.32169946311958e+52	164.742386546892	15.7440772748181	1.04650855675365e-09	1.54063735706344e-09
"hsa-miR-597-5p"	103.077294468542	1.06993527693842e+31	95.5722725325726	15.720060756046	1.06605206304901e-09	1.56640216926933e-09
"hsa-miR-432-5p"	383.528168780676	2.84107687411728e+115	386.880193251751	15.6846802059943	1.09556125796943e-09	1.60668352746185e-09
"hsa-miR-668-3p"	261.731008120808	6.15012920483941e+78	247.381875303577	15.6713969013141	1.10686592013071e-09	1.62016442889362e-09
"hcmv-miR-US5-1"	95.3724182361105	5.12812553544972e+28	92.4483330042423	15.6171751187146	1.15432860324211e-09	1.686419121308e-09
"hsa-miR-376a-5p"	510.432557234562	4.52387390338639e+153	542.93053521005	15.5890012741762	1.17985014751297e-09	1.72042787669667e-09
"hsa-miR-187-3p"	90.7107611438368	2.02609606837287e+27	100.066671911154	15.5443452022691	1.22155313435036e-09	1.77521039595296e-09
"kshv-miR-K12-3-5p"	269.722112777621	1.56475533133057e+81	260.390145144545	15.5438248084953	1.22204835601455e-09	1.77521039595296e-09
"hsv1-miR-H1-5p"	218.935633562805	8.05736100000067e+65	210.254000403846	15.5092910204615	1.25539899606916e-09	1.82020988655018e-09
"hsa-miR-649"	103.908848872231	1.90405866663124e+31	106.25161581149	15.4933349624803	1.27113766888388e-09	1.83955206044139e-09
"hsa-miR-602"	232.107011995281	7.43314859005481e+69	216.106808600028	15.4217931575852	1.34435876343823e-09	1.94185154718856e-09
"hsa-miR-19b-2-5p"	93.5186835211328	1.41882520463895e+28	99.1865550020719	15.4182493685311	1.34810166831914e-09	1.94359770601651e-09
"hsa-miR-510-5p"	449.721123622349	2.39633700344564e+135	422.500368805804	15.3829962643006	1.38595147828185e-09	1.99441798094217e-09
"kshv-miR-K12-10a-3p"	108.19327906076	3.71041362896451e+32	138.026401676835	15.3703639915363	1.39979089094337e-09	2.01056107369581e-09
"hsa-miR-16-5p"	3879.33732287229	Inf	4276.78003512272	15.2929969265338	1.48785872018403e-09	2.13306100631991e-09
"hsa-miR-564"	86.340945800303	9.79973969420497e+25	75.2089633893398	15.1683999874599	1.6424512925438e-09	2.35029877123339e-09
"hsa-miR-193b-3p"	427.577852764031	5.17319874532766e+128	444.842088110872	15.1503980447182	1.66617846631369e-09	2.37981170142011e-09
"hsa-miR-154-3p"	213.373582714581	1.70548804464138e+64	221.769984426321	15.1294310693109	1.69427897083774e-09	2.41544975954004e-09
"hsa-miR-302d-5p"	2350.14706018916	Inf	2279.82566550548	15.1051636655755	1.72744015150959e-09	2.45815695029286e-09
"hsa-miR-412-3p"	120.497879690108	1.87705155300048e+36	121.231758168869	15.0777067211002	1.76580294532893e-09	2.50809418345794e-09
"hsa-miR-519a-3p"	109.62584921896	1.00154142057735e+33	114.541592651654	15.0494198970514	1.80628460011832e-09	2.56085081014926e-09
"hsa-miR-184"	525.650315914468	1.72390099568999e+158	533.569212968445	15.0399474512556	1.82006274878115e-09	2.57562385297996e-09
"hsa-miR-519d-3p"	4553.13546344465	Inf	4251.51201394362	14.8792270589889	2.07189751349329e-09	2.92660293342423e-09
"hsa-miR-363-5p"	114.788808095441	3.58818150427803e+34	140.023581851128	14.8724352085333	2.08333304197901e-09	2.93734640293732e-09
"hsa-miR-766-3p"	449.039447447276	1.49397358238141e+135	433.995947485252	14.8512797739417	2.11938950382984e-09	2.98270045768346e-09
"hsa-miR-361-5p"	1373.57403736955	Inf	1453.77074883972	14.8292049958093	2.15772889681162e-09	3.03109535504489e-09
"hsa-miR-654-3p"	248.346401074797	5.75063811771324e+74	270.29358193653	14.7912269242586	2.225444173298e-09	3.12050398705588e-09
"hsa-miR-154-5p"	738.704176519239	2.35567327301987e+222	716.709285470498	14.7865788174746	2.23388736378804e-09	3.12662702194421e-09
"hsa-miR-920"	380.724268936153	4.06841294058532e+114	365.168164366814	14.7274025136906	2.3444413350316e-09	3.27304616847341e-09
"hsa-miR-452-3p"	72.2388054919618	5.57246441757658e+21	72.2635097098322	14.7260507460791	2.34703441024821e-09	3.27304616847341e-09
"hsa-miR-9-5p"	7410.14505954573	Inf	7355.92198629053	14.7214713564621	2.35584191257706e-09	3.27936614690853e-09
"hsa-miR-509-3-5p"	163.051018654962	1.2112880667731e+49	162.738542317912	14.703281695707	2.39117822074469e-09	3.32252481034633e-09
"hsa-miR-625-3p"	699.105000869649	2.82862503265888e+210	724.42414064275	14.6403702186486	2.51785239776017e-09	3.48918421908646e-09
"hsa-miR-216b-5p"	94.488550312378	2.7789958026785e+28	96.4577006300991	14.6392274135809	2.52021911000508e-09	3.48918421908646e-09
"hsa-miR-505-5p"	374.254614777247	4.59055361029523e+112	377.964983191481	14.5345299360779	2.74752475190641e-09	3.79702970218418e-09
"hsa-miR-513a-5p"	403.046522550007	2.13350141686246e+121	407.874611322473	14.5281828711478	2.7619953239421e-09	3.81016261414315e-09
"hsa-miR-155-5p"	179.851246901823	1.38235655108089e+54	193.693424141724	14.4885376260467	2.85425542510234e-09	3.93036608806732e-09
"hsa-miR-578"	98.2826370659746	3.85497716472101e+29	101.898983379022	14.4102081753482	3.04641882362168e-09	4.18746099949432e-09
"hsa-miR-299-5p"	207.683742093543	3.30396913744346e+62	231.665765954079	14.3723712471259	3.14418118376677e-09	4.31410906609858e-09
"hsa-miR-127-3p"	432.651335504304	1.7419257969916e+130	442.213248528425	14.3635158654045	3.16754489017306e-09	4.33840523350489e-09
"hsa-miR-324-5p"	265.704098875072	9.65836763390331e+79	273.060824758035	14.3061361585888	3.32352666956098e-09	4.54001760676892e-09
"hsa-miR-553"	184.723927243106	4.04988803819683e+55	182.158949101892	14.3050406028883	3.32658395698062e-09	4.54001760676892e-09
"hsa-miR-136-5p"	659.941146700722	4.59283168312704e+198	639.324123770301	14.3024728071682	3.33376156278063e-09	4.5417320047118e-09
"hsa-miR-323a-3p"	254.928340177626	5.50905538175873e+76	243.919440950253	14.2596054943395	3.45607570204287e-09	4.70001784302639e-09
"hsa-miR-92b-3p"	333.58359503828	2.62221421851605e+100	351.529157566956	14.2296818263106	3.54431030986319e-09	4.81147965958419e-09
"hsa-miR-149-5p"	706.411708159431	4.47830268868483e+212	697.051916202975	14.1964739708923	3.64507000146794e-09	4.93952065569948e-09
"hsa-miR-509-5p"	621.800763193046	1.51593663279031e+187	588.511497627246	14.1453663050239	3.80620127049544e-09	5.14877667455027e-09
"ebv-miR-BART2-3p"	2210.612130885	Inf	2222.00907657496	14.0949562763496	3.97265092406991e-09	5.3644775682423e-09
"hsa-miR-342-3p"	2008.51008776906	Inf	2054.83230142897	14.0404461984301	4.16147729360026e-09	5.6095836277529e-09
"kshv-miR-K12-10b"	103.019069497133	1.02761407490544e+31	134.678169419601	14.0273306576472	4.2083346332011e-09	5.66136454443181e-09
"hsa-miR-29c-5p"	356.055594624731	1.5255066530091e+107	356.323769266399	14.0255740229476	4.21465339618066e-09	5.66136454443181e-09
"hsa-miR-518a-3p"	172.865884854971	1.09097944540638e+52	179.167254150147	14.0166578816359	4.24688301916721e-09	5.69468404842875e-09
"hsa-miR-129-2-3p"	5476.52129945433	Inf	5535.04402233514	13.9866944244142	4.35714756717089e-09	5.83234238048879e-09
"hsa-miR-133a-3p"	216.497626380809	1.4868923624747e+65	236.248718948023	13.9796429254588	4.38354130634086e-09	5.85744979436139e-09
"hsa-miR-924"	81.3766508847483	3.13915574364522e+24	84.4946613617368	13.9496016127528	4.49792545860213e-09	5.99984143782232e-09
"hsa-miR-487b-3p"	1117.80936463801	Inf	1137.81507528247	13.9437592989356	4.52054051364677e-09	6.01953919091505e-09
"hsa-miR-128-3p"	4642.05069598496	Inf	4448.89170697688	13.9290059668733	4.57819466789718e-09	6.07674555154824e-09
"hsa-miR-296-5p"	125.423799470194	5.70592173880817e+37	146.060388721179	13.9287132029511	4.57934671290076e-09	6.07674555154824e-09
"hsa-miR-139-5p"	313.57091943329	2.47886295544982e+94	327.688763560554	13.8790763250906	4.77924650047073e-09	6.33105710856831e-09
"hsa-miR-335-3p"	100.551409767767	1.85776358759372e+30	110.417603694948	13.7963418135629	5.13356718208381e-09	6.78870004941084e-09
"hsa-miR-625-5p"	687.848546424172	1.15623190085148e+207	685.421769254714	13.7645604378581	5.27708711670472e-09	6.96648161533997e-09
"hsa-miR-487a-3p"	342.919680552152	1.69476680780995e+103	355.479923533708	13.6323436272062	5.92210580713863e-09	7.7995842395995e-09
"hsa-miR-489-3p"	66.6157590676241	1.13068508474553e+20	69.2401621550147	13.6311121371678	5.92849753805281e-09	7.7995842395995e-09
"hsa-miR-92a-2-5p"	105.626428052767	6.26214585416027e+31	100.158111386004	13.6063075303815	6.05882934819711e-09	7.95740087340271e-09
"hsa-miR-329-3p"	584.478197672539	8.82001474266197e+175	614.462695291715	13.5708047582238	6.25075419769981e-09	8.19543328142863e-09
"ebv-miR-BART8-3p"	433.744528938808	3.71632481882633e+130	404.020532650542	13.4711771697833	6.82504968004961e-09	8.93312816484309e-09
"hsa-miR-187-5p"	670.85771683042	8.87760031853198e+201	593.415603572588	13.4416369696144	7.00603270992857e-09	9.15439027004295e-09
"hsa-miR-17-3p"	119.787007168795	1.14678564668532e+36	133.38629179556	13.4252056321279	7.10892664614943e-09	9.273038669382e-09
"hsa-miR-575"	110.571719958838	1.92932050374901e+33	112.397463514789	13.4212689591728	7.13381846385634e-09	9.28970927296743e-09
"hsa-miR-483-5p"	337.031853180681	2.86218236543676e+101	327.483548496165	13.392138478089	7.32094625475581e-09	9.51723013118256e-09
"hsa-miR-20a-5p"	1429.64274915633	Inf	1490.8540883286	13.343131489382	7.64775133175043e-09	9.92525426641723e-09
"hsa-miR-643"	96.0000962724705	7.92334496645072e+28	104.322710610159	13.3131101170441	7.8556607518027e-09	1.01778577645822e-08
"hsa-miR-191-5p"	2573.41720539038	Inf	2644.78799314129	13.2274564811168	8.48291494232448e-09	1.09719995965647e-08
"hsa-miR-379-3p"	200.913422127236	3.02668059104858e+60	204.916869539582	13.2254076459026	8.4985621112833e-09	1.09737325578355e-08
"hsa-miR-642a-5p"	3644.36467189679	Inf	3821.15569416816	13.2120370125279	8.6014389691302e-09	1.10879053602065e-08
"hsa-miR-107"	1885.79791694516	Inf	1883.31575974678	13.1752558554576	8.89140133148543e-09	1.1442457753774e-08
"hsa-miR-145-5p"	443.96173322412	4.42383201673086e+133	462.142519164208	13.168259561267	8.94773471854528e-09	1.149566587793e-08
"hsa-miR-99a-5p"	1068.59185450556	Inf	1039.67909466241	13.1368032812788	9.2057935050482e-09	1.18074307999531e-08
"hsa-miR-514a-3p"	267.742182168445	3.96668703972472e+80	256.583197628955	13.0767593574432	9.72082678201211e-09	1.24435667593328e-08
"ebv-miR-BART2-5p"	76.7171885970696	1.24215259425244e+23	87.5348793594873	13.0752448197329	9.73421128500609e-09	1.24435667593328e-08
"hsa-miR-211-5p"	111.894691954824	4.82679255268447e+33	108.741286244007	13.0293204289726	1.01496026613594e-08	1.29529870902873e-08
"hsa-miR-146b-5p"	984.088335842648	1.7382309228553e+296	1036.17259887803	12.9896070933736	1.05241690053706e-08	1.34087003772745e-08
"hsa-miR-377-3p"	1021.19017055016	2.56373193280229e+307	1058.35918117066	12.9711508357185	1.07032694826378e-08	1.36142747813983e-08
"hsa-miR-490-3p"	397.905365956749	6.04575562528864e+119	378.039654048181	12.9470604972322	1.09419809392686e-08	1.38948665238725e-08
"hsa-miR-411-3p"	262.688305495027	1.19415159800944e+79	269.285231241492	12.9340942992957	1.10728231324468e-08	1.40377774257631e-08
"hsa-miR-557"	259.898938444181	1.72733396570953e+78	247.365405471042	12.9119431811728	1.1300251313913e-08	1.43024632966523e-08
"hsa-miR-545-5p"	79.6906037012887	9.7557819895085e+23	84.1417399878948	12.907639485938	1.13450167274926e-08	1.433546594726e-08
"hsa-miR-7-5p"	3532.78336172976	Inf	3692.05899823489	12.8956327042927	1.14709159307097e-08	1.44707113796946e-08
"hsa-miR-630"	399.000016681313	1.2911398678979e+120	392.648299159179	12.8609007273455	1.18436212516521e-08	1.49163505747408e-08
"hsa-miR-133b"	279.005438677622	9.75003097354601e+83	302.11233036967	12.8228586672249	1.22668127269679e-08	1.54240087894826e-08
"hsa-miR-640"	160.527996583228	2.10737641559327e+48	145.634898095638	12.7739684067471	1.28346665628884e-08	1.61116027066046e-08
"hsa-miR-141-5p"	93.300460511082	1.21965562507282e+28	106.2692630205	12.6473923359064	1.4440079951202e-08	1.80972897427645e-08
"hsa-miR-891b"	80.9574020783376	2.34750430085914e+24	91.2531987719056	12.6336131317429	1.46274404582096e-08	1.83021971149213e-08
"hsa-miR-92a-3p"	138.235696437414	4.10290157890209e+41	125.358700049161	12.5752569660318	1.54503413136357e-08	1.93003449308771e-08
"hsa-miR-198"	290.010163469103	2.00335655606071e+87	289.541179236488	12.5551001074693	1.57460094955133e-08	1.9637706151315e-08
"hsa-miR-31-5p"	245.770726429751	9.64629882554733e+73	259.125557185838	12.5084351571946	1.64540612434085e-08	2.04874431391141e-08
"hsa-miR-34a-5p"	1393.39887844255	Inf	1380.30235405432	12.4812385978993	1.68824126004553e-08	2.09867268469193e-08
"hsa-miR-29b-3p"	5404.9072141646	Inf	5065.66007553831	12.4580993482106	1.72562841510804e-08	2.14167798444638e-08
"ebv-miR-BART16"	444.582097003388	6.80059220335056e+133	453.02544908054	12.4390483322154	1.75707682696494e-08	2.1771856644299e-08
"hsa-miR-29b-1-5p"	134.271204339829	2.62820998074371e+40	147.405267098198	12.4248956731813	1.7808371543895e-08	2.20306789905927e-08
"kshv-miR-K12-8-3p"	284.019981237941	3.15161907632701e+85	276.794440065571	12.3264035051863	1.95604799898127e-08	2.41592401806544e-08
"hsa-miR-549a-3p"	929.481728229364	6.33695493451599e+279	912.427419328779	12.2236857817746	2.15864700685922e-08	2.66186857598235e-08
"hsa-miR-203a-3p"	152.285880703813	6.9601405228305e+45	159.567128952201	12.1756894555731	2.26092961960714e-08	2.78352009348102e-08
"hsa-miR-374a-5p"	1377.15727212917	Inf	1471.46187290423	12.105226618557	2.42061905171383e-08	2.97534425106491e-08
"hsa-miR-185-5p"	2725.59992596738	Inf	2755.25172131081	11.9981550750532	2.68687475172883e-08	3.29733269532162e-08
"hsa-miR-607"	72.4513295720634	6.45689058174066e+21	73.7330564614288	11.9965074482398	2.69120950698835e-08	3.2973765045688e-08
"hsa-miR-628-3p"	3878.90359044217	Inf	3953.04129763616	11.982114874376	2.72939549261954e-08	3.33882989288547e-08
"hsa-let-7a-3p"	106.710873612062	1.32792583649208e+32	123.621785933193	11.956324113181	2.79928403820833e-08	3.41887079188819e-08
"hsa-miR-204-5p"	378.729976762821	1.02113523650444e+114	408.233639955892	11.9410975997942	2.84144428434795e-08	3.4648454150952e-08
"hsa-miR-130a-3p"	1354.11417650941	Inf	1423.08908376929	11.9114965142499	2.92536709892307e-08	3.56151835694285e-08
"hsa-miR-627-5p"	112.137945789192	5.7132777100626e+33	105.202514540581	11.8906464259195	2.98607324135723e-08	3.62966430447067e-08
"hsa-miR-491-5p"	394.814505639054	7.09592343154969e+118	404.066344338972	11.7184701788952	3.54218310633664e-08	4.29882032050666e-08
"hsa-miR-21-5p"	661.994762607001	1.90669188050578e+199	679.41593137199	11.703785131452	3.59450892379988e-08	4.35543182394077e-08
"hsa-miR-181c-3p"	95.8324934222324	7.05431874926502e+28	93.4195583051597	11.6502359195734	3.79244912275686e-08	4.58149969806428e-08
"hsa-miR-30d-5p"	1548.10652099433	Inf	1608.21336344696	11.6500838020427	3.79302778131788e-08	4.58149969806428e-08
"hsa-miR-98-5p"	844.210769049025	1.35757598324974e+254	893.712541745883	11.6182001386313	3.91642854464868e-08	4.72311429834204e-08
"hsa-miR-708-5p"	960.042424023222	1.00361406940911e+289	986.783237961485	11.595371942278	4.00742218634052e-08	4.82526344885899e-08
"hsa-miR-495-3p"	387.731374054405	5.23327853773767e+116	396.0065070898	11.5231267182523	4.31064264048638e-08	5.18223025901733e-08
"hsa-miR-33a-5p"	591.140949060813	8.93629161610105e+177	596.156758349321	11.5112661222428	4.36273034050453e-08	5.23664189540997e-08
"hsa-miR-582-5p"	257.075376641746	2.44005443887496e+77	274.203658347676	11.4635159929175	4.57935974600212e-08	5.48807644559942e-08
"hsa-miR-30c-2-3p"	1899.56902995169	Inf	1881.72423593002	11.4169509032948	4.80175045363844e-08	5.74562027759857e-08
"hsa-miR-30e-5p"	1277.3860118289	Inf	1367.88537525065	11.3225696922616	5.2888176883649e-08	6.31857191117738e-08
"hsa-miR-524-5p"	279.072937365078	1.02170407359832e+84	291.672144061073	11.3053504544639	5.38325769642952e-08	6.42139759434128e-08
"hsa-miR-10a-3p"	116.196141918098	9.51752656719318e+34	105.645787530654	11.2961189967679	5.43463092812283e-08	6.47261167992268e-08
"hsa-miR-222-3p"	3366.21762425777	Inf	3608.45053871074	11.2686223226032	5.59078789837562e-08	6.64827026054899e-08
"hsa-miR-222-5p"	94.1281155015696	2.16464260109279e+28	95.0362707561656	11.2085956505728	5.94864358980458e-08	7.06286320956673e-08
"hsa-miR-181b-5p"	610.904605951907	7.9544632699857e+183	646.029504271377	11.0992236727749	6.66534026873299e-08	7.90157030311933e-08
"hsa-miR-137-3p"	504.750311929317	8.81016843568431e+151	470.01791361142	11.0026464327448	7.3753559545511e-08	8.72978089064922e-08
"hsa-miR-518b"	415.819871440583	1.49366806839475e+125	416.523105979083	10.9978818869936	7.41241914575784e-08	8.76013171771382e-08
"hsa-miR-151a-3p"	517.475971489656	5.96745913628632e+155	523.995732704114	10.9265396861655	7.99190603227544e-08	9.43044911808502e-08
"hsa-miR-409-3p"	218.783154694218	7.24923383748715e+65	227.188560361079	10.907974830125	8.15053135722133e-08	9.60285338093512e-08
"hsa-miR-517c-3p"	86.861515694274	1.4057940240196e+26	89.230196366508	10.8710897728822	8.47578626746877e-08	9.97074856924623e-08
"hsa-miR-129-1-3p"	6073.67408578268	Inf	6475.10756354665	10.8436860080976	8.72642573796787e-08	1.0249875254244e-07
"ebv-miR-BART18-5p"	86.7991182656511	1.3462886831535e+26	96.3089452252447	10.6924987776685	1.0259737073436e-07	1.20214058764435e-07
"hsa-miR-614"	97.313622627237	1.96933408427081e+29	98.239110184695	10.6919322147276	1.026599849944e-07	1.20214058764435e-07
"hsa-miR-190a-5p"	368.653167710442	9.45499878531679e+110	419.528493609815	10.6724910650303	1.04833527608524e-07	1.22572127554478e-07
"hsa-miR-411-5p"	487.308937878404	4.9500257319793e+146	505.113859617466	10.643705549787	1.08142757121613e-07	1.26248850399204e-07
"hsa-miR-675-5p"	327.161057916936	3.05697471201455e+98	303.418568308236	10.5907777882502	1.14522907914467e-07	1.33494027918535e-07
"hsa-miR-1-3p"	715.422869549532	2.31069869147835e+215	755.224685674578	10.58464935508	1.15287292135766e-07	1.34181112394739e-07
"hsa-miR-943"	570.168965098045	4.34471297787949e+171	567.97572084201	10.535204857225	1.21657913066169e-07	1.41381241396593e-07
"hsa-let-7f-5p"	350.027238839862	2.33721244552958e+105	370.488146059091	10.5140250824586	1.24501171578849e-07	1.44466563692855e-07
"hsa-miR-513a-3p"	112.901615321695	9.70002314988501e+33	106.577358385388	10.4778761684618	1.29519564617591e-07	1.50062697978387e-07
"hsa-miR-576-3p"	1354.32678121334	Inf	1330.28935313762	10.4354623117344	1.35685277340685e-07	1.56969242413733e-07
"hsa-miR-637"	953.779773388364	1.30713681779753e+287	921.904126341065	10.3591066995278	1.47591191764923e-07	1.70485608559783e-07
"hsa-miR-454-3p"	96.6366157674291	1.23174278046219e+29	95.2823673604725	10.2538203726945	1.65876485637458e-07	1.91319194712677e-07
"hsa-miR-193a-5p"	3905.05836923533	Inf	3956.00383170552	10.2261627458381	1.71071939260059e-07	1.97015281400098e-07
"hsa-miR-619-3p"	67.094355820426	1.57548271105881e+20	78.2725133783008	10.2040199408189	1.75356924745588e-07	2.01647318260668e-07
"hsa-miR-577"	41.0000143293111	2199045097066.7	59.4440674491863	10.1807826481041	1.79977482316508e-07	2.06650791821499e-07
"ebv-miR-BART6-3p"	219.373240148395	1.09125320105677e+66	209.288710022934	10.1086454580881	1.95170543371041e-07	2.23711890215143e-07
"hsa-miR-620"	4963.29793402077	Inf	4807.54228272717	10.1075127734904	1.95419773721181e-07	2.23711890215143e-07
"hsa-miR-448"	80.5357408065335	1.75256327089873e+24	94.5654637294072	10.057449093412	2.06782914239482e-07	2.36367355024862e-07
"hsa-miR-146b-3p"	713.223323619175	5.03053316493107e+214	695.874880181348	10.0402507227963	2.10847943740525e-07	2.40655316739557e-07
"hsa-miR-379-5p"	711.793621280686	1.86737150643371e+214	749.11005434404	10.0237556596379	2.14827134867693e-07	2.44832707939852e-07
"hsa-miR-548d-5p"	148.868093383095	6.51270648214828e+44	141.474681652983	9.98540332628652	2.24392957416677e-07	2.5535519041334e-07
"ebv-miR-BART11-5p"	80.2794445299428	1.46730649099741e+24	86.4168711361078	9.84913475999205	2.62241358827683e-07	2.97983884771604e-07
"hsa-miR-195-3p"	279.791804103195	1.68161114109065e+84	277.718616490003	9.8445322313319	2.6363335249215e-07	2.99122457635324e-07
"hsa-miR-638"	434.871748220417	8.11783988632056e+130	432.070528680768	9.84322131974374	2.64031270168223e-07	2.99131439023673e-07
"hsa-miR-30b-5p"	3751.3167823341	Inf	3789.59369159525	9.8275200924814	2.68847497760217e-07	3.04138688469154e-07
"hsa-miR-744-5p"	2032.595783707	Inf	2169.44473599164	9.77404314248735	2.85968747426442e-07	3.23030970951518e-07
"hsa-miR-29c-3p"	3873.24246561687	Inf	3902.74501447799	9.74372230035485	2.96191149524654e-07	3.34086193655014e-07
"hsa-miR-15a-3p"	57.0857180103162	152937309283572256	68.1166652465251	9.68129468422165	3.18489168577835e-07	3.58709533479001e-07
"hsa-miR-126-5p"	411.190541417537	6.03513375920571e+123	448.477689323366	9.57715798972451	3.5977589873753e-07	4.04616003418894e-07
"hsa-miR-144-3p"	505.880760659656	1.92878219297837e+152	540.272890840027	9.57451222894375	3.60896637256222e-07	4.05282168046152e-07
"hsa-miR-185-3p"	1925.32201254767	Inf	1990.43727302771	9.51624409164024	3.86549042202745e-07	4.33454847031441e-07
"hsa-miR-143-3p"	2955.35737626349	Inf	3238.57282866507	9.47870190824674	4.04104414474907e-07	4.52478957521538e-07
"hsa-miR-24-2-5p"	136.362673409254	1.12009532633614e+41	120.135181954437	9.45989955044026	4.13215214350988e-07	4.62005932080477e-07
"hsa-miR-126-3p"	5710.17317034751	Inf	5818.65748848948	9.44905428736457	4.18569967633783e-07	4.67311739701763e-07
"hsa-miR-195-5p"	2553.81203368694	Inf	2556.36671804846	9.41629517227852	4.35199639306076e-07	4.85171690912442e-07
"hsa-miR-653-5p"	92.256496262832	5.91524408544993e+27	94.6066414355816	9.3908457824701	4.48605581707426e-07	4.9939111925921e-07
"hsa-miR-26a-2-3p"	117.296079745104	2.04003856331147e+35	126.641432889542	9.37478344517845	4.57293346349622e-07	5.08324632826319e-07
"hsa-miR-30d-3p"	98.0914095067873	3.37642088926345e+29	102.549864065235	9.34125416691072	4.76013261517052e-07	5.28367831524716e-07
"hsa-miR-628-5p"	217.731468253453	3.49705887726161e+65	233.665708217644	9.31779959423585	4.89594083632758e-07	5.42657026223014e-07
"kshv-miR-K12-6-3p"	942.560628280641	5.48304543123167e+283	938.485858787098	9.20766248556238	5.59139884565635e-07	6.18846019425458e-07
"hsa-miR-141-3p"	97.891063221885	2.93863967130296e+29	107.14747901532	9.08810084853826	6.46750352603358e-07	7.14780288828207e-07
"ebv-miR-BART17-5p"	2676.52286930122	Inf	2600.55976962022	9.08391741486342	6.50069724828859e-07	7.17415077616885e-07
"hsa-miR-300"	2041.59042001881	Inf	2022.70632933697	9.00140192709143	7.19400322556633e-07	7.92787424426634e-07
"hsa-miR-658"	3920.78202634626	Inf	3950.34127593659	8.84778322134095	8.70393874413396e-07	9.57807893364526e-07
"hsa-miR-302a-5p"	77.3678682942807	1.95006486329533e+23	87.9118302588508	8.84192059032684	8.76788390708879e-07	9.63462314718783e-07
"hsa-let-7f-1-3p"	149.801122743062	1.24345859844889e+45	140.045251725032	8.76127517421178	9.70025910229674e-07	1.06439180707605e-06
"hsa-miR-520d-3p"	84.0477814353851	1.99941654281135e+25	100.997839861841	8.72051769314315	1.02112229802844e-06	1.11885828941116e-06
"hsa-miR-551b-5p"	468.452611442229	1.04300788401015e+141	441.233455639245	8.71477178868707	1.02855364234993e-06	1.12539321495349e-06
"hsa-miR-659-3p"	376.747525256717	2.58407964109552e+113	368.771308750148	8.69461516591062	1.05508237554548e-06	1.15277518809598e-06
"hsa-miR-921"	4772.30856070907	Inf	4748.83477327701	8.65294282394436	1.11227123594398e-06	1.2135306372248e-06
"hsa-miR-369-5p"	190.369536540157	2.0274061484776e+57	177.759378398409	8.63473608441378	1.13828702967875e-06	1.2389777193108e-06
"hsa-miR-574-5p"	1271.74895278675	Inf	1256.28747598434	8.63436382789335	1.13882567420354e-06	1.2389777193108e-06
"hsa-miR-18a-3p"	103.334388715526	1.2786467731766e+31	107.87619430872	8.59563650209086	1.19637613797247e-06	1.29974574762731e-06
"hsa-miR-95-3p"	584.209477158906	7.32110062397747e+175	625.686923418624	8.41680787729402	1.50540237201707e-06	1.63315929184879e-06
"kshv-miR-K12-7-3p"	74.209704415926	2.184474596177e+22	88.4880997256448	8.39170961936125	1.55517535473884e-06	1.68477330096707e-06
"sv40-miR-S1-5p"	1383.0919406083	Inf	1367.70624899755	8.38885670078375	1.56094310874501e-06	1.68863662116703e-06
"hsa-miR-583"	1649.09708073461	Inf	1599.61433810918	8.3621086076562	1.61614221278962e-06	1.74588884114033e-06
"hsa-miR-939-5p"	2320.63595169546	Inf	2475.86624409528	8.1657764443618	2.09086555220578e-06	2.25554694590975e-06
"hsa-miR-106a-3p"	79.8096756561285	1.05951306569241e+24	86.8429907544191	8.14314093354823	2.15448308564956e-06	2.31911217204105e-06
"hsa-miR-451a"	7328.90824336618	Inf	7121.25504654873	8.14266697248118	2.15583699956358e-06	2.31911217204105e-06
"hsa-miR-338-3p"	1680.91167111333	Inf	1617.59864556589	8.12256010370189	2.21411713673748e-06	2.37847036957653e-06
"hsa-miR-200c-3p"	117.041926028551	1.71052917072042e+35	116.261995926044	7.99388642708402	2.6291523804378e-06	2.82036346265146e-06
"hsa-miR-584-5p"	267.86902193887	4.33122268201894e+80	275.064889615031	7.95679387553368	2.76363078324824e-06	2.96048157926173e-06
"hsa-miR-765"	2652.23385148249	Inf	2674.34388537142	7.88906567580579	3.0284337017555e-06	3.2396215470662e-06
"hsa-miR-30b-3p"	2008.89006553283	Inf	2092.99042665812	7.86510125350618	3.12849096107934e-06	3.34199521886888e-06
"hsa-miR-298"	879.638013007464	6.27230605598058e+264	845.47932538627	7.83150536721566	3.27472716187912e-06	3.49334594320068e-06
"hsa-miR-422a"	549.560093747035	2.71689364390773e+165	553.199510249603	7.74894064570726	3.6659129220271e-06	3.90521557110387e-06
"hsa-miR-518c-5p"	2830.41626327669	Inf	2838.53342149163	7.65627307975275	4.16494395564773e-06	4.43066853534231e-06
"hsa-miR-922"	190.717587593687	2.58056359589319e+57	207.987222360785	7.62792722709077	4.33165373785524e-06	4.60163215641963e-06
"hsa-miR-665"	8397.80096554316	Inf	7787.62447762976	7.58536424404914	4.59543867123627e-06	4.87510575496296e-06
"ebv-miR-BHRF1-2-3p"	1126.82306157955	Inf	1167.61967592896	7.58206664802739	4.61657649981902e-06	4.89076543558175e-06
"hsa-miR-153-3p"	927.846116294234	2.03944672432453e+279	1074.93262967399	7.47313388795977	5.37631740405366e-06	5.68777303297815e-06
"hsa-miR-523-3p"	137.944433031885	3.35283419741504e+41	121.992781134724	7.40948031608768	5.88088221709678e-06	6.2129981549769e-06
"hsa-miR-371a-5p"	8794.16015405621	Inf	8382.96835886958	7.30909184228184	6.78155474076799e-06	7.15468017354752e-06
"hsa-miR-32-3p"	4347.93147078355	Inf	4722.28329127443	7.16860415439459	8.29590414522125e-06	8.74032758157239e-06
"hsa-miR-182-3p"	114.02380239732	2.11146915382294e+34	95.3208107201771	7.03024874591643	1.01424062492402e-05	1.06710913486519e-05
"hsa-miR-338-5p"	519.019524586069	1.73958332355161e+156	546.432894051417	7.0290830834338	1.01596999851318e-05	1.06746436830084e-05
"hsa-miR-515-5p"	122.262586720013	6.37831480396659e+36	106.053157874144	6.96862124852171	1.11010223722222e-05	1.16477211484192e-05
"hsa-miR-526b-5p"	463.374284831655	3.08715868622071e+139	458.741498394796	6.82238757504458	1.37814387831807e-05	1.44403873588793e-05
"hsa-miR-219a-5p"	6307.4304675809	Inf	5742.26908787911	6.80350213092045	1.41747230635666e-05	1.48322136285888e-05
"hsa-miR-608"	96.4467632019619	1.07986311825297e+29	98.8449492788519	6.79697350393394	1.43134315990986e-05	1.49569510034177e-05
"hsa-miR-503-5p"	4440.93830884687	Inf	4532.08123885282	6.74710675913392	1.54215484692036e-05	1.60929628243254e-05
"hsa-miR-876-5p"	278.788393361405	8.3882013123128e+83	311.996356723991	6.73707973075492	1.56551422029791e-05	1.6314529985985e-05
"hsa-miR-101-5p"	132.665038045493	8.63288245465109e+39	124.115307775364	6.70046245797306	1.65405343176991e-05	1.72138260809704e-05
"hsa-miR-144-5p"	106.327207191769	1.0178381385003e+32	103.473597129409	6.69527137823761	1.66702827940317e-05	1.73253481070763e-05
"hsa-miR-302b-3p"	82.1557333007872	5.38691396340136e+24	100.126800415859	6.49562507643604	2.25759125942132e-05	2.34312922324243e-05
"hsa-miR-335-5p"	2161.7881353146	Inf	2428.9153905536	6.40773289154388	2.58445132716913e-05	2.67874887559287e-05
"hsa-miR-135a-5p"	1557.4416024407	Inf	1684.35712182192	6.25132041052739	3.29613999192197e-05	3.41179402672625e-05
"hsa-miR-219a-2-3p"	737.142402949226	7.97947582931485e+221	730.809003940405	6.23075538600604	3.40410836965327e-05	3.51880204787609e-05
"hsa-miR-611"	123.813830879668	1.86929124898931e+37	123.307657604602	6.00790043852837	4.84530450545597e-05	5.00181501438053e-05
"hsa-miR-23b-5p"	83.4990062250816	1.36680161058676e+25	94.0398733296594	6.00101527489359	4.89897888879557e-05	5.05042581680942e-05
"hsa-miR-362-5p"	103.177455961001	1.146856606153e+31	118.96462537701	5.94009501593389	5.4021171650101e-05	5.56164277256745e-05
"hsa-miR-431-5p"	88.8431550874173	5.55206562415924e+26	103.326453222308	5.86053714008869	6.14257750272126e-05	6.31549188282467e-05
"hsa-miR-518f-5p"	110.911348149865	2.4414208694807e+33	119.815530200257	5.8325285187371	6.42809006724864e-05	6.60019421898221e-05
"hsa-miR-450b-3p"	116.903759354588	1.5543118985115e+35	103.457100914341	5.55950353073174	0.000100674280228516	0.000103231514619347
"hsa-miR-181c-5p"	190.875858346241	2.87977667862032e+57	201.973832348071	5.5269685045199	0.000106276771468103	0.000108830819380554
"hsa-miR-219a-1-3p"	94.1796551313838	2.24337138418953e+28	107.72431422369	5.47377946341418	0.000116152204351101	0.000118784987649726
"hsa-miR-621"	134.205955256613	2.51199128867039e+40	106.8416058443	5.3256786534457	0.000149065816619896	0.000152241652926046
"hsa-let-7g-3p"	92.5142444133917	7.07233126449219e+27	95.259801164541	4.88886169135731	0.000316653467458666	0.000322969693538294
"hsa-miR-21-3p"	154.504705116111	3.24004253158909e+46	117.761768434445	4.87923525367876	0.000322048322831908	0.00032803594105189
"hsa-miR-512-5p"	112.435105005078	7.02003329867673e+33	103.737725848542	4.69171064526874	0.000448635161334346	0.000456370250322869
"hsa-miR-331-5p"	109.06489006308	6.78896207794407e+32	121.458568957627	4.44511461302025	0.000698494678120785	0.000709596580289592
"kshv-miR-K12-4-5p"	134.086618019697	2.31256549325185e+40	115.360552885888	3.60119865355223	0.00333969876008576	0.0033882922605632
"ebv-miR-BART15"	139.111263809955	7.5277145358385e+41	113.039873464767	3.55009755599385	0.00367857874778561	0.00372717291882637
"hsa-miR-214-5p"	110.058089916576	1.35140751724815e+33	131.034236023443	3.53632404754897	0.00377575820310832	0.00382058910525605
"hsa-miR-556-5p"	85.274075080056	4.67793789334181e+25	97.9742586076443	3.47608348211016	0.00423235925559903	0.00427696910282537
"hsa-miR-617"	329.842939150294	1.96163653800676e+99	399.426374364791	3.2837555280189	0.00609975013442282	0.00615593204355566
"hsa-miR-635"	278.631373573776	7.52317525125642e+83	304.329585934257	3.20163929891148	0.00713214484549032	0.00718837726214333
"hsa-miR-302a-3p"	98.2247802312593	3.70343875616808e+29	122.826245330005	2.93046975456562	0.0119541216105155	0.0120325607286948
"hcmv-miR-US25-2-5p"	159.10903342908	7.88118719877603e+47	140.908741789826	2.44529571901977	0.0298659274913919	0.0300224985398396
"hsa-miR-499a-5p"	117.06803925952	1.74177218428472e+35	165.858382362698	2.01852267204579	0.0651702991869981	0.0654262035031774
"hsa-miR-367-5p"	82.5302523621401	6.98363464385812e+24	119.264517335971	1.75499562017527	0.103338662703949	0.103608829142391
"hsa-miR-147b-3p"	100.695000356526	2.05218033045847e+30	145.359217349651	1.65263041477256	0.122902614312985	0.123063061590156
"hsa-miR-644a"	91.5866594090448	3.71819090986806e+27	189.468260331398	0.681773430627581	0.507627356846425	0.507627356846425
