""	"logFC"	"Fold Change"	"AveExpr"	"t"	"P.Value"	"adj.P.Val"
"hsa-miR-125b-5p"	-13146.2979864787	-Inf	-13146.2979864787	-3095.16377014654	3.37125883602092e-22	2.58575552722804e-19
"hsa-miR-885-5p"	-456.51346012098	-2.65610305140987e+137	-435.794856526503	-15.3890334743703	1.52341872585834e-06	0.000584231081366673
"hsa-miR-23b-3p"	-1637.56330794926	-Inf	-1452.63235756348	-11.4960770546882	1.03978865398073e-05	0.00265839299201073
"hsa-miR-29a-3p"	-5877.84389652159	-Inf	-5762.77079226148	-9.11517822411654	4.63500697130155e-05	0.00724135297970153
"hsa-miR-22-3p"	-1104.17910126972	-Inf	-836.862209761597	-9.08897048939335	4.72056908715876e-05	0.00724135297970153
"hsa-miR-125a-5p"	-2401.7858515518	-Inf	-2021.31869448862	-8.7910759375365	5.83053735586076e-05	0.007453370253242
"hsa-miR-30c-5p"	-1888.25670527681	-Inf	-1789.44510219611	-8.32850627698755	8.19471584840084e-05	0.00897906722246206
"hsa-miR-888-3p"	-743.546561861261	-6.75800164361006e+223	-857.881327102625	-8.10283217642342	9.73166851108429e-05	0.00933023718500206
"hsa-miR-769-5p"	-150.640910684674	-2.22552609159985e+45	-137.130028508877	-7.51830361797639	0.000154844865571408	0.0131962235436966
"hsa-miR-103a-3p"	-743.466293357828	-6.39226934023474e+223	-698.4149849848	-7.17849136583436	0.00020563712099024	0.0155784485958371
"hsa-miR-491-3p"	-1259.64684472798	-Inf	-844.733948375753	-7.07903315819295	0.000223893790625315	0.0155784485958371
"hsa-miR-22-5p"	-51.8115777979218	-3952201146883311	-48.9936924866626	-6.98085841985558	0.000243730616884022	0.0155784485958371
"hsa-miR-520d-5p"	-1826.88228443268	-Inf	-1700.47790890931	-6.60279461491447	0.000341016202653064	0.0192922134910895
"hsa-miR-381-3p"	-245.355568049114	-7.23411795734801e+73	-185.519860025651	-6.49865984167939	0.0003750394097574	0.0192922134910895
"hsa-miR-23a-3p"	-849.599677153064	-5.68836072905919e+255	-728.249978806239	-6.49214376072477	0.0003772923107775	0.0192922134910895
"hsa-miR-29c-3p"	-1906.98503871652	-Inf	-1694.93191623786	-6.30724395663026	0.000448040356105452	0.0200211941198307
"hsa-miR-30a-5p"	-2015.54555328477	-Inf	-1886.17172950458	-6.26104540346738	0.000467973190925715	0.0200211941198307
"hsa-miR-637"	-412.461100750733	-1.45600669031454e+124	-234.215816524207	-6.25679075066228	0.000469858532147265	0.0200211941198307
"hsa-miR-191-5p"	-717.626476745058	-1.06437626858219e+216	-631.525398023231	-5.91616118791022	0.00065264427071037	0.0251462260237465
"ebv-miR-BHRF1-1"	-122.880981590032	-9.79177341587183e+36	-99.4410164515639	-5.91141275981622	0.000655703416525333	0.0251462260237465
"hsa-miR-600"	-80.8880553260252	-2.23733462619313e+24	-61.5663044624806	-5.82176897216904	0.00071658588333512	0.0255065475229493
"hsa-miR-16-5p"	-1088.28211861452	-Inf	-1034.90839909499	-5.80096113370396	0.000731608925038962	0.0255065475229493
"hsa-miR-409-5p"	-69.5334420914205	-8.54381372743069e+20	-70.6133608688221	-5.72622265209485	0.000788556951197147	0.0262966600681831
"hsa-miR-24-3p"	-1280.63227729762	-Inf	-975.718047607615	-5.32000202722364	0.00119975295830885	0.0383421049592869
"hsa-miR-361-5p"	-295.479512400176	-8.87557169773516e+88	-225.069592062617	-5.26092530852324	0.00127752443472115	0.039194449657245
"hsa-miR-30b-5p"	-1352.03763131274	-Inf	-1325.11464448052	-5.19605774921626	0.00136947016480742	0.0399756578207477
"hsa-miR-99b-5p"	-750.402438542551	-7.82785587127526e+225	-537.970214080472	-5.15530788418513	0.00143099840177842	0.0399756578207477
"hsa-miR-26a-5p"	-3330.57562167756	-Inf	-2626.73488642244	-5.07145341702018	0.00156755395265218	0.0399756578207477
"hsa-miR-197-3p"	-170.813213074276	-2.62966721016148e+51	-178.506137980463	-5.00812609293035	0.00168032282679534	0.0399756578207477
"hsa-miR-27a-3p"	-470.64900836173	-4.78045182983884e+141	-356.965413075471	-4.98329029487259	0.00172699258787022	0.0399756578207477
"hsa-miR-602"	-87.1473904130424	-1.71387268869938e+26	-58.9640849541448	-4.97685566330748	0.00173931833458612	0.0399756578207477
"hsa-let-7d"	-190.171271561762	-1.76708342652177e+57	-143.898316009422	-4.92786716333775	0.00183643405699521	0.0399756578207477
"hsa-miR-603"	48.3711777204975	364062057738671	39.0862770934255	4.88045445467082	0.00193620439587637	0.0399756578207477
"hsa-miR-15a-5p"	-435.846421421452	-1.59531463993769e+131	-333.560174449547	-4.8677689367495	0.0019639107575585	0.0399756578207477
"hsa-miR-147a"	-40.0734876206382	-1156969218782.17	-32.620098152523	-4.83553152571315	0.00203632519839099	0.0399756578207477
"hsa-let-7b"	-1749.30745231077	-Inf	-1355.71909545082	-4.8162274020956	0.00208110602971017	0.0399756578207477
"hsa-miR-181a-5p"	-991.154115441461	-2.32872965490843e+298	-715.905507328257	-4.81502997904537	0.00208391959709124	0.0399756578207477
"hsa-miR-100-5p"	-1345.59648588268	-Inf	-1087.26035748782	-4.77947026933566	0.00216943144768206	0.0399756578207477
"hsa-miR-125b-2-3p"	-45.9177725946732	-66470184627885.9	-29.050412915957	-4.77800023627728	0.00217304946253839	0.0399756578207477
"hsa-miR-550a-3p"	-35.1548438495149	-38252734976.5018	-28.7131809350731	-4.77773258588267	0.00217370891914903	0.0399756578207477
"hsa-miR-374b-5p"	-153.026737990044	-1.16315682579677e+46	-119.117898864363	-4.77051401539409	0.00219157868096602	0.0399756578207477
"hsa-miR-28-5p"	-339.940965467058	-2.14994505268979e+102	-249.676209907291	-4.76670681066312	0.002201069198869	0.0399756578207477
"hsa-miR-500a-3p"	-22.9240859375546	-7958614.89513	-21.1573190536989	-4.74617409941684	0.00225304608433822	0.0399756578207477
"hsa-miR-933"	-3238.01238309925	-Inf	-2973.0851694765	-4.73064657000586	0.00229325807576649	0.0399756578207477
"hsa-miR-335-3p"	41.1384749046552	2420554816163.27	30.2755630991467	4.63711063857235	0.0025530063987585	0.0422644014262227
"hsa-miR-106b-5p"	-649.287218836922	-2.85055005263239e+195	-495.237256121064	-4.63480968260068	0.00255979470507868	0.0422644014262227
"hsa-miR-874-3p"	-64.9759454524372	-36283450226388537344	-51.5093053616257	-4.62469763882107	0.00258986553720008	0.0422644014262227
"hsa-miR-154-5p"	-177.941573193777	-3.67917975614059e+53	-181.815745436425	-4.60424895830157	0.00265187910794524	0.0423748182457083
"hsa-miR-34b-5p&hsa-miR-34b-3p"	-582.817889298301	-2.79040144633441e+175	-495.688086617509	-4.51470110419486	0.00294352549231875	0.0445917765103361
"hsa-let-7i"	-748.800736428869	-2.57918467931544e+225	-578.323129479363	-4.50328284724724	0.00298320049011831	0.0445917765103361
"hsa-miR-10b-5p"	45.2216965612541	41028639844728.7	36.8267280844971	4.50178418719817	0.00298845167602469	0.0445917765103361
"hcmv-miR-US25-1-3p"	-32.0053842238015	-4311026317.67622	-21.0325242020972	-4.48690428246125	0.00304114828760119	0.0445917765103361
"hsa-miR-423-3p"	-174.044121844631	-2.46888717812756e+52	-123.13358367018	-4.47088812649211	0.00309902053146792	0.0445917765103361
"hsa-miR-140-3p"	-466.552960359632	-2.79534640414068e+140	-344.529488609457	-4.45989510622638	0.00313944710763774	0.0445917765103361
"hsa-miR-29b-3p"	-2070.06564086323	-Inf	-1996.05871978525	-4.43788879669162	0.00322213883934621	0.0449341907232462
"hsa-miR-196a-3p"	-118.504524126033	-4.71429096767594e+35	-90.1175966215952	-4.37802857087048	0.00345951324888808	0.0473829761053063
"hsa-miR-193b-3p"	-118.539756076892	-4.83083559709291e+35	-83.8203718347734	-4.33960064548165	0.00362205103324408	0.0487388270613722
"hsa-miR-96-5p"	28.0365898165321	275330618.843018	18.773919005925	4.26088872629963	0.00398194582189105	0.0517771341084206
"hsa-miR-151a-5p"	-385.702982635864	-1.28282433682566e+116	-293.70481294267	-4.26069965122695	0.00398285646987851	0.0517771341084206
"hsa-let-7c"	-3318.86577077377	-Inf	-3154.47464032032	-4.20849062878338	0.00424332069454012	0.0542437828785379
"hsa-miR-129-5p"	-387.950980376137	-6.09371221955449e+116	-261.335115274432	-4.16794147992339	0.0044585705304443	0.0542523436328141
"hsa-miR-452-3p"	44.7590918657293	29773454717122.8	32.1941529455309	4.16217310870454	0.00449015597526823	0.0542523436328141
"hsa-miR-519e-5p"	-239.179120520129	-1.00020636305363e+72	-209.72116930642	-4.15926806232912	0.00450615609248939	0.0542523436328141
"hsa-miR-320a-3p"	-432.09161372687	-1.18177992046885e+130	-340.365582080755	-4.13218726643751	0.00465836416289328	0.0542523436328141
"hsa-miR-223-3p"	-89.6502624056538	-9.714447448505e+26	-66.5418913514897	-4.12041347110285	0.00472629538577551	0.0542523436328141
"hsa-miR-93-5p"	-170.424531629557	-2.00861183591756e+51	-109.96536784089	-4.11892798210859	0.00473494331925238	0.0542523436328141
"hsa-miR-15b-5p"	-129.482849198058	-9.51089818746524e+38	-108.205163455039	-4.11821116217955	0.00473912258591727	0.0542523436328141
"hsa-miR-101-3p"	-1178.54375252454	-Inf	-904.50682423179	-4.08948570117661	0.00490998460090622	0.0550172410637439
"hsa-miR-302a-3p"	37.9256384891101	261068689984.976	30.2883265481359	4.08301510118449	0.00494939978278792	0.0550172410637439
"hsa-miR-148b-3p"	-288.921291125049	-9.41835410234071e+86	-184.505795793344	-4.05692874304911	0.00511186604439462	0.0560114465150097
"hsa-miR-557"	-98.9580471534563	-6.1565938692297e+29	-75.0871356316692	-4.0438501822735	0.00519551690929745	0.0561262178793119
"hsa-miR-494-3p"	-838.190144588924	-2.09110379981554e+252	-839.284062134225	-4.02717389260028	0.00530436636804408	0.0561496403540751
"hsa-miR-433-3p"	-42.8491975628831	-7923074809769.85	-26.3474855004703	-4.02118007591763	0.00534409875599411	0.0561496403540751
"hsa-miR-17-5p"	-166.913937595093	-1.76238955602983e+50	-137.041962837528	-3.98462410145214	0.00559360794540806	0.057976990461189
"hsa-miR-423-5p"	-330.363458303596	-2.81391141123703e+99	-288.702422095129	-3.97238581167071	0.00567997211857314	0.058087181532608
"hsa-miR-20a-5p"	-297.620107191966	-3.91362831530708e+89	-260.58180473574	-3.93436769198621	0.00595772050031128	0.0601259424176151
"hsa-let-7d-3p"	-30.3876705469424	-1404754179.75697	-24.0254739197181	-3.90640513438726	0.0061714990869365	0.0614745428529909
"hsa-miR-330-3p"	-65.2598004879049	-4.41730572261e+19	-42.570166908388	-3.89432645128356	0.00626642847374927	0.0616198799918678
"hsa-miR-19a-3p"	-184.892559306839	-4.55204269136688e+55	-122.741653903861	-3.87097183059969	0.0064545431793567	0.0626662609945138
"hsa-miR-192-5p"	-26.9048743605597	-125653390.634054	-24.4931877390028	-3.85888732093346	0.00655429899238557	0.0628393415894967
"hsa-miR-505-3p"	-27.8699189517082	-245290981.608743	-20.7749407210632	-3.8343054016037	0.0067624627563294	0.0634041921391029
"hsa-miR-128-3p"	-1378.39128383658	-Inf	-1501.37777965247	-3.82965651190521	0.0068026372382854	0.0634041921391029
"hsa-miR-185-3p"	-1329.28456505303	-Inf	-390.143510397724	-3.82293213160904	0.00686120984034621	0.0634041921391029
"hsa-miR-525-5p"	-123.922661192155	-2.01575692908144e+37	-100.858642302706	-3.79916525235558	0.00707268848849362	0.0645803817937454
"hsa-miR-208a-3p"	-60.4869810477475	-1615829908529208576	-53.8154812017575	-3.75387005538027	0.00749571125831193	0.0676377710014735
"hsa-miR-124-3p"	-1775.38535698895	-Inf	-1258.77355870793	-3.73116961974647	0.00771803776001487	0.0686824236733256
"hsa-miR-19b-3p"	-180.639099543463	-2.38664240263849e+54	-120.970633196604	-3.7239172574172	0.00779057478432768	0.0686824236733256
"hsa-miR-30d-5p"	-399.639204164935	-2.01088806697193e+120	-287.547042166525	-3.70780144166001	0.00795443764257677	0.0690831103283491
"hsa-miR-328-3p"	30.7103061919264	1756804114.05609	21.3030695471534	3.6939402375295	0.00809838283621288	0.0690831103283491
"hsa-miR-187-5p"	-288.113466691802	-5.38016542200848e+86	-246.476066989845	-3.69319213748017	0.00810623198116222	0.0690831103283491
"hsa-miR-675-5p"	-111.894146977987	-4.82496958019492e+33	-94.1195437735452	-3.67449891625846	0.00830507862891933	0.0694608963815025
"hcmv-miR-US25-1-5p"	32.7853981961302	7402668077.46772	20.7220310068497	3.67203471427924	0.0083316850940003	0.0694608963815025
"hsa-miR-25-5p"	-94.4245321916079	-2.65837666576584e+28	-78.1678731030571	-3.65877675603194	0.00847643581170658	0.0699078093288059
"hsa-miR-382-5p"	-94.000561880684	-1.98147563000862e+28	-92.9318761557658	-3.62149069399805	0.00889840168856746	0.0726071712248004
"hsa-miR-519d-3p"	-1417.52565782721	-Inf	-1870.14007981781	-3.61083398591492	0.00902316206740001	0.0728501611125874
"hsa-miR-338-3p"	-1082.73835260495	-Inf	-799.194342306946	-3.58275728586044	0.00936105800725453	0.0747909530371273
"hsa-miR-873-5p"	-70.5690598574315	-1.75147435545032e+21	-68.3203359185098	-3.56598854454445	0.00956940465622114	0.0750424016334686
"hsa-miR-642a-5p"	-1341.57062039374	-Inf	-821.76142262065	-3.56449472152249	0.00958820777063875	0.0750424016334686
"ebv-miR-BART15"	103.681606893928	1.62657342951883e+31	56.1269241421358	3.54792924425045	0.00979943117740065	0.0759208455865283
"ebv-miR-BART8-5p"	36.3635018492024	88410694878.5321	38.2492698396064	3.53515045547641	0.00996582098181055	0.0760577266341505
"hsa-miR-518c-3p"	120.653891397885	2.09141589482993e+36	73.0783117003579	3.52513365143635	0.0100983903432496	0.0760577266341505
"hsa-miR-339-5p"	-76.8048585005705	-1.31997656692738e+23	-48.4124359420697	-3.52391964491439	0.0101145868535637	0.0760577266341505
"hsa-miR-629-3p"	-17.7929767281366	-227101.345522187	-14.1042085223855	-3.49720216009629	0.0104782602994573	0.0768852942632268
"hsa-miR-27b-3p"	-871.990797198356	-3.12885833189059e+262	-661.782705565126	-3.4942711197565	0.0105190117102189	0.0768852942632268
"hsa-miR-181b-5p"	-220.861370693775	-3.06124058392826e+66	-158.449122593052	-3.49381518076935	0.0105253662289945	0.0768852942632268
"hsa-miR-508-5p"	-26.3694294244896	-86694036.7023998	-21.8650543631967	-3.47873365410557	0.0107379223808904	0.0776979855296501
"hsa-miR-222-3p"	-732.972678685766	-4.43365898807812e+220	-819.582903697643	-3.4540884588043	0.0110953379244921	0.0789776632649147
"hsa-miR-106a-5p"	-179.678362267308	-1.22624320614888e+54	-146.741873052687	-3.44637534462025	0.0112098264811052	0.0789776632649147
"hsa-miR-513a-5p"	-149.247914221816	-8.47420510177364e+44	-101.098704742172	-3.44544757696735	0.0112236835669827	0.0789776632649147
"hsa-miR-519e-3p"	-66.4858699399153	-1.03333500033242e+20	-66.5399110817336	-3.43847877111846	0.0113283635443071	0.0789895894407593
"hsa-miR-378a-5p&hsa-miR-378a-3p"	-63.7574876502201	-15592517167735709696	-65.40940871154	-3.42692560250381	0.0115042400771878	0.0794932625153425
"hsa-miR-634"	-552.431831092225	-1.98861961279955e+166	-577.384203095119	-3.41161518219117	0.011741877469285	0.0804108930262646
"hsa-miR-125a-3p"	21.1750681691282	2367721.83461525	19.0345372987966	3.3901535512052	0.0120839631575648	0.0813366523426226
"hsa-miR-130b-3p"	-45.5031200426661	-49865942181764	-36.863164665193	-3.38346360504569	0.0121927860839173	0.0813366523426226
"hsa-miR-181a-2-3p"	-42.1801651971368	-4983046574924.71	-44.7012546509714	-3.36867548701189	0.0124371122581629	0.0813366523426226
"hsa-miR-592"	67.4352365681632	1.99539542303067e+20	49.9725315556651	3.36794294457929	0.0124493517668677	0.0813366523426226
"ebv-miR-BART12"	28.8638348330891	488517442.329219	31.8145275280004	3.36785114598584	0.0124508864779264	0.0813366523426226
"hsa-miR-514a-3p"	-69.1154179741462	-6.39460868331277e+20	-62.5411412018155	-3.36297586114028	0.0125326867659877	0.0813366523426226
"hsa-miR-92b-3p"	-55.7167557530766	-59212683383266160	-41.7253323503961	-3.35704416241243	0.0126329950172313	0.0813366523426226
"hsa-miR-23a-5p"	20.2289193954254	1228885.77733546	13.491971620476	3.34568711193672	0.012827473958022	0.0813366523426226
"hsa-miR-338-5p"	-224.499007212467	-3.81008941446609e+67	-141.88767915393	-3.34545589815544	0.0128314666668283	0.0813366523426226
"ebv-miR-BART1-5p"	36.4392604618279	93177363739.3878	18.6980319692927	3.33348127774534	0.0130400933091062	0.0819815702302004
"hsa-miR-556-3p"	27.3928520128334	176226056.395747	27.8483625602152	3.30848167255201	0.0134875266636987	0.0837240139465712
"hsa-miR-937-3p"	-132.291800621092	-6.66500020868025e+39	-117.502712675583	-3.30585091449479	0.0135355641843218	0.0837240139465712
"hsa-miR-629-3p&hsa-miR-629-5p"	21.6638407814093	3322506.93793174	18.467448340779	3.28932722791786	0.0138415306188957	0.0847461207173262
"hsa-miR-605-5p"	-50.7077356160819	-1838863246624145	-37.3257211926289	-3.27987110131434	0.0140199712531883	0.0847461207173262
"hsa-miR-340-3p&hsa-miR-340-5p"	-435.597949383062	-1.34291589430667e+131	-357.585481116502	-3.27668784436679	0.0140805961815728	0.0847461207173262
"hsa-miR-708-3p"	85.798844528914	6.73016631388268e+25	64.573035694349	3.26227509420721	0.014358637293542	0.0847461207173262
"hsa-miR-18a-5p"	-54.1784330134616	-20386067371353212	-36.8562339022857	-3.2608963328725	0.0143855432690233	0.0847461207173262
"hsa-miR-181a-3p"	-61.3774514101778	-2995393836823495168	-47.6229767569405	-3.26031636304019	0.0143968773438535	0.0847461207173262
"ebv-miR-BART13-3p"	-54.1414934404414	-19870716884228232	-43.9204327201814	-3.25637076369843	0.0144742396531548	0.0847461207173262
"ebv-miR-BART6-3p"	-78.7766677360711	-5.17773652403327e+23	-53.5962270495681	-3.21039462563952	0.0154093856241604	0.0891210129261683
"hsa-miR-188-3p"	34.3456615822953	21831036572.5122	35.9435503450298	3.20828425720422	0.0154538392688141	0.0891210129261683
"hsa-miR-142-5p"	-58.7420822196496	-482090702525200768	-45.8085914407562	-3.18606859482811	0.0159302382059622	0.0906546915684883
"hsa-let-7b-3p"	-58.9945049872592	-574269274432350912	-40.9714205142544	-3.18487979865923	0.0159561712669438	0.0906546915684883
"hsa-let-7a-5p"	-2097.03858037035	-Inf	-2144.93811302901	-3.16226230850598	0.0164582824252722	0.0928198722072339
"hsa-miR-151a-3p"	-177.812619520892	-3.36458948529551e+53	-126.027305604429	-3.1461843891056	0.0168254979619159	0.0941982258159814
"hsa-miR-138-5p"	-1111.81320348601	-Inf	-948.591628879005	-3.11680017432553	0.0175194876469329	0.0973728045304167
"hsa-miR-509-3p"	14.3638467306852	21083.7918048464	10.073525746615	3.0653369234582	0.0188097639854746	0.103792007027763
"hsa-miR-144-3p"	-142.047154072542	-5.76042033111181e+42	-125.706020718856	-3.05548415066522	0.0190681689101564	0.104466325386357
"hsa-miR-219a-5p"	-3780.64783984047	-Inf	-2959.56728052657	-3.04914202444222	0.0192365033693428	0.104641121165149
"hsa-miR-371a-5p"	-3703.18895289237	-Inf	-3057.31530186293	-3.03315996381553	0.0196677728588126	0.106233674526122
"hsa-miR-18b-5p"	-36.507667942061	-97701925379.4992	-23.6259323779822	-3.02472664347286	0.019899486785328	0.106733610939487
"hsa-miR-302c-5p"	-35.7282308843672	-56920563153.6605	-40.6195395596585	-3.01235114644512	0.020244797065556	0.107765784594963
"hsa-miR-193a-3p"	-62.3454999443189	-5859567720950516736	-40.826155288221	-3.00781604890014	0.0203729318986566	0.107765784594963
"hsa-miR-140-5p"	-66.2264077734563	-86324733222979108864	-61.7987281699878	-2.99658468228875	0.0206939951543779	0.108714344406903
"hsa-miR-21-5p"	-265.757381597237	-1.00217468880767e+80	-184.429880428028	-2.99070696002159	0.0208641602621041	0.108862659326761
"hsa-miR-345-5p"	-28.9688846163136	-525415899.132696	-25.0823542413547	-2.97952030355021	0.0211921501226445	0.109281087826872
"hsa-miR-99b-3p"	-45.0133586222019	-35511674464857.6	-37.7460426105273	-2.9782644722211	0.0212293117160417	0.109281087826872
"hsa-miR-548d-3p"	38.5641852074988	406421342233.188	35.2315896674793	2.92260766812853	0.0229478324896257	0.117339916796952
"hsa-miR-374a-5p"	-171.199813117882	-3.43778728167967e+51	-154.640197545592	-2.91561066885954	0.0231741120582637	0.117712211580717
"hsa-miR-645"	19.7689386058118	893394.969619106	15.1167061074148	2.90577732449409	0.0234961248161327	0.118562682460354
"hsa-miR-182-3p"	32.7098377467726	7024935079.34198	17.1527995428569	2.89802903729721	0.023753198065045	0.118807138980998
"hsa-miR-200b-3p"	34.0323999437801	17570058500.7167	24.6753657052652	2.89500410441437	0.0238543668879709	0.118807138980998
"hsa-miR-425-3p&hsa-miR-425-5p"	-112.085243896417	-5.50833676668961e+33	-103.274753419065	-2.88509897246169	0.0241888503966249	0.11969579518846
"hsa-miR-590-3p"	17.7752735360985	224331.631831964	19.3368874114555	2.87452574138667	0.0245513809422514	0.120710956299403
"hsa-miR-221-3p"	-264.44613379636	-4.0384853341954e+79	-283.924324967725	-2.86100918493309	0.0250232249749163	0.122247220100387
"hsa-miR-302d-3p"	125.945396641098	8.19109956194917e+37	85.3961069785661	2.8425705230796	0.0256824139254963	0.124673490385162
"hsa-miR-519b-3p"	43.1147659547794	9524403992876.99	38.8627940019854	2.83287780470979	0.0260362681716246	0.125399679311519
"hsa-miR-149-3p"	-271.419922708153	-5.07619335149116e+81	-231.648801859606	-2.82954857043241	0.0261589943804993	0.125399679311519
"hsa-miR-185-5p"	-624.26074230814	-8.34081618306529e+187	-635.077801564252	-2.81765327580079	0.0266025064335853	0.126733679717764
"hiv1-miR-N367"	31.9018514368836	4012492186.52893	27.7309970890728	2.78798545092755	0.0277435851519046	0.131353887725376
"hsa-miR-138-1-3p"	-273.410032141939	-2.01660477027388e+82	-392.568682327994	-2.77598206324855	0.0282198133278118	0.13278893756093
"hsa-miR-590-5p"	-22.4337727565372	-5665503.5449812	-15.2520600912396	-2.76801943333101	0.0285404702513424	0.13342099760689
"hsa-miR-373-3p"	38.4718627263691	381227893784.943	28.152903418142	2.7640429020284	0.0287020399023949	0.13342099760689
"hsa-miR-25-3p"	-32.3715986757203	-5556767283.54465	-17.9306181936704	-2.74142679881911	0.0296394339967555	0.135462300956671
"hsa-miR-631"	-27.7180302891598	-220779394.412729	-16.615139087384	-2.74140661817698	0.0296402846748301	0.135462300956671
"hsa-miR-19b-1-5p"	21.5928842799173	3163048.57296371	25.3354381330127	2.73874813626286	0.0297525727757187	0.135462300956671
"hsa-miR-410-3p"	-162.691482205247	-9.44096054822623e+48	-174.825359984713	-2.73320780908625	0.0299880223020628	0.135462300956671
"hsa-miR-183-3p"	-46.5142000977054	-100500784938009	-40.4216341295213	-2.73235966151311	0.0300242388039557	0.135462300956671
"hsa-miR-29c-5p"	-136.733869072442	-1.44875855661555e+41	-122.161637853739	-2.72753379695552	0.0302311829657163	0.135598346986575
"hsa-miR-938"	-42.7822031080536	-7563562781406.86	-47.5594129014635	-2.72051649909983	0.030534777635564	0.136163804921381
"hsa-miR-502-3p"	-17.1400207811202	-144430.987771285	-15.0561494486838	-2.70307131594258	0.0313034717078441	0.138784756068881
"hsa-miR-591"	31.8436851577586	3853935171.64191	32.3360349260938	2.67809633314922	0.0324394599936058	0.14299463112124
"hsa-miR-107"	-455.457295797895	-1.27734372594258e+137	-519.956924255458	-2.65801117713868	0.033384333170935	0.145838801368771
"hsa-miR-376a-3p"	-83.125523386153	-1.05505705161979e+25	-94.5832175188504	-2.6563247919092	0.0334649661550244	0.145838801368771
"hsa-miR-188-5p"	16.8099527948318	114894.705673212	12.6842474368145	2.64603711888528	0.0339612933718745	0.146952722020955
"hsa-miR-146a-3p"	28.4068621860079	355891487.794457	18.877530742172	2.64311313185294	0.0341037607819166	0.146952722020955
"hsa-miR-30c-1-3p"	12.0349958165016	4196.57257798693	8.41790956423202	2.63416196757851	0.0345437899383163	0.147478221267653
"hsa-miR-493-5p&hsa-miR-493-3p"	-18.2761918969185	-317454.850712095	-19.9644776019651	-2.62908630256049	0.0347959352664867	0.147478221267653
"ebv-miR-BART5-5p"	-36.7549851597376	-115971966993.1	-37.3441502575153	-2.62895360862188	0.0348025528675949	0.147478221267653
"hsa-miR-654-3p"	-19.5867431676241	-787403.264172376	-11.3209378073192	-2.60988250550306	0.0357674496582258	0.150734252131095
"kshv-miR-K12-11-3p"	20.4472395465079	1429658.89940146	11.4264922726155	2.60132534389392	0.036209428691473	0.151003443790756
"kshv-miR-K12-5-3p"	-27.7976124402752	-233300222.167764	-28.748206290535	-2.60102438638612	0.0362250764765309	0.151003443790756
"hsa-miR-502-5p"	38.7840488390007	473327844865.869	46.2588536403033	2.58501423323319	0.0370677401901111	0.153468532822694
"hsa-miR-508-3p"	27.1700976288118	151013012.558348	29.2652075207588	2.58222505559604	0.0372166194328828	0.153468532822694
"hsa-miR-186-3p"	-24.7167613265806	-27573160.8912419	-28.2699333607653	-2.54340623108001	0.0393544892298755	0.161416541386709
"hsa-miR-488-5p&hsa-miR-488-3p"	-190.745420584958	-2.63083209616374e+57	-186.906389603633	-2.5388311282424	0.0396147318611104	0.161558354558583
"hsa-miR-548d-5p"	-35.105483716723	-36966098042.5643	-28.5576342614133	-2.53523808907291	0.0398203648081232	0.161558354558583
"hsa-miR-298"	-255.338583770682	-7.32103975757166e+76	-240.89447395587	-2.53105125580795	0.0400613796813075	0.161558354558583
"hsa-miR-127-5p"	-84.3188490403442	-2.4126968711496e+25	-82.2074518009948	-2.52810977220659	0.0402316111091125	0.161558354558583
"hsa-miR-625-5p"	-155.687539573133	-7.35562131524528e+46	-147.708705134985	-2.51829824357249	0.0408048766010889	0.162683752628885
"hsa-miR-330-5p"	-32.1182416510582	-4661805446.74392	-23.6631555681131	-2.5130602969028	0.0411143798330907	0.162683752628885
"hsa-miR-17-3p"	22.7440224178299	7024783.91661976	24.3674156016941	2.51052588797409	0.0412650072589436	0.162683752628885
"hsa-miR-431-5p"	30.98248865611	2121575179.03197	26.9510511652671	2.50691264636745	0.041480742448315	0.162683752628885
"hsa-miR-215-5p"	-15.5419367856633	-47707.7750918906	-15.8385605726638	-2.50538374137417	0.0415723800720489	0.162683752628885
"hsa-miR-186-5p"	-20.77257450848	-1791298.71442222	-13.0328756475075	-2.49941160016651	0.0419323451257708	0.16293544792613
"hsa-miR-581"	39.2590309735759	657878848730.894	31.7045818119762	2.49728070505687	0.0420615628283881	0.16293544792613
"hsa-miR-522-3p"	31.5526759145474	3149937188.07091	34.0781453804764	2.48776891367332	0.0426434054637294	0.163309892104484
"hsa-miR-760"	19.1369468107878	576494.297135687	19.9305043694209	2.48722026759733	0.042677219556483	0.163309892104484
"hsa-miR-510-5p"	-109.365924386339	-8.36418719131816e+32	-114.467411241919	-2.48121789356833	0.0430489741788754	0.163309892104484
"hsa-miR-148a-5p"	17.3137210635415	162910.612564735	15.9772714294965	2.48048471033194	0.0430946126013888	0.163309892104484
"hsa-miR-520f-3p"	29.4807795898431	749202041.478899	24.67101515115	2.47842923374212	0.0432228267238725	0.163309892104484
"kshv-miR-K12-4-5p"	24.2978342207794	20624191.3851135	18.5826845159415	2.46979636765824	0.0437656392812274	0.164550222199517
"hsa-miR-613"	25.7245535024121	55444979.7620761	26.4759528085021	2.46457990852877	0.0440970471474849	0.164713710204569
"hsa-miR-580-3p"	27.4861992691216	188005453.377465	20.2863614129835	2.46236378796018	0.0442386236012271	0.164713710204569
"hsa-miR-517c-3p"	99.4182473361864	8.46982748308266e+29	60.8272322539743	2.45678475974567	0.0445971211451434	0.164780004843118
"hsa-miR-532-3p"	-20.668272884133	-1666364.85224768	-18.5557598429572	-2.45540717497875	0.0446861030083032	0.164780004843118
"hsa-miR-424-5p"	-157.307672838435	-2.26114322620508e+47	-202.678928308801	-2.44365353922116	0.045452793326946	0.166805227185491
"hsa-miR-152-3p"	-15.5013770645267	-46385.2039546391	-8.86780137586362	-2.42722106083549	0.0465474951993507	0.16907415377122
"hsa-miR-30d-3p"	31.6902615471344	3465128113.86607	20.5119384514547	2.42083884393178	0.0469799599073321	0.16907415377122
"hsa-miR-195-5p"	-721.672382068258	-1.75806142492759e+217	-774.074620229273	-2.42056781078493	0.0469984166940253	0.16907415377122
"hsa-miR-150-3p"	43.0509446976113	9112251453829.05	36.1289635549131	2.41882904811722	0.0471170005035753	0.16907415377122
"hsa-miR-431-3p"	17.9016776110567	244873.581724886	20.1428526969657	2.41671113347726	0.0472618587849736	0.16907415377122
"hsa-miR-596"	12.1301903375792	4482.81838835174	5.45724256096389	2.4120351737901	0.0475833044975228	0.16907415377122
"hsa-miR-210-3p"	-21.2996646902334	-2581296.9565035	-14.1193682373762	-2.41158886240329	0.0476141032784661	0.16907415377122
"hsa-miR-558"	21.1725685193855	2363623.01205229	19.6755762822118	2.40499852547779	0.048071280322441	0.169910930909273
"kshv-miR-K12-3-5p"	-45.4839633077598	-49208177130964	-35.9709543130368	-2.39039463285096	0.0491005196471806	0.171930115561533
"hsa-miR-429"	43.6536864660382	13837863668378.3	43.1904214635984	2.38444831391068	0.0495260614104971	0.171930115561533
"hsa-miR-26b-5p"	-2332.0851979961	-Inf	-2632.59641590905	-2.38318884374899	0.0496166790750654	0.171930115561533
"hsa-miR-33b-5p"	16.7069542072551	106977.970011474	14.0530794814129	2.3819708429326	0.0497044750031001	0.171930115561533
"hsa-miR-371a-3p"	53.2378253095607	10621413634559494	28.8915749231389	2.38115537001829	0.0497633450517083	0.171930115561533
"hsa-miR-485-3p"	-146.461028103036	-1.22789902579454e+44	-162.350921932519	-2.37514884331389	0.0501991751923067	0.172658149652463
"kshv-miR-K12-6-3p"	-425.012259858624	-8.73853726058575e+127	-110.242076553689	-2.37110635512482	0.0504946994779221	0.172899261158778
"hsa-miR-342-3p"	-464.699155411813	-7.73365401122997e+139	-529.122881315194	-2.35002195711647	0.0520652401137715	0.177484618521168
"hsa-miR-563"	15.8951157280687	60940.5849686214	18.0583484180367	2.34586087805169	0.0523810590338615	0.177771116278636
"hsa-miR-218-2-3p"	-62.0872036876972	-4899036294028681216	-76.8782072164072	-2.33501764144738	0.0532132885688377	0.17979996622158
"ebv-miR-BART14-5p"	18.6897535371805	422840.352553287	16.3824538468359	2.3288903749053	0.0536895322734185	0.180613470411017
"hcmv-miR-UL70-5p"	19.6569861696708	826689.575851919	12.1395731976851	2.30816475722514	0.0553329722152689	0.185329212616206
"hsa-miR-383-5p"	-19.3554174929582	-670750.868968407	-8.38140244232888	-2.2915085252845	0.0566908948531019	0.189051810227518
"hsa-miR-377-3p"	-288.959755440869	-9.67283829240893e+86	-298.040560827902	-2.28414828537852	0.0573017270545341	0.189854236649489
"hsa-miR-33a-5p"	-201.146860572706	-3.55826727123309e+60	-152.902986571646	-2.28265376991821	0.0574265748405233	0.189854236649489
"hsa-miR-609"	59.9137348214278	1086003771558951168	46.4819551317907	2.27489151869852	0.0580794821495952	0.190231106574687
"hsa-miR-184"	-91.7700357597446	-4.22214813774682e+27	-90.1780194675551	-2.27372434467459	0.0581783083710306	0.190231106574687
"hsa-miR-618"	82.4888788033008	6.78620271333302e+24	68.0621773867306	2.27247091605085	0.0582846284811622	0.190231106574687
"hsa-miR-15a-3p"	40.182030413446	1247373292473.53	35.0814047750213	2.26626909222878	0.0588136047964503	0.191144215588463
"hsa-miR-192-3p"	74.8493919620547	3.40339328612023e+22	84.4552497887004	2.24909837981208	0.0603037688185402	0.193897237078129
"hsa-miR-92a-1-5p"	17.5766515566442	195478.65486539	10.7525446228881	2.24833209917518	0.0603711578465102	0.193897237078129
"hsa-miR-659-3p"	-84.5311449939413	-2.79518277269198e+25	-79.3137887176904	-2.24778762616351	0.0604190869122202	0.193897237078129
"hsa-miR-587"	21.2529514239049	2499055.34906484	19.9078933032638	2.24324301294764	0.0608206518283268	0.194372666468028
"hsa-miR-615-3p"	-37.2638247926293	-165017124760.828	-36.2248834250698	-2.23850448266713	0.0612422368131665	0.194907865708293
"hsa-miR-363-5p"	151.802212339392	4.9775923042298e+45	187.430790646295	2.23058562440453	0.061953402398524	0.195877470521005
"hsa-miR-136-5p"	-243.858910676039	-2.56357969714375e+73	-197.518170664659	-2.22855034290863	0.0621375330806472	0.195877470521005
"ebv-miR-BART19-3p"	-39.7402777861722	-918365688888.68	-28.7867072684029	-2.22661605055232	0.0623130414695246	0.195877470521005
"hsa-miR-142-3p"	-61.1468599991963	-2552930550114179584	-65.6915451993397	-2.20781079961077	0.0640457351945448	0.200502362833534
"hsa-miR-367-3p"	35.6324743684349	53265205222.2165	26.2808927731904	2.20259059304358	0.0645353108245877	0.200939958219805
"hsa-miR-34c-3p"	-15.3946003382616	-43076.1095796448	-15.6917132360082	-2.20074315039567	0.0647094780707847	0.200939958219805
"hsa-miR-589-3p&hsa-miR-589-5p"	-73.7689236338276	-1.60938059901018e+22	-77.4518004775826	-2.17970161151896	0.0667269997665041	0.205894685193477
"hsa-miR-568"	-13.6456720283658	-12816.1207785442	-10.2089067882454	-2.17852215567144	0.0668419512557703	0.205894685193477
"hsa-miR-498-5p"	-115.317600342297	-5.17674450315591e+34	-102.957048861832	-2.16853259671459	0.0678235940121887	0.208082786429395
"hsa-miR-218-5p"	-116.354639336335	-1.06227405624685e+35	-139.3301791833	-2.14576212114428	0.0701158226739876	0.213166930657458
"hsa-miR-497-3p"	16.4262197906618	88061.2553786964	17.1429437711431	2.14310573345413	0.0703882617310565	0.213166930657458
"hsa-miR-194-3p"	15.7092710537848	53574.9528133621	11.0551909995425	2.14189332337259	0.0705129600322253	0.213166930657458
"hsa-miR-643"	63.425268128887	1.238534731696e+19	40.3085816961465	2.14112169792098	0.0705924385749599	0.213166930657458
"hsa-miR-376c-3p"	-240.787179806907	-3.04904401129412e+72	-258.454730955217	-2.12575496604699	0.0721941165485648	0.215314863003337
"hsa-miR-668-3p"	-63.0339432216973	-9442949230049288192	-75.7564790243213	-2.12282770140617	0.0725033391628428	0.215314863003337
"hsa-miR-551b-3p"	-592.95993133701	-3.15301153295246e+178	-1373.57494848114	-2.12159530914794	0.0726339206110513	0.215314863003337
"hsa-miR-519c-3p"	107.675407268319	2.59135780627939e+32	113.05373549534	2.11862847602354	0.0729492480321313	0.215314863003337
"hsa-miR-361-3p"	18.2141241005787	304086.891449793	16.9976135395067	2.11702399263232	0.0731203509892415	0.215314863003337
"hsa-miR-601"	31.053644169365	2228837312.91453	14.958711050577	2.11614307555922	0.0732144635501755	0.215314863003337
"hsa-miR-488-5p"	16.7467816375012	109972.374847815	10.9069595779106	2.11563487222532	0.0732688125734953	0.215314863003337
"sv40-miR-S1-3p"	62.1997767156731	5296616328199539712	47.6523612397549	2.11107707340965	0.0737580511273365	0.215857277846898
"hsa-miR-551b-5p"	-118.911329398469	-6.24995619167631e+35	-122.464461488962	-2.10868386283293	0.0740162504220786	0.215857277846898
"hsa-miR-122-5p"	21.9564895781019	4069695.93610863	26.0360169058374	2.10482156611922	0.0744348584654386	0.216255819859816
"hsa-miR-941"	32.8420152170242	7698953531.63096	33.716120193868	2.10018696204727	0.0749403028761598	0.216902687947225
"hsa-miR-486-5p"	-62.000902459612	-4614571702669463552	-57.165278124628	-2.0859436288652	0.0765152656751968	0.220628604409308
"hsa-miR-501-3p"	16.4966448487597	92466.6081742847	12.3988004591209	2.08233837339606	0.0769191409037413	0.220962475929474
"hsa-miR-532-5p"	73.2388341753242	1.11451504185109e+22	53.3564024009862	2.07338504535137	0.0779313654252298	0.223034915228176
"hsa-miR-29b-1-5p"	47.128043158267	153799395176548	27.5456270013322	2.06275017232058	0.0791509904696211	0.225112955887214
"hsa-miR-30a-3p"	-20.0409836062733	-1078790.73540108	-19.1644630873373	-2.06194192487504	0.0792444564400885	0.225112955887214
"hsa-miR-518c-5p"	-786.377558772783	-5.28728970973378e+236	-846.878215785592	-2.05746262093869	0.0797644427657103	0.225731780262463
"ebv-miR-BART19-5p"	-17.8753301976626	-240442.132937023	-19.3392592460309	-2.05500737362483	0.0800509051256713	0.225731780262463
"hsa-miR-200c-3p"	-30.2235791559969	-1253729665.80571	-25.6488972150578	-2.05038958856924	0.0805924580078778	0.22642642964118
"hsa-miR-517a-3p"	33.5823631045517	12861707235.9315	33.0004298520949	2.03883359725794	0.0819637312808584	0.229014399897167
"hsa-miR-875-5p"	44.0324727501677	17992647890555.1	45.9199266922419	2.03760591761993	0.0821107691938995	0.229014399897167
"hsa-miR-16-2-3p"	18.9976118435352	523420.840967949	8.03768402169775	2.03354349421455	0.0825991939300254	0.229214124300337
"hsa-miR-876-5p"	-46.9407090092248	-135070786748275	-49.7552022872168	-2.03204514589071	0.0827800683587919	0.229214124300337
"ebv-miR-BART11-5p"	154.612172777164	3.49061299135251e+46	177.323267086193	2.0242296277364	0.0837299250062432	0.229545463612749
"hsa-miR-149-5p"	-229.131870134938	-9.4529176214461e+68	-241.99177430197	-2.02299085114777	0.0838814700359095	0.229545463612749
"hsa-miR-516a-5p"	-98.3084175549452	-3.92448352540761e+29	-115.94074821243	-2.02253646801834	0.0839371249771585	0.229545463612749
"hsa-miR-665"	-2361.18102504063	-Inf	-2222.78202989311	-2.020820930767	0.0841475825758747	0.229545463612749
"hsa-miR-302c-3p"	106.487019849932	1.13706979647019e+32	86.9875150671545	2.01880049824423	0.0843961156959519	0.229545463612749
"hsa-miR-548a-5p"	-11.1407523728116	-2257.87886566184	-10.2361978796946	-2.015686897304	0.0847805462590255	0.229776250815097
"hsa-miR-578"	94.7883004744966	3.42075271900183e+28	54.6401878835618	2.01095617167974	0.0853679672810613	0.230131394349401
"hsa-miR-193a-5p"	-1123.27659524372	-Inf	-879.761400558944	-2.00793385444034	0.0857453636719279	0.230131394349401
"hsa-miR-7-5p"	-681.051437641854	-1.03970784349254e+205	-917.966979193332	-2.0052561680895	0.0860811073292704	0.230131394349401
"hsa-miR-296-5p"	176.849949752685	1.72639276473353e+53	146.310259165004	2.00501231795271	0.0861117472989284	0.230131394349401
"hsa-miR-455-5p"	63.5716252432986	13707746721003778048	50.8537305955092	2.00084400178986	0.0866371736113016	0.230731639443987
"hsa-let-7a-3p"	129.23906029767	8.03218607808362e+38	80.7046939809435	1.98559147587213	0.0885869865654681	0.235108023168561
"hsa-miR-507"	20.9370574512882	2007623.69949474	21.5527600965227	1.98181781004585	0.0890760536016218	0.235590803836014
"hsa-miR-141-5p"	127.90235700301	3.18013805647031e+38	157.141946947834	1.97596942683758	0.0898392798827985	0.236092421351023
"hsa-miR-30e-5p"	-202.246386604244	-7.62480747905034e+60	-221.298226688666	-1.97539522418385	0.089914561825474	0.236092421351023
"hsa-miR-509-3-5p"	-34.6385264527082	-26744560650.5532	-22.5669935637929	-1.97330484233898	0.0901891518329201	0.236092421351023
"hsa-miR-648"	-39.67671496644	-878782367416.585	-38.3554244324405	-1.95423575253982	0.092732543916129	0.240902063739111
"hsa-miR-105-5p"	-71.9791334970786	-4.65455583664114e+21	-82.0167701988527	-1.95367436860459	0.0928084814665049	0.240902063739111
"hsa-miR-570-3p"	46.0340886511959	72051247905922.2	38.45227093469	1.95249122990963	0.0929687234247415	0.240902063739111
"hsa-miR-297"	33.7767307779145	14716655363.0271	14.8734876997645	1.93698564769281	0.0950941041870288	0.245517909899095
"hsa-miR-9-5p"	-947.467276215513	-1.64463697881261e+285	-1572.7799344061	-1.93485208729175	0.0953902700781358	0.245517909899095
"hsa-miR-512-3p"	20.9448758649626	2018533.17169957	10.3577467257811	1.92495285107583	0.096776308717784	0.248252270189098
"hsa-miR-744-5p"	-478.008533481712	-7.85067070517808e+143	-513.6143164667	-1.91892221699828	0.0976303546017689	0.249071504776802
"kshv-miR-K12-10a-3p"	270.607743771338	2.89099895125838e+81	338.582969848366	1.91811563025543	0.0977451407272717	0.249071504776802
"hsa-miR-942-5p"	36.0875983876611	73021304325.0468	20.1674097959775	1.9138970288218	0.0983476527779297	0.24977698569759
"ebv-miR-BART18-5p"	124.911566633213	4.0006297665224e+37	91.7673594656701	1.90447953599583	0.0997058425400013	0.252390697122709
"hsa-miR-892a"	23.1315224532491	9189293.09743802	14.2020362024918	1.86627720641409	0.105405903572545	0.264740844724748
"hsa-miR-31-5p"	-49.8050011264052	-983556410058560	-43.5893553384366	-1.86509187059271	0.105587754585374	0.264740844724748
"hsa-miR-26b-3p"	28.8768427416964	492942025.560335	30.1363211089312	1.86488055167662	0.105620206630734	0.264740844724748
"hsa-miR-132-3p"	-236.01430531022	-1.11528356951837e+71	-264.344120358226	-1.86036120944231	0.106316566479635	0.26538001122492
"hsa-miR-490-3p"	-84.9691850542226	-3.78680906821122e+25	-94.9915834655484	-1.85874164776698	0.106567201378455	0.26538001122492
"ebv-miR-BART10-5p"	14.4581790138884	22508.4487904626	15.8486281767104	1.85366626350153	0.107356369470769	0.265669861518868
"hsa-miR-130a-3p"	-321.883988869027	-7.88380318025796e+96	-378.002397219997	-1.85216645251406	0.107590659725695	0.265669861518868
"hsa-miR-127-3p"	-106.323123576037	-1.01496117369716e+32	-111.929287304049	-1.85132246014949	0.107722720902696	0.265669861518868
"hsa-miR-219a-1-3p"	32.9780754789482	8460380945.13072	25.0318988969901	1.84885148843379	0.108110265113271	0.265771068403457
"hsa-miR-214-3p"	-65.7157931531337	-60593344993906876416	-80.6276039495361	-1.83911339409736	0.109650801709823	0.268642913276079
"hsa-miR-145-5p"	-99.8700824907091	-1.15848522459968e+30	-102.385317764495	-1.83691438926809	0.110001614832371	0.268642913276079
"hsa-miR-635"	-315.403304601342	-8.82785958184412e+94	-194.736347480544	-1.83486694382678	0.110329227747021	0.268642913276079
"hsa-miR-526b-5p"	-98.2225114883803	-3.69761940624762e+29	-100.099433245545	-1.81920216161524	0.112867238387782	0.273519722151695
"ebv-miR-BART4-5p"	15.2349558977286	38563.7010793083	6.50158106464849	1.81628659368826	0.113345817202481	0.273519722151695
"hsa-miR-98-5p"	-228.655428748712	-6.794268800154e+68	-196.007512278462	-1.81594559561775	0.113401918701746	0.273519722151695
"hsa-miR-380-5p"	10.5066719169869	1454.86736347668	7.38550210528816	1.8032871662115	0.115503595840847	0.277715542350876
"ebv-miR-BART9-3p"	15.2391145019242	38675.0222689804	15.025524473246	1.79671229469102	0.116610010262377	0.279499618347636
"hsa-miR-548b-3p"	10.0138316018131	1033.86464412584	9.1440130908666	1.78347327173935	0.118868943382116	0.28319791046572
"hsa-miR-206"	12.6042966515762	6226.8924737695	8.54067906894454	1.78264290417052	0.119012022058164	0.28319791046572
"hsa-miR-520a-5p"	21.2688214477277	2526697.36932717	10.4844935042175	1.78036528878938	0.119405323743812	0.28319791046572
"hsa-miR-486-3p"	-13.0864882343142	-8698.12203282363	-12.0961880283216	-1.7790680771456	0.119629886559183	0.28319791046572
"hsa-miR-598-3p"	-78.3741733293246	-3.91721183078557e+23	-91.4457075571905	-1.77649945337689	0.120075744955037	0.283378758093887
"hsa-miR-483-5p"	-50.9068212369085	-2110960836786000	-57.108893870428	-1.77261497462687	0.120753043724997	0.283513108258928
"hsa-miR-636"	-18.868466241462	-478601.781497769	-11.8218166839337	-1.77144321924505	0.120958071037773	0.283513108258928
"hsa-miR-99a-5p"	-246.968298408892	-2.21241094944423e+74	-322.393548649754	-1.76982601457442	0.121241589972527	0.283513108258928
"hsa-miR-23b-5p"	14.4354219945241	22156.1869208668	15.7541389169912	1.75906245461443	0.123144912818702	0.286039307882333
"hsa-let-7f-2-3p"	17.7291705790973	217276.192682666	15.8971951856059	1.75673616515224	0.12356002145762	0.286039307882333
"hsa-miR-219a-2-3p"	-416.88623089512	-3.12795343154611e+125	-165.717293935778	-1.75639619588146	0.123620798611164	0.286039307882333
"hsa-miR-450a-5p"	149.262191429307	8.55848391458466e+44	198.167269766851	1.75531864311177	0.123813624793917	0.286039307882333
"hsa-miR-539-5p"	17.1635444891002	146805.296033606	12.8516256080324	1.74989767710966	0.124788076811723	0.287257239507723
"hsa-miR-362-5p"	202.353474999882	8.21231693902481e+60	115.373765051979	1.74822708283371	0.125089853970769	0.287257239507723
"hsa-miR-550a-3p&hsa-miR-550a-5p"	-209.861978426405	-1.49537617067066e+63	-280.671945261881	-1.74163370204197	0.126287718111327	0.289142327735485
"hsa-miR-640"	-22.3557084828006	-5367089.37800889	-26.2807672513041	-1.73348133782936	0.127783982316091	0.290962048546355
"hsa-miR-19a-5p"	10.2129891579129	1186.90533493064	9.39315024948134	1.73220536017181	0.128019699482616	0.290962048546355
"hsa-miR-520a-3p"	18.1588941912968	292665.708721824	27.8364681697943	1.73111981624699	0.12822056376619	0.290962048546355
"hsa-miR-299-5p"	39.0044497720615	551454069218.519	33.3062378520783	1.72014029891683	0.130269139872507	0.294738732395909
"hsa-miR-302a-5p"	31.2564308908949	2565211956.814	36.8759529932892	1.71216758776873	0.131776212357583	0.297271631994901
"hsa-miR-299-3p"	-22.3309959067098	-5275936.99972452	-21.4602942339859	-1.70780453373725	0.132607967333524	0.298270706583029
"hsa-miR-16-1-3p"	11.2160966331362	2378.92922067217	5.68708803636117	1.70330834675961	0.133470324897913	0.299332570750582
"hsa-miR-939-5p"	-528.200642234807	-1.00980389532403e+159	-557.925913964103	-1.69753099866986	0.134586231366218	0.300076659927988
"ebv-miR-BART17-3p"	43.8493483510685	15847805920386.9	52.6691222545887	1.69648611010974	0.13478899756386	0.300076659927988
"hsa-miR-651-5p"	16.93630631181	125411.168865854	19.4892198135561	1.69420045619237	0.135233552299807	0.300076659927988
"hsa-miR-32-5p"	-38.1093791878417	-296528370939.26	-28.0167708873833	-1.69338015399607	0.135393438336058	0.300076659927988
"hsa-miR-10a-5p"	16.7605931248555	111030.239265208	20.259509796382	1.69151175263765	0.135758280306404	0.300076659927988
"hsa-miR-515-3p"	21.3590961944088	2689853.54662776	18.0371735678124	1.68641243113284	0.136758773452014	0.301419480568088
"ebv-miR-BART14-3p"	27.4052254276868	177743976.361329	14.9951607881387	1.68435738280385	0.137163948953666	0.301446271769232
"hsa-miR-301a-3p"	-111.262551733402	-3.1143359991e+33	-89.2574894088102	-1.68116533650398	0.137795551912128	0.301969109476007
"hsa-miR-124-5p"	-43.5905267437457	-13245125469123.9	-59.9154284465034	-1.67909365068289	0.138206944343024	0.30200776726809
"hsa-miR-212-3p"	-80.771351757938	-2.06347717567581e+24	-112.515246076848	-1.66644699681502	0.140743604114704	0.306677114647664
"hsa-miR-632"	37.4527476555345	188105054014.579	32.1304410172894	1.65771152685756	0.142521374595369	0.309671088710051
"hsa-miR-934"	-124.527583178603	-3.06575767589134e+37	-161.029446825435	-1.64610257708165	0.144916714381301	0.31398621449282
"hsa-miR-497-5p"	-72.4137277460121	-6.29077495935919e+21	-88.2524580341949	-1.63948375629082	0.146299324526106	0.316088963131052
"hsa-miR-548a-3p"	14.2815032527933	19914.1081907324	12.3606764405625	1.62838366545272	0.148645894606173	0.320256744839704
"hsa-miR-202-5p"	60.5609537873512	1700840763945167616	67.015457920763	1.61142218332914	0.152299844891494	0.327210030901333
"hsa-miR-331-3p"	-251.638852188771	-5.63433393696177e+75	-322.712293626313	-1.60699892103513	0.153266458766383	0.328366966127977
"kshv-miR-K12-8-3p"	-41.8465805334652	-3954357743139.42	-47.500955023988	-1.59940597985275	0.154939117711975	0.331025914443133
"hsa-miR-129-2-3p"	-835.506460362993	-3.25466385092665e+251	-1078.45428233711	-1.58226416870893	0.158778109895906	0.338285584139333
"hcmv-miR-US5-1"	11.5714377287162	3043.33562120181	12.6100048257012	1.57330406848748	0.160819816095051	0.341686423670094
"hsa-miR-136-3p"	-124.513369220883	-3.03570102082527e+37	-152.790720304569	-1.56865480811177	0.161888809407564	0.343007505015475
"hsa-miR-99a-3p"	13.4676780275828	11328.5691055409	7.70776554175343	1.5581850791647	0.164320260577687	0.346546758890019
"hcmv-miR-UL36-5p"	11.3964716751359	2695.75127290533	8.33591201493015	1.55655064452818	0.164702873836184	0.346546758890019
"hsa-miR-412-3p"	9.69967350722371	831.558244666171	5.24288616993317	1.55564732706406	0.164914689693425	0.346546758890019
"hsa-miR-617"	-324.998357177734	-6.8273796293175e+97	-188.768040108454	-1.54805817181189	0.166704220445491	0.349350101316098
"hsa-miR-802"	-9.36446304621091	-659.150020918067	-8.53507674135238	-1.54559483733928	0.167288924066703	0.34962017645548
"hsa-miR-644a"	530.824840209162	6.225859942049e+159	304.379671371379	1.5385587393681	0.168969473604439	0.351860288921886
"hsa-miR-489-3p"	9.72805900552324	848.081442614463	11.5151005235204	1.53727282692979	0.169278287629955	0.351860288921886
"ebv-miR-BART13-5p"	45.1391017674122	38745708727921	52.5683721064857	1.5346025883481	0.169921212328981	0.35224208069278
"ebv-miR-BART17-5p"	-560.54870945767	-5.52046394133446e+168	-733.927723203943	-1.52828125596776	0.171452201527388	0.354457785907025
"hsa-miR-380-3p"	19.3583153724326	672099.531434807	8.02027063830544	1.52118249234012	0.173186602821268	0.357080979472883
"hsa-let-7g"	-59.2759656788447	-697981145589834368	-72.4407271244685	-1.5186485186904	0.173809609533411	0.357404746681303
"hsa-miR-572"	15.59963294235	49654.3655334416	13.1705038199245	1.50840499862093	0.176349119070757	0.361657150607676
"hsa-miR-921"	-1193.2170525831	-Inf	-1386.23531982133	-1.50464283445793	0.177290319550727	0.362571825048508
"hsa-miR-633"	12.5991141328943	6204.56405902574	8.95833415276414	1.49967547662657	0.178540074403946	0.362571825048508
"hcmv-miR-UL148D"	-48.199298560592	-323172677718957	-28.8612936201269	-1.49853478425602	0.178828200676757	0.362571825048508
"hsa-miR-147b-3p"	-96.3073642968447	-9.80404862813997e+28	-46.1208162417233	-1.49746726746172	0.179098228668324	0.362571825048508
"hsa-miR-519a-3p"	21.2335466245179	2465667.1454272	19.1519682342638	1.49588746192488	0.179498523900781	0.362571825048508
"hsa-miR-301b-3p"	34.4113823616956	22848530995.4262	51.4277743079882	1.49536371480718	0.179631412670708	0.362571825048508
"hsa-miR-130a-5p"	22.6411908691104	6541503.66657968	31.0514682572995	1.49269827689121	0.180309099899158	0.362984460951849
"ebv-miR-BART8-3p"	-67.2573919094581	-1.76397487445201e+20	-93.7682461881956	-1.48899072269642	0.181255627567721	0.363934728650372
"hsa-miR-620"	-1012.6912541859	-7.0866968717952e+304	-1227.05634138444	-1.48470283045139	0.182355966224019	0.364660205123189
"hsa-miR-331-5p"	-27.7749678324292	-229666919.961955	-15.727743565182	-1.48387996609168	0.182567821078624	0.364660205123189
"hsa-miR-483-3p"	122.637741724628	8.27253969209115e+36	154.918945083335	1.48022184283121	0.183512359930049	0.364837562236051
"hsa-miR-607"	7.63467604953091	198.731402776566	5.3542429243828	1.47829076757738	0.184012762541949	0.364837562236051
"hsa-miR-513a-3p"	-13.574949123205	-12203.0074299502	-14.0435708011655	-1.47801771189351	0.184083620059129	0.364837562236051
"hsa-miR-569"	8.69477781403157	414.37059374657	5.61517509699505	1.47470296909902	0.184945773182708	0.36560156709056
"hsa-miR-517b-3p"	27.1385281016568	147744389.146596	28.5546740226	1.46123489311624	0.188486655029537	0.371643353233045
"hsa-miR-29a-5p"	-19.6384637516732	-816143.747840614	-13.8156344247291	-1.45927339501314	0.189007452729672	0.371714657035022
"hsa-miR-211-5p"	46.8051124905594	122954041928619	22.953465378485	1.455928852573	0.189898471459855	0.372511835318948
"hsa-miR-135b-5p"	68.7893605502479	5.10106559471202e+20	89.6048295058902	1.4520877223587	0.190926478543831	0.373572982252853
"hsa-miR-15b-3p"	25.2787655060384	40706772.5604616	31.3504419325294	1.44736018405328	0.19219862819045	0.374186349836041
"hsa-miR-324-5p"	-48.7376587752704	-469350418876207	-57.245009200995	-1.44729703167352	0.192215673840157	0.374186349836041
"hsa-miR-18a-3p"	-45.4433365774016	-47841789167728.5	-21.7002408504666	-1.43805732990829	0.194724356617823	0.378110332976886
"hsa-miR-202-3p"	-29.038172566803	-551265688.008482	-35.2115212341092	-1.43357385493792	0.19595228437495	0.379533843726229
"hsa-miR-579-3p"	-37.0452284624182	-141815912395.505	-48.4258117755708	-1.43132838046487	0.196569890682135	0.379771048244829
"hsa-miR-490-5p"	10.8570607179229	1854.81645823103	7.24377163185802	1.4287702129315	0.197275637442553	0.380176919393061
"hsa-miR-924"	11.0292691869444	2089.97386598486	7.75563804068392	1.42332551525242	0.198785315777638	0.38212615839962
"hsa-miR-888-5p"	-47.1847325365112	-159963106973359	-62.5729304841364	-1.41989686973235	0.199741314951298	0.383003971419113
"hsa-miR-608"	-42.1354560916616	-4830990289901.62	-33.6565626964978	-1.41211854438492	0.201925444694094	0.384595152969234
"hsa-miR-329-3p"	-150.325775559266	-1.78882380136226e+45	-179.503915385894	-1.4118683779575	0.201996044856008	0.384595152969234
"hsa-miR-582-3p"	-27.5321510053812	-194090061.556373	-25.6097970683485	-1.41158721389148	0.202075419356716	0.384595152969234
"hsa-miR-920"	-46.8236997006984	-124548389988417	-64.261020201849	-1.40919373090024	0.202752248292925	0.384928154556122
"hsa-miR-520e-3p"	42.7164142506514	7226399990516.29	49.4802339644737	1.40596376626342	0.203668836539608	0.385713574384887
"hsa-miR-205-5p"	22.5475896448773	6130569.39835633	35.266569779694	1.39984085752069	0.205416558018522	0.386653767333832
"hsa-miR-1296-5p"	-31.8738953362422	-3935487840.23789	-37.7871638347177	-1.39825714227442	0.205870790445541	0.386653767333832
"hsa-miR-887-3p"	-38.0514529471521	-284858193444.992	-53.6507102909385	-1.39811634311697	0.20591121708869	0.386653767333832
"hsa-miR-323b-5p"	18.0488431219279	271170.952587308	18.8790598359646	1.39717480957713	0.206181735123256	0.386653767333832
"hsa-miR-610"	11.8826569870771	3776.03647968952	7.39336027145319	1.39362118300263	0.207205612090618	0.387626108471961
"hsa-miR-499a-5p"	-118.10707122499	-3.57907779835124e+35	-37.3235377652579	-1.38674223588536	0.209200484000635	0.390405769412378
"hsa-miR-548c-3p"	11.5731809733058	3047.01518254169	9.96540231583946	1.37931323818233	0.211374068004782	0.392059521429602
"hsa-miR-549a-3p"	-154.271732098236	-2.75688623260268e+46	-202.378340193806	-1.3787158022675	0.211549736176905	0.392059521429602
"hsa-miR-130b-5p"	14.6306252411964	25366.2958234945	8.21398220934869	1.37833841589589	0.211660768555362	0.392059521429602
"hsa-miR-744-3p"	-23.347959771579	-10676680.0614055	-28.2914735227064	-1.3751560248432	0.212599134619587	0.392059521429602
"hsa-miR-574-3p"	-67.5510796948196	-2.16222670871216e+20	-94.0251769969845	-1.37500941806272	0.212642452300801	0.392059521429602
"hcmv-miR-UL70-3p"	11.6661153309754	3249.75520111399	9.15064063918512	1.36470023472415	0.215708202793018	0.396758253098908
"hsa-miR-302d-5p"	-427.091801108658	-3.69354194920518e+128	-595.127207777442	-1.35798783701201	0.21772533108099	0.399428359738694
"hsa-miR-300"	-301.049094329996	-4.21509687885775e+90	-341.424208593113	-1.3564116115361	0.218201411643433	0.399428359738694
"hsa-miR-24-2-5p"	-18.9416031769453	-503489.852686185	-26.3229599727706	-1.34953560984336	0.220289002975068	0.402279008611566
"hsa-miR-24-1-5p"	-42.9919951741073	-8747422850810.72	-52.629131930864	-1.34783626084694	0.220807643579491	0.402279008611566
"ebv-miR-BART2-5p"	59.5206583789943	826996237602803328	75.2119476644473	1.34540698979547	0.221550926026351	0.402676683085809
"hsa-miR-342-5p"	-36.7756462270767	-117644769802.969	-48.9440558566172	-1.34225198238237	0.222519552675306	0.403481080146477
"hsa-miR-621"	-13.5529654027033	-12018.4681368542	-13.3188510254263	-1.335965795836	0.224460611311986	0.404651821006307
"hcmv-miR-US33-3p"	-6.9528769064997	-123.886648745622	-7.13659695696186	-1.33553911418172	0.224592900837707	0.404651821006307
"hsa-let-7g-3p"	271.945484148279	7.30714817330089e+81	125.540284455156	1.3347332063761	0.224842953636185	0.404651821006307
"hsa-miR-101-5p"	33.379988898602	11178355403.3896	36.4118049211497	1.33334090866259	0.225275524862703	0.404651821006307
"hsa-miR-491-5p"	-90.9426593001416	-2.37940480786165e+27	-114.330356891835	-1.33083489234848	0.22605595826227	0.40510495324103
"hsa-miR-671-5p"	-28.6582315239638	-423630588.827502	-38.0121395333087	-1.3270716230765	0.227232388372003	0.406263967089338
"hsa-miR-767-5p"	9.79682766965362	889.485741915099	4.27902492540564	1.32329473843314	0.228418469796501	0.407434805427712
"hsa-miR-181c-5p"	-67.0453167567986	-1.52282996034352e+20	-80.8244751386152	-1.32086938018547	0.229182978933829	0.407849988033055
"kshv-miR-K12-2"	9.25282524947719	610.067577543133	4.79810454492566	1.31590006341275	0.230756380597711	0.40920455115554
"hsa-miR-652-3p"	-27.376834699677	-174280353.00855	-29.7821421536562	-1.31509813153949	0.231011174250781	0.40920455115554
"kshv-miR-K12-4-3p"	18.1522857683692	291328.187002833	11.1485225904867	1.29782506772522	0.236559185339151	0.417592966771621
"hsa-miR-10b-3p"	12.2022725756661	4712.48586483319	10.2913190512384	1.29451336451978	0.237636040540437	0.417592966771621
"hsa-miR-541-5p"	11.3933642494959	2689.95113399715	3.27907872273719	1.29329391688826	0.238033636074576	0.417592966771621
"hsa-miR-511-5p"	55.1329247474387	39506094446879984	82.3600782752597	1.29259379747985	0.23826216797116	0.417592966771621
"hiv1-miR-H1"	-9.69362567520368	-828.079617506155	-10.1009779778751	-1.29196067355352	0.238468995366324	0.417592966771621
"hsa-miR-599"	-6.89448411927666	-118.972482716075	-7.80887682934774	-1.28901357092332	0.239433800588948	0.418327391917366
"hsa-miR-204-5p"	154.660081817731	3.60847548348024e+46	10.4138724974246	1.27723300782753	0.243324332426226	0.422242199273912
"hsa-miR-134-5p"	-17.4279118270368	-176329.193742776	-20.3339783491488	-1.27665883109357	0.243515344591228	0.422242199273912
"hsa-miR-449a"	9.04421384924601	527.934028557518	5.53561502742631	1.2756849047315	0.243839638430596	0.422242199273912
"hsa-miR-34a-5p"	-287.627138013667	-3.8405737488899e+86	-384.023405359263	-1.27550304593523	0.243900234334743	0.422242199273912
"hsa-let-7e"	-758.768837410171	-2.58332969152756e+228	-1123.44860016079	-1.27392366642543	0.244427035824794	0.422242199273912
"hsa-miR-26a-1-3p"	24.9078278495565	31477723.0168184	10.6903030339914	1.26278682436965	0.248169679619242	0.427744144422379
"hsa-miR-597-5p"	-19.9576253842995	-1018225.29784804	-27.1483060730358	-1.25356210720395	0.251306997643138	0.432180419713648
"hsa-miR-376b-3p"	-22.8580712928652	-7602651.83221481	-30.82838809006	-1.24698106884234	0.253565964277644	0.435089697093855
"hsa-miR-34c-5p"	-12.1704009253764	-4609.52036237368	-9.37912290753947	-1.2435233584032	0.254759794472051	0.436162415982285
"hsa-miR-658"	-780.65793470379	-1.00335518415294e+235	-1041.27428903511	-1.23206305742864	0.258751079399018	0.442009082180505
"hsa-miR-365a-3p"	-109.133022908996	-7.11726953463358e+32	-155.04797029807	-1.2303258933477	0.259360716293475	0.442065931993545
"kshv-miR-K12-10b"	415.673811380975	1.34985039403133e+125	569.8300208331	1.22195523708712	0.262315477772749	0.446110801445008
"hsa-miR-767-3p"	-14.5533074166856	-24042.6352902003	-6.11822337845415	-1.2179756427103	0.263730245881687	0.447524554405429
"hsa-miR-487b-3p"	-192.254759752772	-7.48944256756121e+57	-311.134550376977	-1.21130934353055	0.26611466289562	0.449792162787166
"hsa-miR-501-5p"	12.3896216962193	5365.96413352444	14.2202564194948	1.21096192181693	0.266239428820565	0.449792162787166
"hsa-miR-575"	19.3060640338252	648193.053320679	8.61587583716572	1.20917753888457	0.266881016507635	0.44988514211287
"hsa-miR-891b"	94.3871074838394	2.59030292879954e+28	112.579294763434	1.20382721784155	0.268812611223899	0.451807545958881
"hsa-miR-9-3p"	-1399.83686987858	-Inf	-1860.71377584461	-1.20275936922294	0.269199541725174	0.451807545958881
"hsa-miR-10a-3p"	6.22511767350839	74.8078453655218	1.83261543889318	1.1937985219824	0.27246503110441	0.456289691827691
"hsa-miR-559"	-10.5766374536663	-1527.16206238274	-6.95438997057462	-1.19171393402418	0.273229459103241	0.456572974144197
"ebv-miR-BART3-5p"	96.7399033823976	1.32316101253379e+29	166.601763356378	1.18183696452779	0.276875952317933	0.461660555277944
"hsa-miR-137-3p"	-151.577938315076	-4.26094681851075e+45	-227.934920882487	-1.17612955031324	0.279001636299613	0.463518320524224
"hsa-miR-339-3p"	-27.9517343628933	-259603458.571507	-37.6477718493065	-1.17560207217195	0.279198779768177	0.463518320524224
"hsa-miR-576-5p"	12.3262024631557	5135.19185737602	2.10867117464263	1.16518781448165	0.28311499632639	0.469004756333351
"hsa-miR-302b-3p"	29.5239422702334	771955407.200351	44.4232318785766	1.16159568448635	0.284476382651458	0.470244365288078
"hsa-miR-577"	18.3907557639443	343691.766183118	36.6605814645142	1.15762642658181	0.285987033932754	0.471556084004706
"hsa-miR-196a-5p"	13.5834270888613	12274.9292510698	18.7850233642763	1.15492093382899	0.287020531253827	0.471556084004706
"hsa-miR-448"	16.8659878232847	119445.073304431	23.6982741808885	1.15467578775526	0.287114330156712	0.471556084004706
"hsa-miR-524-3p"	13.9298147340544	15606.0167601578	17.3986738491561	1.1428858183002	0.291655588498224	0.476997234116759
"hsa-miR-571"	7.45841494497402	175.876015702225	8.40883910497086	1.14284591284343	0.291671059714159	0.476997234116759
"hsa-miR-671-3p"	-5.50771658311449	-45.4975382869195	-3.8515470389038	-1.13767327213936	0.293682228852828	0.477868261696507
"hsa-miR-129-1-3p"	-723.864935027036	-8.036339074422e+217	-933.663494278767	-1.13708367593553	0.293912194771469	0.477868261696507
"hsa-miR-936"	-10.0074394783557	-1029.29405119231	-9.63216112152034	-1.13667219578927	0.29407277642862	0.477868261696507
"hsa-miR-626"	15.0932856900169	34956.8045101872	-1.13846494436923	1.13470542458098	0.294841316749081	0.477927924383207
"hsa-miR-544a"	6.65246685031422	100.598630179181	0.987306499222308	1.1319205076737	0.295932390726614	0.477927924383207
"hsa-miR-593-5p&hsa-miR-593-3p"	8.48993100243806	359.520693533225	13.6708160364478	1.13180215654658	0.295978831919196	0.477927924383207
"hsa-miR-409-3p"	-49.2400834069364	-664878201423030	-24.8374429333346	-1.12890680483657	0.297116844412389	0.478757604336769
"sv40-miR-S1-5p"	-206.745402760459	-1.72412082089485e+62	-280.283179473006	-1.12247175571889	0.299659024530583	0.481687341810585
"hsa-miR-450b-5p"	11.9430596237612	3937.48748796583	7.43087111607628	1.12113066697199	0.300191068299165	0.481687341810585
"hsa-miR-194-5p"	6.95417621280634	123.998272619953	7.59970983528717	1.11657026287208	0.302006097560135	0.4833445950603
"hsa-miR-877-3p"	26.2348580138028	78973101.4642526	34.8139367688328	1.11537265269782	0.302484231589236	0.4833445950603
"hsa-miR-653-5p"	16.5064568014199	93097.6287428094	16.1269039014892	1.11301956315905	0.303425484746045	0.483840637838288
"kshv-miR-K12-9-3p"	7.25893294026699	153.16394772088	8.58490062785955	1.11017618093546	0.304566054481155	0.484651792089306
"hsa-miR-132-5p"	-63.4883533050382	-12938940630236876800	-99.1743474787062	-1.10608368350061	0.306213831708657	0.486265028820993
"hsa-miR-143-5p"	-8.90015594355706	-477.764531321681	-7.03839414776405	-1.1038230065467	0.307127171567499	0.48670772849643
"hsa-miR-20b-3p"	-7.41047110410748	-170.127329275818	-15.6692848751346	-1.09992253794551	0.308708226705769	0.487643629793783
"hsa-miR-877-5p"	-23.1171274224153	-9098059.3953956	-29.2014926022755	-1.09923079790327	0.308989314315226	0.487643629793783
"hsa-miR-200b-5p"	-41.5350251859744	-3186313118669.18	-61.7893212287001	-1.09390557418624	0.311160189044412	0.49006132442929
"hsa-miR-208b-3p"	-22.9118623293917	-7891468.3249584	-28.7097028523186	-1.08068351827453	0.316603825716128	0.497612980172685
"hsa-miR-337-3p"	-14.1453908145994	-18121.1992477597	-28.2115493125694	-1.07747177960746	0.31793768663215	0.498687537110141
"hsa-miR-518d-3p"	11.4373198602763	2773.16907135076	4.91124771925248	1.07385619896466	0.319444687348475	0.500028724890368
"hsa-miR-654-5p"	-7.58276591889572	-191.707891967788	-15.3109479051656	-1.06942082752367	0.321301236535012	0.500972245877994
"hsa-miR-106b-3p"	-6.4451026975353	-87.1303055630666	0.502703208674147	-1.06929561277438	0.321353774409352	0.500972245877994
"hsa-miR-193b-5p"	-23.0371384288716	-8607354.32744369	-30.8962781707861	-1.03259040078552	0.337053781444391	0.522633660503233
"hsa-miR-890"	-9.1976753808013	-587.18665932441	-13.1979131679549	-1.03151112502527	0.337524486855714	0.522633660503233
"hsa-miR-492"	-10.8911299741039	-1899.13924709566	-14.6469923508992	-1.03084813736325	0.337813894045373	0.522633660503233
"hsa-miR-432-5p"	-78.3642955341049	-3.89048320511033e+23	-112.735351748538	-1.03048084294835	0.337974309790878	0.522633660503233
"hsa-miR-625-3p"	-70.5550984491698	-1.73460654297253e+21	-80.6242611411438	-1.0260262965222	0.339924630264993	0.524591934433098
"hsa-miR-875-3p"	6.10076084489723	68.6296858119259	7.4887110430931	1.02372191850361	0.340937031084428	0.525097796870997
"hsa-miR-221-5p"	26.782133707419	115405257.355858	2.10559511619462	1.01331980218901	0.345536676174629	0.531115492236353
"hsa-miR-891a-5p"	-33.6019324226329	-13037357407.5632	-64.5083005352904	-0.992833230777225	0.354737660789676	0.541507178551507
"hsa-miR-369-3p"	-28.2792112553441	-325754813.360423	-36.137938615909	-0.98822528674325	0.356833251756832	0.541507178551507
"hsa-miR-425-3p"	6.00851659726098	64.3789256914327	6.24147416155035	0.987799647630067	0.357027306840879	0.541507178551507
"hsa-miR-93-3p"	-5.53564159399725	-46.3867734421201	-2.26488152536766	-0.985505967722771	0.358074438340267	0.541507178551507
"hsa-miR-223-5p"	22.3213213415007	5240675.46871973	36.757105324138	0.985202838291012	0.358213003638501	0.541507178551507
"hsa-miR-199b-5p"	50.2119586905269	1304084421496754	61.3984612185457	0.9849112713657	0.358346322727932	0.541507178551507
"hsa-miR-126-3p"	-725.835785790811	-3.15023860538736e+218	-998.256548406672	-0.984181225140133	0.358680305264762	0.541507178551507
"hsa-miR-525-3p"	-10.7883287911419	-1768.52241745023	1.37660237361103	-0.984148869179181	0.35869511309113	0.541507178551507
"hsa-miR-548b-5p"	-6.31944831000182	-79.8626096387981	-3.16470292584485	-0.983398607784765	0.359038605793968	0.541507178551507
"hsa-miR-30e-3p"	-38.4285052368924	-369941254399.203	-74.5694095175776	-0.980785016981449	0.360237176452011	0.541507178551507
"hsa-miR-616-5p"	37.2914104491393	168202763117.997	62.0336129072673	0.980217403144123	0.360497887897244	0.541507178551507
"hsa-miR-545-5p"	7.8229011614445	226.426838486392	8.45340509681631	0.979626502594491	0.360769450117106	0.541507178551507
"hsa-miR-943"	-82.0882228110173	-5.14064196085407e+24	-89.9090415128193	-0.973702420397685	0.36350074010304	0.544541147771547
"hsa-miR-662"	9.4474746906502	698.18942274439	7.19756068520564	0.966758975200725	0.366722254718492	0.548296236586908
"hsa-miR-628-3p"	-568.380320068382	-1.25755006984901e+171	-767.324429471387	-0.962120183675212	0.368886681625287	0.550459308962247
"hsa-miR-892b"	17.7708156636215	223639.525514516	1.75646309143118	0.955725770057927	0.371886294821697	0.553105548098832
"hsa-let-7i-3p"	-27.0741615944339	-141297587.683609	-36.3426531376042	-0.955266829482942	0.372102298329853	0.553105548098832
"hsa-miR-485-5p"	10.2795652746911	1242.96096546996	2.07702485167035	0.947178277482539	0.375924958444933	0.557706853244223
"hsa-miR-614"	-8.59072109073669	-385.535818475711	2.69752476177536	-0.944746318030943	0.377080129432295	0.558340654970213
"hsa-let-7e-3p"	6.02385848460883	65.0671962716569	7.33496036091991	0.942811609337641	0.378001032507487	0.558625803339581
"hsa-miR-20a-3p"	-7.56520904137392	-189.389040993454	-7.04521026697182	-0.940352356747067	0.379174075512683	0.559281761381208
"hsa-miR-548c-5p"	-8.13896736006981	-281.885871577293	-3.26918098304627	-0.936385210240005	0.381072182185609	0.561002617536203
"hsa-miR-517-5p"	6.92789185910903	121.759612225731	2.27356196390904	0.932141443884386	0.383110585171097	0.562923024571324
"hsa-miR-588"	25.7651762441769	57028361.3890263	50.3087217111824	0.924439776239884	0.386830909736119	0.567302691716259
"hsa-miR-619-3p"	6.33800593510428	80.8965311005989	16.7605461106515	0.907933889210397	0.394895412313826	0.577264641119021
"hsa-miR-106a-3p"	6.86470094882087	116.541578702023	6.71909363632923	0.907459582246736	0.395128991639487	0.577264641119021
"hsa-miR-554"	-19.9061887663267	-982561.895861356	-28.7476523266825	-0.90403689301717	0.396817594584361	0.577867242131122
"hsa-miR-542-5p"	-7.87127840800224	-234.148243947047	-4.73930008110711	-0.903570134666351	0.397048287618124	0.577867242131122
"hsa-miR-451a"	-1213.4981908498	-Inf	-1785.74656962754	-0.89939597114441	0.399115778482951	0.579073655565688
"hsa-miR-20b-5p"	-29.5725225806835	-798392308.159301	-54.8852113005858	-0.898573165808023	0.399524259937063	0.579073655565688
"hsa-miR-30b-3p"	-269.735511401381	-1.57935524701322e+81	-392.989366324933	-0.897329710047224	0.400142160951518	0.579073655565688
"hsa-miR-526b-3p"	-5.2785784240063	-38.8159696925912	-4.54194579014703	-0.88763054253002	0.404986178780572	0.584980036016382
"hsa-miR-518e-3p"	5.92741319697365	60.8596105597656	3.57306101720974	0.885587161570922	0.406012187475237	0.585359676303584
"hsa-miR-615-5p"	12.6703533500997	6518.63124621505	0.418754273514669	0.875278445181564	0.411217473093336	0.591751973475776
"hsa-miR-766-3p"	-45.961652208964	-68522936359774.8	-70.9760676396237	-0.865004067969202	0.416453818707871	0.598164941851941
"hsa-miR-509-5p"	-68.9453429122124	-5.68350541247386e+20	-123.67327383052	-0.862973993241961	0.417494164131263	0.598538362408745
"hsa-miR-181d-5p"	-13.6868237188144	-13186.9538021894	-21.256539451154	-0.847941374789008	0.425256552718629	0.608529432714904
"hsa-miR-190a-5p"	109.815319814993	1.14210293539855e+33	28.3587649462647	0.844614134198454	0.426988607436073	0.60987013389845
"hsa-miR-604"	15.3844748506435	42774.8403793338	3.82473497406166	0.842497075127921	0.428093314754512	0.610311472893515
"hsa-miR-144-5p"	35.4117732289814	45709444307.207	-0.82884548033095	0.830066801300064	0.434620889905504	0.618467945375735
"hsa-miR-586"	-6.0326018943416	-65.4627314036601	-5.22494855519192	-0.827688664373083	0.435877773231632	0.619107874201226
"hsa-miR-150-5p"	-14.6937823188029	-26501.4250510508	-30.1896415214295	-0.825700828293101	0.436930356391961	0.619455791779361
"hsa-miR-503-5p"	-713.956826324201	-8.36412149512624e+214	-1156.89027683652	-0.813927158065637	0.443201595506415	0.627187497700038
"hsa-miR-612"	62.873168596307	8447139568924379136	137.094566986999	0.809251724728719	0.445709480291748	0.629574901259247
"hsa-miR-363-3p"	-36.8498154567578	-123851076895.815	-70.7148154090375	-0.807368712536442	0.446722331162021	0.629845639708217
"kshv-miR-K12-7-3p"	13.5724349549145	12181.7599065462	31.533907935608	0.80217073668289	0.449526633221539	0.631657632487282
"hsa-miR-100-3p"	5.29460341003023	39.249528281306	8.46828324031007	0.801172608521338	0.4500665278946	0.631657632487282
"hsa-miR-520d-3p"	14.9224627927548	31053.3822882838	29.7654614279832	0.800412224143523	0.45047812903591	0.631657632487282
"hsa-miR-145-3p"	-5.2083609133065	-36.9719930860331	-3.21236685889368	-0.796635799415953	0.452526223950147	0.632621393606685
"ebv-miR-BART2-3p"	-248.950667221508	-8.74215040831981e+74	-484.61625429549	-0.796104195678362	0.45281505226867	0.632621393606685
"hsa-miR-496"	4.62464493505736	24.6693010418122	5.41230972426422	0.794309870250151	0.453790883408639	0.632621588860585
"hsa-miR-217-5p"	-15.0066870534668	-32920.23590112	-28.1641820971126	-0.79154803769708	0.455295741002346	0.632621588860585
"hsa-miR-564"	-8.31806105195515	-319.143410956524	-14.0333716196467	-0.791479670103859	0.455333036776009	0.632621588860585
"hsa-miR-657"	-7.03457222470129	-131.104393657727	-12.4882934018236	-0.787892874641456	0.457292671103156	0.632621588860585
"hsa-miR-92a-2-5p"	4.60067807542207	24.2628660789437	4.82370512635296	0.786461991823823	0.458076056210256	0.632621588860585
"hsa-miR-769-3p"	4.47232358266408	22.1974736282983	7.27730991079576	0.785556018820398	0.458572541211028	0.632621588860585
"hsa-miR-454-5p"	13.6966860062268	13277.4088626819	7.59211805542475	0.78552637639709	0.458588791925013	0.632621588860585
"hsa-miR-611"	20.8153838165458	1845248.66603143	37.1055485830189	0.782478345124406	0.460261922047234	0.63378975621226
"hsa-miR-885-3p"	8.46881438534117	354.296741168303	5.07979554321982	0.773894456725385	0.464996384389106	0.63777556584979
"hsa-miR-379-3p"	-33.0726931324607	-9033845737.73207	-54.6300508433545	-0.773643730578495	0.465135173384788	0.63777556584979
"hsa-miR-135b-3p"	8.28653557608967	312.245198309674	3.61388220375589	0.772712324869313	0.465650999838177	0.63777556584979
"ebv-miR-BART20-3p"	-9.57236162100126	-761.32129430423	-12.849030779167	-0.769858425631385	0.467233969729744	0.638802949701807
"hsa-miR-376a-5p"	-61.0668606443939	-2415220548622130176	-93.3176339521009	-0.765186342568051	0.469833358266195	0.641213853719167
"hsa-miR-552-3p"	-4.88920005215834	-29.6343817049895	-2.66472783889877	-0.752142827466005	0.477142324545917	0.650032260971081
"kshv-miR-K12-9-5p"	-12.6600273162366	-6472.14097025754	-18.1763631817063	-0.749230952831671	0.478784433161528	0.6511128727569
"hsa-miR-373-5p"	-8.5239793249502	-368.106477091402	-2.83290511294774	-0.745493399140068	0.480897739834515	0.652799906827333
"hsa-miR-146b-5p"	-108.317888640278	-4.04513991450058e+32	-191.709277431038	-0.744029481341502	0.481727180266324	0.652799906827333
"hsa-miR-583"	-178.923139927802	-7.26494007984649e+53	-363.676085273832	-0.740606594566	0.48367029259745	0.654277097746462
"hsa-miR-638"	-51.3018361684072	-2775821398251180	-66.3493153624813	-0.732145968926625	0.488495688287125	0.658938279978272
"hsa-miR-222-5p"	-9.23642269704472	-603.170766151551	-10.4376215960223	-0.731554417069544	0.488834265068627	0.658938279978272
"hcmv-miR-UL22A-3p"	12.3137434595017	5091.03567372802	18.7543789586602	0.722670243597119	0.493937875910538	0.664649738286636
"ebv-miR-BART20-5p"	-5.55833653457116	-47.1222504200277	-10.186986817547	-0.719159035906871	0.495964590374915	0.66566505245717
"hsa-miR-323a-5p"	9.33048530530173	643.807380411757	8.76447953815258	0.718357220944908	0.496428174713822	0.66566505245717
"hsa-miR-661"	9.56508437048192	757.490702376327	12.5780745212175	0.697787235404901	0.5084181639157	0.680552760424681
"hsa-miR-183-5p"	-19.217931195032	-609780.79800229	-46.3653641551442	-0.69608643199659	0.50941787482051	0.680702979072005
"hsa-miR-324-3p"	15.0499442573737	33922.2503164889	36.4620705329387	0.693668959499094	0.510841016535677	0.681417495100634
"hsa-miR-516b-5p"	-20.8193243197825	-1850295.57288604	-43.1807420263121	-0.691971805908155	0.511841642551665	0.681566909439456
"hsa-miR-7-2-3p"	-7.20708494188757	-147.757232722616	-28.6322208826952	-0.687766652636389	0.514326387943539	0.683688630073994
"hsa-miR-1180-3p"	6.44763273481992	87.2832390123126	7.78239917302256	0.685144709313916	0.515879552029583	0.683946503825415
"hsa-miR-524-5p"	-16.0802507071588	-69284.7733574526	-28.3947712050443	-0.6824604343009	0.51747274358212	0.683946503825415
"ebv-miR-BART18-3p"	10.7027380728516	1666.65302792338	-6.20588528145488	0.68073750099693	0.518497004880156	0.683946503825415
"hsa-miR-573"	8.82103156559616	452.267201677524	17.4951418679369	0.679399492289327	0.519293324001982	0.683946503825415
"hsa-let-7f-5p"	-69.3905811588855	-7.73831394893216e+20	-131.173607510922	-0.678951525710823	0.519560106231898	0.683946503825415
"hcmv-miR-US5-2-3p"	8.30890523257672	317.124434750842	4.34798273787444	0.678430210607685	0.519870680221926	0.683946503825415
"hsa-miR-500a-3p&hsa-miR-500a-5p"	-5.83748475001531	-57.1818245937711	-7.72607747779846	-0.667612981288179	0.526341634449069	0.691274030175404
"hsa-miR-562"	14.5706617906538	24333.593886858	25.3270815729778	0.666022839689473	0.527297134866095	0.691345132379992
"hsa-miR-624-5p&hsa-miR-624-3p"	-13.430602359708	-11041.1464423276	-23.0222535663215	-0.659679826528566	0.531119426096993	0.693043911578029
"hsa-miR-660-5p"	-14.4661670485712	-22633.4211134385	-17.6837816555197	-0.659476826037939	0.531242039631977	0.693043911578029
"hsa-miR-452-5p"	3.15287649308562	8.89427180254754	1.56843480660114	0.659375005876983	0.5313035462945	0.693043911578029
"hsa-miR-593-5p"	3.51935968371588	11.4665516156728	0.423099014014659	0.656802360531674	0.532859084595626	0.693892899634712
"hsa-miR-940"	4.00294273410476	16.0326692727781	4.5061455706906	0.649967380934571	0.537005594183966	0.698107272439155
"hsa-miR-374b-3p"	-38.1795262041354	-311302499474.175	-71.3776532516848	-0.642571203349119	0.541515019414941	0.702667855204323
"hsa-miR-922"	11.721326829975	3376.53273736536	-15.7180629048801	0.641212436396424	0.542345984720938	0.702667855204323
"hcmv-miR-US25-2-5p"	25.4443451640009	45657393.4616809	52.3893558503935	0.638725929220634	0.543868656928321	0.703452377510998
"hsa-miR-647"	8.82350945063514	453.044655710427	-17.0025375493119	0.63585808931021	0.545628099150817	0.704539986613934
"hsa-miR-96-3p"	3.63761632071485	12.4460524041839	3.43249890356096	0.63127071254175	0.548449716236708	0.705522736640427
"hsa-miR-375-3p"	6.2229267287349	74.6943248617946	12.3875373663823	0.630971576727398	0.548634017822177	0.705522736640427
"hsa-miR-630"	-29.8492963697055	-967238459.629831	-54.8777167684961	-0.630136487086585	0.549148727215561	0.705522736640427
"hsa-miR-216b-5p"	6.1242359698093	69.7555435914665	2.77570255830464	0.62490580099684	0.552379343835648	0.707535083863603
"hsa-miR-139-3p"	-8.12913394496304	-279.971069423994	-13.3216328106585	-0.624613858990078	0.552559993786569	0.707535083863603
"hsa-miR-450b-3p"	21.8530682833742	3788166.42533235	-0.835409718565374	0.614123724689612	0.559074803435041	0.714683957057794
"hcmv-miR-UL112-3p"	-3.43133669186893	-10.7878591985682	2.47921563031862	-0.611884385396763	0.560471466702801	0.715277229552494
"hsa-miR-18b-3p"	3.27341706811223	9.66933764793015	-0.0539186746468074	0.609751588623823	0.561803615704651	0.715786334294796
"hsa-miR-95-3p"	99.8978272664148	1.18097990751472e+30	-41.1577025049871	0.602675657523142	0.566236740666919	0.720238109604522
"hsa-miR-708-5p"	-93.8718698152721	-1.81237708905623e+28	-203.277229909654	-0.598287186925915	0.568996523991315	0.721635333172878
"hsa-miR-32-3p"	-461.095083476846	-6.35991014336146e+138	-769.733228356772	-0.59761074528677	0.569422622731676	0.721635333172878
"hsa-miR-595"	27.4022972307038	177383580.347727	58.7049766781521	0.596444377044834	0.570157773015338	0.721635333172878
"hsa-miR-191-3p"	8.3129894172846	318.023467305489	19.6720542795597	0.584186456092693	0.577917433314528	0.729163260286588
"hsa-miR-624-5p"	3.39433474976667	10.514692467274	6.36565547774092	0.584045748345795	0.578006860826917	0.729163260286588
"hsa-miR-33a-3p"	-8.71231244787691	-419.437618065272	-10.2962182355799	-0.580390398185333	0.580332846549313	0.730178755979107
"hsv1-miR-H1-5p"	-11.6314606517451	-3172.62359337109	-24.7298977348804	-0.579789343155691	0.580715829396682	0.730178755979107
"hsa-miR-27b-5p"	4.21082953343459	18.5176553256901	4.77696257776283	0.577638818429975	0.582087304242243	0.730705339367922
"hsa-miR-34b-5p"	4.75191874833402	26.9444969758251	8.65004703196167	0.570812416120102	0.586453101502815	0.734506609838058
"hsa-miR-574-5p"	-90.7079794730083	-2.02219330145482e+27	-200.076086732168	-0.569911451022677	0.587030706428592	0.734506609838058
"hcmv-miR-UL36-3p"	6.21526127024202	74.2985046672132	9.81651920225736	0.563428772501059	0.591196281137306	0.738513921225267
"ebv-miR-BHRF1-2-3p"	-156.601701458877	-1.38614770782319e+47	-12.7533398365878	-0.560929376855403	0.592806785534837	0.739321633341821
"ebv-miR-BART1-3p"	7.31485900180911	159.217930095672	14.7012524261621	0.551449071375172	0.59893795387548	0.744814743687081
"hsa-miR-935"	2.942181747755	7.68572708273807	1.89910827099183	0.55073046651256	0.599404138177015	0.744814743687081
"hsa-miR-27a-5p"	6.30515692414812	79.0753934599579	11.4796133246281	0.546568967718235	0.602107828241826	0.744814743687081
"hsa-miR-567"	4.63131160409153	24.7835612526347	3.14070463277465	0.546006252388875	0.602473939424967	0.744814743687081
"hsa-miR-495-3p"	-45.5999651575879	-53328247715528.5	-109.483608053613	-0.54554928780744	0.602771338508931	0.744814743687081
"ebv-miR-BART7-3p"	4.30626835841802	19.7840839071457	1.49252773524125	0.544713767562504	0.603315317679705	0.744814743687081
"hsa-miR-146a-5p"	-5.86126649419506	-58.1322359116366	-10.0597925785748	-0.543649182742041	0.604008827344673	0.744814743687081
"hsa-miR-432-3p"	5.37096089925909	41.3828442238379	4.8679439684809	0.54150897823407	0.605404370015302	0.745337322314185
"hsa-miR-182-5p"	-9.58899778275611	-770.151137083028	-18.4172358176521	-0.536283760956273	0.608818994167824	0.748170795710739
"hsa-miR-628-5p"	37.9054118280144	257434031673.238	-10.4829901015651	0.534064565379387	0.610272408810619	0.748170795710739
"hsa-miR-518f-3p"	2.97959456395	7.88764468447135	5.71020621179984	0.533040446110582	0.610943773905383	0.748170795710739
"hsa-miR-411-3p"	-27.9735732622731	-263563118.703315	-60.1733070648389	-0.532028313172378	0.611607677849587	0.748170795710739
"hsa-miR-622"	7.28684736468414	156.156343296673	-0.723387967780942	0.518313552242907	0.620642437671997	0.757573272059456
"hsa-miR-153-3p"	140.335223840362	1.75837631060603e+42	-40.7442370029381	0.517365915093136	0.621269345665447	0.757573272059456
"hsa-miR-493-5p"	5.47037515924875	44.3350303875058	16.4795186157675	0.509990937196897	0.626159814820199	0.762324726931893
"hsa-miR-506-3p"	-6.8330493876627	-114.01259419477	-15.5103219552723	-0.502700209293889	0.631014429884503	0.767017539970544
"hsa-miR-553"	-7.13577977621453	-140.631871108326	-14.9008905537427	-0.492244724697391	0.638010695068441	0.773617675892678
"hsa-miR-105-3p"	3.87432642733588	14.6652161233247	8.8211555500134	0.491573040769962	0.638461523911428	0.773617675892678
"hsa-miR-296-3p"	-5.24096271280714	-37.8169920897233	-6.95630880730075	-0.488503790578717	0.640523675833507	0.774892207199211
"hsa-miR-138-2-3p"	5.67732744806476	51.1735866783112	2.38028801221449	0.480938601785894	0.64562114592445	0.779829006179611
"hsa-miR-323a-3p"	-32.4256647728228	-5768962633.40184	-82.8572941107166	-0.477074582632885	0.648232711869838	0.780753765911931
"ebv-miR-BART10-3p"	-7.75338248691619	-215.774786922961	-18.0148350415395	-0.476793908518054	0.648422619147197	0.780753765911931
"hsa-miR-518b"	-28.7095023137385	-438956371.278458	-40.888021088352	-0.467232311609185	0.654908875659032	0.787327754906705
"hsa-miR-561-3p"	3.86253627059917	14.545855763219	2.61470227929692	0.462043258940331	0.658442490968321	0.790337074448674
"hsa-miR-650"	-6.75470828174042	-107.986584411159	-9.37460772920433	-0.457544877050901	0.66151341264821	0.792782480470589
"ebv-miR-BART3-3p"	-4.36408650203816	-20.5930626519142	-9.45933096481746	-0.455510758859777	0.662904363738782	0.793123666118251
"hsa-miR-29b-2-5p"	-10.6242606983636	-1578.41482739533	-23.357187705251	-0.454105366983136	0.663866223791287	0.793123666118251
"hsa-miR-155-5p"	-11.6879785198097	-3299.37837154538	11.0475808375802	-0.441169977216197	0.672751198606227	0.799513747747633
"ebv-miR-BHRF1-2-5p"	-3.66708489667139	-12.702890385783	-3.5780776664824	-0.440881163737237	0.672950228628099	0.799513747747633
"hsa-miR-340-3p"	11.3587303804165	2626.14412687982	-13.3844923257348	0.440532060687151	0.673190843721671	0.799513747747633
"hsa-miR-139-5p"	-28.6417108417156	-418807152.908659	-75.2768016058334	-0.440251190202377	0.673384460293313	0.799513747747633
"hsa-miR-584-5p"	-89.8309583801137	-1.10106513663948e+27	89.7613786925497	-0.436134592667956	0.676225271587902	0.801645723814407
"hsa-miR-518a-3p"	9.92872331063735	974.638437928116	-2.60096518530733	0.433233105368511	0.678230975282349	0.802626035296235
"hsa-miR-34a-3p"	-6.12535469087537	-69.8096556928738	-14.8865970129829	-0.431912056866941	0.679145106789122	0.802626035296235
"ebv-miR-BHRF1-3"	4.50557863500982	22.7150824200918	-1.71032920787718	0.428848541702097	0.681267219332704	0.803895318812591
"hsa-miR-545-3p"	3.8151089460852	14.0754480915449	0.179717258352235	0.41602107866994	0.690186509876086	0.811003713333907
"hsa-miR-126-5p"	44.8990606665464	32806812594598.1	-29.9699620796853	0.414797188184972	0.691040324528676	0.811003713333907
"hsa-miR-487a-3p"	-24.3704839089676	-21689356.4147442	-67.4096556914504	-0.413100465637794	0.692224799872414	0.811003713333907
"hsa-miR-585-3p"	-4.21869715180901	-18.6189156877503	-1.68669632237052	-0.413070204276603	0.692245933652253	0.811003713333907
"hsa-miR-133a-3p"	23.6483999816952	13148546.4198774	11.2376699113376	0.412594577272996	0.692578138505488	0.811003713333907
"hsa-miR-224-5p"	7.05688818051087	133.148113755599	19.5143147425806	0.408985804735597	0.695101081646612	0.812717270766695
"ebv-miR-BART6-5p"	2.21075601563707	4.62917792873522	2.04797903487393	0.40059826218164	0.700980995726618	0.818344632758472
"hsa-miR-623"	-7.22385694661017	-149.48500328306	2.5278035964114	-0.396179569485132	0.70408757114077	0.819728405151454
"hsa-miR-606"	2.12739137632138	4.36926732315097	1.13509537979002	0.395872327982944	0.704303805729867	0.819728405151454
"hsa-miR-200a-3p"	7.1041921026856	137.586213257894	-3.99397630233341	0.393051372256915	0.706290552064556	0.820795232475022
"kshv-miR-K12-3-3p"	4.71996948782701	26.3543551671658	2.88460866628713	0.382339037479369	0.713857445295221	0.828333828353153
"hsa-miR-196b-5p"	13.8503090234196	14769.2507951233	38.2391380958414	0.378820441602031	0.716350529489824	0.829971081750295
"hsa-miR-641"	2.70789385561444	6.53367120495128	0.492401371396002	0.372431919595718	0.720886613908755	0.833966867070912
"hsa-miR-424-3p"	3.20291618322462	9.20818094406419	-2.69660778892276	0.363755051384568	0.727066927048678	0.839001416923725
"hsa-miR-616-5p&hsa-miR-616-3p"	3.74385897770792	13.3971941710602	-2.15291699642789	0.363251516580508	0.727426261087714	0.839001416923725
"hsa-miR-30c-2-3p"	-97.1562275952554	-1.7657888563874e+29	-310.061923648177	-0.36167080243409	0.7285547751882	0.839041310164188
"hsa-miR-154-3p"	-16.8777477617524	-120422.693132158	-44.0654743963559	-0.358618698851411	0.730735805966316	0.839896097183513
"hsa-miR-92a-3p"	-2.54432690810424	-5.83335917805498	-3.92899075686044	-0.35756824355572	0.731487083335837	0.839896097183513
"hsa-miR-521"	-6.73304559799755	-106.377232402794	-19.2553032224094	-0.34888231379816	0.737711295682734	0.845776627486782
"hsa-miR-655-3p"	-4.82685550598903	-28.381039102054	-6.75786018017201	-0.346084340662657	0.739720837059534	0.846814749290541
"ebv-miR-BART16"	-16.3666155019745	-84497.1758169693	-43.0026321804332	-0.33532788217801	0.747466569249187	0.854406644730441
"hsa-miR-576-3p"	-60.9939766892524	-2296236089025056256	-232.251714537299	-0.328445676057875	0.7524390720174	0.858188358577505
"hsa-miR-504-5p"	-9.61640917184582	-784.924005311459	-29.1385453256683	-0.327652836082962	0.753012731841801	0.858188358577505
"hsa-miR-649"	4.20550109284207	18.4493884822778	-0.455021741293357	0.321701853630202	0.757323916314488	0.861821133254024
"hsa-miR-125b-1-3p"	-5.36881641409115	-41.3213766450022	-5.44891734509687	-0.315236936573124	0.762017992809582	0.865878222940666
"hsa-miR-384"	2.24362257434829	4.73584733308893	8.74888793145917	0.310907510338288	0.765167586330992	0.868170915260164
"hsa-miR-379-5p"	-47.6738153397647	-224516583570452	-111.575494731171	-0.306589440629621	0.76831369678757	0.870452888384145
"hsa-miR-325"	-3.14117837627049	-8.82244405300355	4.90110160420755	-0.303624842753615	0.770476411923253	0.871615645936777
"hsa-miR-889-3p"	-7.65727459890417	-201.868864108034	-24.1145038129417	-0.301209927426413	0.772239755639042	0.871839272260421
"hsa-miR-646"	1.58752805509506	3.00533966671812	5.02277208225092	0.298583118541617	0.774159470200936	0.871839272260421
"hsa-miR-19b-2-5p"	5.16894248732493	35.9754913784109	17.3401447117692	0.297799383976718	0.774732567000824	0.871839272260421
"hsa-miR-199a-5p"	-2.39976869695645	-5.27718549966695	-3.87030751804738	-0.297131814032087	0.775220839219827	0.871839272260421
"hsa-miR-449b-5p"	3.71221472226161	13.1065377207411	2.64043560240358	0.291511224614569	0.779336162902177	0.875184241502152
"hsa-miR-551a"	2.50773948580628	5.6872825703965	-5.85025605954366	0.285480364436935	0.78376037981128	0.878773271975742
"hsa-miR-589-3p"	-1.90063585107428	-3.73377722247883	0.219014748352836	-0.284032817174481	0.784823587096979	0.878773271975742
"hsa-miR-218-1-3p"	1.48806285200047	2.80512070563325	-0.344699888713433	0.27760928936542	0.789547544169665	0.882327963902202
"hsa-miR-512-5p"	7.75912405436183	216.635227943868	11.4995292497229	0.276588719630011	0.790298971578635	0.882327963902202
"hsa-miR-155-3p"	4.61994479746234	24.5890620194428	-8.70542457173886	0.269777637290565	0.7953199729924	0.886643051286586
"hsa-miR-148b-5p"	-3.91168709314261	-15.0499531742499	-14.0843966083064	-0.258186591043197	0.803888636899829	0.893205150268785
"hsa-miR-542-3p"	-1.59054796210424	-3.01163715278466	0.610629271309634	-0.257849738239433	0.804138096772349	0.893205150268785
"hsa-miR-663a"	-1.40680241763637	-2.65148836469869	-3.61232308034882	-0.257091354322062	0.804699815952713	0.893205150268785
"ebv-miR-BART9-5p"	1.43116291901852	2.69663996936017	-1.3820058500676	0.251736022520073	0.80866992052834	0.896314781857279
"hsa-miR-499a-3p"	2.9297857435856	7.61997224886797	-2.22972775927166	0.240559427887379	0.816975008188822	0.904213320751554
"hsa-miR-378a-5p"	2.2145719180967	4.64143822816406	-1.32874641552197	0.23735243571741	0.819362798107035	0.905549374853164
"hsa-miR-422a"	21.1629088320412	2347850.03672926	-59.2728948980622	0.231970972482595	0.823374240586514	0.907697909240247
"ebv-miR-BART11-3p"	-2.3332828707854	-5.0395079247254	-5.48472351043942	-0.231569518236126	0.823673722074591	0.907697909240247
"hsa-miR-367-5p"	2.20394704127756	4.60738143766392	9.68161862767474	0.229288435208606	0.825375990720361	0.90826884488166
"kshv-miR-K12-1-5p"	2.06065087738448	4.17174471745213	-2.55291608374918	0.227380239348426	0.826800769532608	0.908394748131633
"hsa-miR-346"	-1.79850505859664	-3.47859581384534	-2.60233210068556	-0.225963436528866	0.827859099014356	0.908394748131633
"hsa-miR-7-1-3p"	3.16710217819474	8.98240752883091	-2.47793393044132	0.215661173708027	0.835566186620324	0.91397860714374
"hsa-miR-200c-5p"	1.84707485541123	3.59769991334853	-3.24945440173188	0.214268245744551	0.836609749213047	0.91397860714374
"ebv-miR-BART7-5p"	2.16759996677135	4.49275368010019	-11.0613342716779	0.213874689112067	0.836904660849853	0.91397860714374
"hsa-miR-374a-3p"	-3.38459237358614	-10.4439269994006	-9.26416166825597	-0.212794266241818	0.837714420889243	0.91397860714374
"hcmv-miR-UL22A-5p"	1.74599529126689	3.35426178995501	-1.00164841053412	0.209885828577786	0.839895300653789	0.915056385797523
"hsa-miR-26a-2-3p"	20.0344586790345	1073922.66765989	99.0261863459447	0.204723273384937	0.843770145676475	0.917105032298105
"hsa-miR-377-5p"	1.41433693895547	2.66537207057992	-7.45623082885598	0.204194776991888	0.844167083184436	0.917105032298105
"hsa-miR-758-3p"	-3.94422390127246	-15.393228064935	-17.2871445801469	-0.202500204146518	0.845440153813133	0.917188964603497
"hsa-miR-454-3p"	2.09120083205519	4.26102593340222	-1.69819564799857	0.198594328982011	0.848376385632989	0.919074417769072
"hsa-miR-214-5p"	4.08779668356885	17.0039342868341	11.3067342457109	0.196906413257328	0.849646078812722	0.919151681874976
"hsa-miR-518f-5p"	-1.05479379268147	-2.07742125535448	-1.86351915340353	-0.194363399083691	0.851559906362999	0.91955019527599
"hsa-miR-765"	-84.9247202659257	-3.67187741070727e+25	-475.77120851638	-0.193231314707247	0.852412240992475	0.91955019527599
"hsa-miR-337-5p"	-4.06978339366546	-16.7929454546785	-18.4597094296932	-0.191368137499744	0.853815470361831	0.91977031708922
"hsa-miR-505-5p"	9.14307522948333	565.379290740918	-31.6692767376649	0.186084389891289	0.857797948089555	0.922764412601247
"hsa-let-7f-1-3p"	-1.40048426240542	-2.63990179579778	-9.086181742771	-0.159163133591617	0.878155937065017	0.943341181693093
"hsa-miR-627-5p"	1.9684542162279	3.91348581662881	-1.84990522698878	0.156986377712857	0.879806594110051	0.943792528227146
"hsa-miR-556-5p"	4.97999267391014	31.5592862834776	-16.0571731088411	0.151236339156414	0.884169987166533	0.94662340307441
"hsa-miR-639"	1.06085130065707	2.0861621541386	-0.00367322402326309	0.150256561607984	0.884913924386378	0.94662340307441
"hsa-miR-216a-5p"	3.15724898868816	8.92126930142894	-13.1446028769227	0.141272909855091	0.89174087512492	0.952255761304389
"hsa-miR-302b-5p"	-1.26726293501408	-2.40704470233379	-1.53162733227823	-0.139986650048114	0.892719168841089	0.952255761304389
"hsa-miR-1-3p"	17.2992634328088	161286.194940232	-116.529470996645	0.138429566027976	0.893903713349622	0.952255761304389
"hsa-miR-33b-3p"	0.736819381284421	1.66649776348111	2.63291617247377	0.135293324881253	0.896290477534322	0.953474058625278
"hsa-miR-141-3p"	1.27083879079425	2.41301818960605	4.61010172736652	0.133577196584456	0.897596989597375	0.953541400306353
"hsa-miR-770-5p"	1.70119506249971	3.25170203116365	-4.00849444186701	0.130782734163496	0.899725183495737	0.954480243072241
"hsa-miR-484"	-0.866959525922034	-1.823815164112	0.257177322904353	-0.129051279287337	0.901044264669991	0.954559324588237
"hsa-miR-411-5p"	-15.1250053562599	-35733.8900521017	-83.2105404885787	-0.125649439619802	0.903636879772874	0.955985499014889
"hsa-miR-195-3p"	4.52785849041162	23.0685991033487	-22.8143837607182	0.123932886912271	0.904945585003497	0.956051327407275
"hsa-miR-146b-3p"	-11.4881604420246	-2872.63791343373	-110.494153592077	-0.113892690793688	0.912606504076722	0.962818691371177
"hsa-miR-520g-3p"	-0.949787364875218	-1.93158794507165	-9.95414623752851	-0.109178757167027	0.916206866804479	0.965289377526148
"hsa-miR-372-3p"	-0.967448850362088	-1.95537979471178	-2.7838333876784	-0.105739079523651	0.918835334747072	0.96575491285848
"hsa-miR-143-3p"	-37.1093051069111	-148256572449.178	-310.035982631322	-0.103136357980767	0.92082496285651	0.96575491285848
"hcmv-miR-US4-5p"	-0.578328960728424	-1.49311880274847	0.0639178363842874	-0.101350437659417	0.922190549040681	0.96575491285848
"hsa-miR-370-3p"	0.657621220031453	1.57747945967654	-1.49859042670494	0.0970480818789218	0.925481455376151	0.96575491285848
"hsa-miR-198"	3.4739504772393	11.1112596682312	-23.3405798884055	0.0965896881633671	0.925832178385328	0.96575491285848
"hsa-miR-362-3p"	-0.720219761513776	-1.64743296406546	-2.57124388040398	-0.0962313326089436	0.926106373283127	0.96575491285848
"hsa-miR-455-3p"	-2.19857167251056	-4.59024663644735	-16.1494364495739	-0.0945606349182614	0.927384845926179	0.96575491285848
"hsa-miR-543"	-0.536182556669164	-1.4501303187887	-2.22409242261764	-0.0942629414672912	0.927612675113435	0.96575491285848
"hsa-miR-335-5p"	-36.1006021869251	-73682460473.4158	-259.697916292036	-0.0937817850348153	0.927980926697131	0.96575491285848
"hsa-miR-555"	-3.46129333496487	-11.0142040404422	-29.1198908906624	-0.0870312251946822	0.933149409170977	0.969817881889077
"kshv-miR-K12-6-5p"	1.12082108750946	2.17470707371584	-17.2901340682373	0.0747760951264841	0.942541104277353	0.977431877138141
"hsa-miR-876-3p"	1.29123861644945	2.44738083657235	-12.3544143006447	0.074146027070611	0.943024236091557	0.977431877138141
"hsa-miR-133b"	4.09609827345739	17.1020607773612	-1.7129170931402	0.072348217271468	0.944402925617195	0.977539870375693
"hsa-miR-31-3p"	-0.646122771753807	-1.5649567338954	-3.61357614338424	-0.0687922562923236	0.947130491956684	0.978763282241396
"hsa-miR-944"	-0.415345960082504	-1.33361844212678	-1.81789272708979	-0.0670292604325811	0.948483067316571	0.978763282241396
"hsa-miR-515-5p"	5.52429610470384	46.023414117876	-57.854728994307	0.0658171026816709	0.949413144703518	0.978763282241396
"hcmv-miR-US33-5p"	1.34448902400129	2.53940239624685	-7.34360127190338	0.0599863354097403	0.953888199088305	0.980289355598611
"hsa-miR-122-3p"	-0.323227658991745	-1.25112649378418	-1.68634868071557	-0.0591082665322228	0.954562267705493	0.980289355598611
"hsa-miR-582-5p"	-3.77822503572532	-13.7201565287545	-33.3192990835881	-0.0588927711478649	0.954727703562141	0.980289355598611
"hsa-miR-1307-3p"	-0.418422136314799	-1.33646507433486	3.64814740728928	-0.0547172785165277	0.957933694700299	0.982266235073702
"hsa-miR-203a-3p"	1.87017432024264	3.65576749910064	-3.77785243298126	0.0524431609898947	0.95968014551648	0.982743219774553
"hsa-miR-148a-3p"	-0.94792880482346	-1.92910116811522	-12.8899190783974	-0.0477394679860137	0.963293180015691	0.982862008075649
"kshv-miR-K12-12-5p&kshv-miR-K12-12-3p"	-0.848800158197422	-1.80100246794722	-1.52341958309177	-0.0468665334835089	0.96396380980801	0.982862008075649
"hsa-miR-135a-5p"	18.0191613671082	265648.928313388	-235.391896407756	0.0459974470589785	0.964631514571441	0.982862008075649
"hsa-miR-421"	0.363642595599662	1.28667045598635	-8.50266574459329	0.0450983707572543	0.965322292259335	0.982862008075649
"hsa-miR-369-5p"	-1.90135223876748	-3.73563173517595	-33.1186760485678	-0.0439517235373288	0.966203329972672	0.982862008075649
"hsa-miR-187-3p"	0.580930012448672	1.49581319220049	26.0732210711822	0.0412269195232555	0.968297161821199	0.983687315386569
"hsa-miR-28-3p"	-0.531141266806543	-1.44507189054057	-3.12363206097854	-0.0369169790724075	0.971609609900848	0.984390654803903
"hsa-miR-326"	0.439005436484372	1.35566943533757	-5.6569274793787	0.0354491288854592	0.972737882418104	0.984390654803903
"hsa-miR-135a-3p"	0.188384945961601	1.13948737948023	-1.00075614924616	0.0353165588008267	0.972839786624978	0.984390654803903
"hsa-miR-200a-5p"	-0.332385850213514	-1.25909387437756	-6.24186769245688	-0.0304261770727989	0.976599299050325	0.986892835799208
"hsa-miR-181c-3p"	-0.628720406992289	-1.54619299505413	-12.14927629919	-0.0267836010299491	0.979399975361653	0.988420764608405
"hsa-miR-92b-5p"	0.166933809998926	1.12266991345582	-6.63452147977347	0.0250426012805268	0.980738695363263	0.988471194932487
"hcmv-miR-US25-2-3p"	-0.165546146779114	-1.12159058711728	1.8063697950738	-0.0225772737688604	0.982634491534885	0.989082224418972
"hsa-miR-523-3p"	0.134352823991028	1.09760033274865	-7.83939929073367	0.0205905655059621	0.984162326071876	0.989321761595189
"hsa-miR-190b-5p"	0.238541228653502	1.17979911220277	-22.9267241204605	0.00757250524950581	0.994175037455262	0.996908297439341
"hsa-miR-21-3p"	0.569530223396148	1.48404025233266	-58.7359153835758	0.00739861251094713	0.99430879731564	0.996908297439341
"hsa-miR-656-3p"	-0.0593698729960588	-1.04201054170291	-25.2607135675925	-0.00259060416786151	0.99800722247385	0.99931010396533
"hsa-miR-541-3p"	-0.00778067560627926	-1.00540772259051	-5.15154621056861	-0.0007117788925539	0.999452475727338	0.999452475727338
