""	"logFC"	"Fold Change"	"AveExpr"	"t"	"P.Value"	"adj.P.Val"
"hsa-miR-125b-5p"	-13146.2979864787	-Inf	-13146.2979864787	-3095.16377014654	3.37125883602092e-22	2.58575552722804e-19
"hsa-miR-885-5p"	-415.076252932026	-8.92077571128213e+124	-435.794856526503	-13.9921884211133	2.86205437441918e-06	0.00109759785258976
"hsa-miR-888-3p"	-972.216092343988	-4.63666866838256e+292	-857.881327102625	-10.5947686931157	1.76658423301924e-05	0.00451656702241919
"hsa-miR-23b-3p"	-1267.70140717769	-Inf	-1452.63235756348	-8.89956008937577	5.39514952756747e-05	0.00915788726545774
"hsa-miR-29a-3p"	-5647.69768800137	-Inf	-5762.77079226148	-8.75827461367734	5.96993954723451e-05	0.00915788726545774
"hsa-miR-551b-3p"	-2154.18996562527	-Inf	-1373.57494848114	-7.70763602150812	0.000132798271797709	0.0169760457448072
"hsa-miR-30c-5p"	-1690.63349911542	-Inf	-1789.44510219611	-7.45685248733387	0.000162869716311571	0.0178458674872822
"hsa-miR-103a-3p"	-653.363676611772	-4.8091102937614e+196	-698.4149849848	-6.30851129796955	0.000447507177912364	0.0389667174185011
"hsa-miR-22-5p"	-46.1758071754034	-79488267947431.6	-48.9936924866626	-6.22152009288882	0.000485821126806894	0.0389667174185011
"hsa-miR-769-5p"	-123.61914633308	-1.63331926512408e+37	-137.130028508877	-6.169680406889	0.000510401758403793	0.0389667174185011
"hsa-miR-125a-5p"	-1640.85153742544	-Inf	-2021.31869448862	-6.00588535335514	0.000597749350832748	0.0389667174185011
"hsa-miR-519d-3p"	-2322.75450180841	-Inf	-1870.14007981781	-5.91670482277016	0.000652295060717231	0.0389667174185011
"hsa-miR-409-5p"	-71.6932796462236	-3.81792735826657e+21	-70.6133608688221	-5.90408973819276	0.000660452837601713	0.0389667174185011
"hsa-miR-520d-5p"	-1574.07353338594	-Inf	-1700.47790890931	-5.68908261812149	0.000818692903930578	0.0448526755224824
"hsa-miR-197-3p"	-186.19906288665	-1.12590848852048e+56	-178.506137980463	-5.45922864243717	0.00103655704188218	0.0497910067855391
"hsa-miR-30a-5p"	-1756.79790572439	-Inf	-1886.17172950458	-5.457277526936	0.00103866506984175	0.0497910067855391
"hsa-miR-16-5p"	-981.534679575461	-2.96060410280062e+295	-1034.90839909499	-5.23195633761637	0.00131770600101424	0.058379544546742
"hsa-miR-138-1-3p"	-511.727332514048	-1.1098816927005e+154	-392.568682327994	-5.19566120234958	0.00137005450044505	0.058379544546742
"hsa-miR-30b-5p"	-1298.19165764831	-Inf	-1325.11464448052	-4.98912061799787	0.00171590836093416	0.0692685112019212
"hsa-miR-29c-3p"	-1482.87879375921	-Inf	-1694.93191623786	-4.90453680572547	0.00188479434251215	0.0722818630353409
"hsa-miR-154-5p"	-185.689917679072	-7.91106793161606e+55	-181.815745436425	-4.80473784004326	0.0021082779609935	0.075851902652996
"hsa-miR-7-2-3p"	-50.0573568235028	-1171563701596504	-28.6322208826952	-4.77693561542914	0.00217567387009897	0.075851902652996
"hsa-miR-22-3p"	-569.545318253469	-2.81984141210725e+171	-836.862209761597	-4.68817113457884	0.00240738784608917	0.0802811512152345
"hsa-miR-23a-3p"	-606.900280459415	-4.95665618215514e+182	-728.249978806239	-4.6375769378463	0.00255163315114518	0.0815459427886814
"hsa-miR-128-3p"	-1624.36427546835	-Inf	-1501.37777965247	-4.51305612433856	0.00294920512183579	0.0861995644600284
"hsa-miR-191-5p"	-545.424319301404	-1.54554080016526e+164	-631.525398023231	-4.49651496058118	0.00300699599779944	0.0861995644600284
"hsa-miR-9-5p"	-2198.09259259669	-Inf	-1572.7799344061	-4.48879253944686	0.00303440448555511	0.0861995644600284
"hsa-miR-222-3p"	-906.19312870952	-6.18462833951422e+272	-819.582903697643	-4.27037912645747	0.00393653051059393	0.107832817915198
"hsa-miR-29b-3p"	-1922.05179870726	-Inf	-1996.05871978525	-4.12057085329281	0.00472538018646979	0.124978158724908
"ebv-miR-BART12"	34.7652202229117	29199411124.7552	31.8145275280004	4.05642865701129	0.00511503727409944	0.129146570182644
"hsa-miR-494-3p"	-840.377979679527	-9.52751363635554e+252	-839.284062134225	-4.03768557949504	0.00523546614553139	0.129146570182644
"hsa-miR-500a-3p"	-19.3905521698431	-687286.535180959	-21.1573190536989	-4.01459568475677	0.00538812287593821	0.129146570182644
"hsa-miR-933"	-2708.15795585375	-Inf	-2973.0851694765	-3.9565439007467	0.00579394481896871	0.134665323519667
"ebv-miR-BART8-5p"	40.1350378300104	1207397476813.99	38.2492698396064	3.90180785815699	0.00620744337883275	0.137374155373046
"hsa-miR-619-3p"	27.1830862861988	152378729.032259	16.7605461106515	3.89403946687283	0.00626870330906991	0.137374155373046
"hsa-miR-424-5p"	-248.050183779167	-4.68323280776081e+74	-202.678928308801	-3.85326855682986	0.00660125430168959	0.139676721609578
"hsa-miR-302c-5p"	-45.5108482349497	-50133779530547.1	-40.6195395596585	-3.83715209129557	0.00673799048181796	0.139676721609578
"hsa-let-7c"	-2990.08350986687	-Inf	-3154.47464032032	-3.79157799672645	0.00714169145429671	0.144139841657431
"hsa-miR-181a-2-3p"	-47.222344104806	-164188237581743	-44.7012546509714	-3.77136391670412	0.0073291444910558	0.144139841657431
"hsa-miR-634"	-602.336575098014	-2.09592911225932e+181	-577.384203095119	-3.71980846999809	0.0078319998270126	0.150178596682967
"hsa-miR-19b-1-5p"	29.0779919861081	566692939.174879	25.3354381330127	3.68812685354348	0.00815959599289656	0.151709618805581
"hsa-miR-187-3p"	51.5655121299158	3332467271676219	26.0732210711822	3.65945496565876	0.00846896503628788	0.151709618805581
"ebv-miR-BHRF1-1"	-76.0010513130962	-7.56129439189914e+22	-99.4410164515639	-3.65616858425332	0.00850523286654497	0.151709618805581
"hsa-miR-378a-5p&hsa-miR-378a-3p"	-67.06132977286	-1.539826575508e+20	-65.40940871154	-3.60450507707186	0.00909815505007905	0.157417390174034
"hsa-miR-502-5p"	53.7336584416059	14977625513228230	46.2588536403033	3.58142783008161	0.00937739497048957	0.157417390174034
"hsa-miR-520a-3p"	37.5140421482919	196269106434.004	27.8364681697943	3.57628064056665	0.00944093865450531	0.157417390174034
"hsa-miR-20b-3p"	-23.9280986461618	-15961563.5622556	-15.6692848751346	-3.55160348395511	0.0097521494693158	0.158409023167909
"hsa-miR-382-5p"	-91.8631904308475	-4.50376599043022e+27	-92.9318761557658	-3.5391457520069	0.00991347211481046	0.158409023167909
"hsa-miR-188-3p"	37.5414391077644	200031896186.209	35.9435503450298	3.50680704733661	0.0103459141331886	0.161945227350115
"hsa-miR-577"	54.930407165084	34332089082081684	36.6605814645142	3.45765512703225	0.0110428249654275	0.164920442081876
"hsa-miR-218-2-3p"	-91.6692107451172	-3.93715137793248e+27	-76.8782072164072	-3.44755781471635	0.0111921919974621	0.164920442081876
"hsa-miR-519e-3p"	-66.5939522235518	-1.11372289879929e+20	-66.5399110817336	-3.44406850978254	0.0112443154958431	0.164920442081876
"hsa-miR-556-3p"	28.3038731075971	331371229.266867	27.8483625602152	3.41851390263605	0.0116341500815117	0.164920442081876
"hsa-miR-107"	-584.45655271302	-8.68867452484582e+175	-519.956924255458	-3.4108401907179	0.0117540465939168	0.164920442081876
"hsa-miR-7-5p"	-1154.88252074481	-Inf	-917.966979193332	-3.40038236489284	0.0119195978049584	0.164920442081876
"hsa-miR-376a-3p"	-106.040911651548	-8.34632274849551e+31	-94.5832175188504	-3.38859944698502	0.0121091493436677	0.164920442081876
"hsa-miR-590-3p"	20.8985012868125	1954680.37088653	19.3368874114555	3.37959805700579	0.0122561475862672	0.164920442081876
"hsa-miR-873-5p"	-66.0716119795881	-7.7542012388126e+19	-68.3203359185098	-3.33872396649175	0.012948306416633	0.167913808472166
"hsa-miR-381-3p"	-125.684152002189	-6.83438959634248e+37	-185.519860025651	-3.32895869389301	0.0131198365311058	0.167913808472166
"hsa-miR-938"	-52.3366226948734	-5687131927110704	-47.5594129014635	-3.32808119275566	0.013135369632764	0.167913808472166
"hsa-let-7a-5p"	-2192.83764568767	-Inf	-2144.93811302901	-3.30672401573388	0.0135196009967339	0.16921086457018
"hsa-miR-221-3p"	-303.40251613909	-2.15406159539591e+91	-283.924324967725	-3.28247334511681	0.0139706203393978	0.16921086457018
"hsa-miR-363-5p"	223.059368953198	1.40462653601846e+67	187.430790646295	3.277640122025	0.0140624305967123	0.16921086457018
"hsa-miR-186-3p"	-31.8231053949501	-3799349790.10733	-28.2699333607653	-3.27466383982879	0.0141192898728703	0.16921086457018
"hsa-miR-654-5p"	-23.0391298914355	-8619243.92264576	-15.3109479051656	-3.24927943410819	0.0146144068786754	0.172450001168369
"hsa-miR-337-3p"	-42.2777078105394	-5331607852046.7	-28.2115493125694	-3.22034489321645	0.0152016307670455	0.17666137573218
"hsa-miR-192-5p"	-22.0815011174459	-4438070.3855261	-24.4931877390028	-3.16708502509124	0.0163498140562259	0.183350315242189
"hsa-miR-34b-5p&hsa-miR-34b-3p"	-408.558283936718	-9.73415913721555e+122	-495.688086617509	-3.16482827566912	0.0164004752421605	0.183350315242189
"hsa-miR-410-3p"	-186.95923776418	-1.90694660778491e+56	-174.825359984713	-3.1409047462805	0.0169479896771061	0.183350315242189
"hsa-miR-519e-5p"	-180.26321809271	-1.83922880849626e+54	-209.72116930642	-3.13473452112045	0.0170923546312579	0.183350315242189
"hsa-miR-493-5p&hsa-miR-493-3p"	-21.6527633070118	-3297093.35763467	-19.9644776019651	-3.11481646418078	0.0175674293923679	0.183350315242189
"hsa-miR-647"	-42.828584549259	-7810675968443.68	-17.0025375493119	-3.0864025353758	0.0182697405656836	0.183350315242189
"hsa-miR-600"	-42.244553598936	-5210480641658.68	-61.5663044624806	-3.04047402789134	0.0194691399945118	0.183350315242189
"hsa-miR-147a"	-25.1667086844077	-37664673.4205833	-32.620098152523	-3.03678118545436	0.01956916027711	0.183350315242189
"hsa-miR-550a-3p"	-22.2715180206313	-5062848.98227084	-28.7131809350731	-3.02681922979758	0.0198417207775505	0.183350315242189
"hsa-miR-431-3p"	22.3840277828748	5473483.16216278	20.1428526969657	3.0218245647283	0.0199798956694926	0.183350315242189
"hsa-miR-603"	29.8013764663535	935638811.162208	39.0862770934255	3.00683728171672	0.0204006991651371	0.183350315242189
"hsa-miR-342-3p"	-593.546607218574	-4.7351375295884e+178	-529.122881315194	-3.00161414818912	0.0205495603687446	0.183350315242189
"hsa-miR-26b-5p"	-2933.10763382201	-Inf	-2632.59641590905	-2.99738165502961	0.0206710360591256	0.183350315242189
"hsa-miR-218-5p"	-162.305719030265	-7.22586587326895e+48	-139.3301791833	-2.99317213242801	0.0207926108123878	0.183350315242189
"hsa-miR-563"	20.2215811080047	1222650.90388958	18.0583484180367	2.98437688816883	0.0210490876221256	0.183350315242189
"hsa-miR-508-3p"	31.3603174127057	2756742582.91584	29.2652075207588	2.9804603016465	0.0211643796954626	0.183350315242189
"hsa-miR-668-3p"	-88.4790148269453	-4.31357595553323e+26	-75.7564790243213	-2.97975493944847	0.0211852146311547	0.183350315242189
"hsa-miR-205-5p"	47.9855499145107	278669785108044	35.266569779694	2.97912701086396	0.0212037806913193	0.183350315242189
"hsa-miR-212-3p"	-144.259140395757	-2.66887607094276e+43	-112.515246076848	-2.97630541081046	0.0212874211861269	0.183350315242189
"hsa-miR-301b-3p"	68.4441662542807	4.01556879575564e+20	51.4277743079882	2.97427524506568	0.02134781823289	0.183350315242189
"hsa-miR-423-5p"	-247.041385886662	-2.32738013039582e+74	-288.702422095129	-2.97049710410107	0.0214607027610689	0.183350315242189
"hsa-miR-20a-5p"	-223.543502279514	-1.96471482377573e+67	-260.58180473574	-2.95511731858454	0.0219268151928469	0.183350315242189
"hsa-miR-100-5p"	-828.924229092959	-3.39669920528215e+249	-1087.26035748782	-2.94428437503159	0.0222615763105398	0.183350315242189
"hsa-miR-124-5p"	-76.2403301492611	-8.92537052357698e+22	-59.9154284465034	-2.93675401153437	0.0224974755079571	0.183350315242189
"hsa-miR-26a-5p"	-1922.89415116732	-Inf	-2626.73488642244	-2.92798279373514	0.0227755956261902	0.183350315242189
"hsa-miR-208a-3p"	-47.1439813557675	-155507916640118	-53.8154812017575	-2.92579290348648	0.0228456008472857	0.183350315242189
"kshv-miR-K12-7-3p"	49.4953809163014	793586557304126	31.533907935608	2.92532226560078	0.0228606757244146	0.183350315242189
"hsa-miR-550a-3p&hsa-miR-550a-5p"	-351.481912097357	-6.40617022595144e+105	-280.671945261881	-2.91693020506611	0.0231312585318153	0.183350315242189
"hsa-miR-185-5p"	-645.894860820365	-2.71473318715617e+194	-635.077801564252	-2.91530068619159	0.0231841913247992	0.183350315242189
"hsa-miR-450a-5p"	247.072348104395	2.37786874529555e+74	198.167269766851	2.9055629873319	0.0235031963178024	0.183350315242189
"hsa-miR-485-3p"	-178.240815762001	-4.52722413277972e+53	-162.350921932519	-2.89051956600095	0.024005193017186	0.183350315242189
"ebv-miR-BART3-5p"	236.463623330359	1.52280223596471e+71	166.601763356378	2.88879191571369	0.0240635673999842	0.183350315242189
"hsa-miR-122-5p"	30.115544233573	1163274344.56512	26.0360169058374	2.88697547723936	0.0241251039341743	0.183350315242189
"hsa-miR-522-3p"	36.6036148464054	104420560127.008	34.0781453804764	2.88600990260147	0.0241578830785896	0.183350315242189
"kshv-miR-K12-10a-3p"	406.558195925395	2.43339133122362e+122	338.582969848366	2.88175652087731	0.0243028384837517	0.183350315242189
"hsa-miR-141-5p"	186.381536892659	1.2777127914944e+56	157.141946947834	2.87941698070683	0.0243829623920512	0.183350315242189
"hsa-miR-17-3p"	25.9908087855584	66682681.5458137	24.3674156016941	2.8689119763783	0.0247461965156745	0.184275075024489
"hsa-miR-99a-5p"	-397.818798890616	-5.69365705858564e+119	-322.393548649754	-2.85085196723375	0.025384106736565	0.187207787182167
"hsa-miR-10b-5p"	28.4317596077402	362086615.484265	36.8267280844971	2.8303592202246	0.0261290550821078	0.188512066080664
"hsa-miR-192-3p"	94.061107615346	2.06640201947288e+28	84.4552497887004	2.8263781334156	0.0262764347626244	0.188512066080664
"hsa-miR-30e-3p"	-110.710313798263	-2.12385705109221e+33	-74.5694095175776	-2.82558523495231	0.0263058925032724	0.188512066080664
"hsa-miR-891a-5p"	-95.4146686479479	-5.28052726513383e+28	-64.5083005352904	-2.8192085069927	0.0265440718861952	0.188512066080664
"hsa-miR-24-3p"	-670.80381791761	-8.55205330403466e+201	-975.718047607615	-2.78665291704317	0.0277960324481693	0.195592265025191
"kshv-miR-K12-5-3p"	-29.6988001407948	-871424322.819279	-28.748206290535	-2.77891864197276	0.0281025160141358	0.195686638855469
"hsa-miR-195-5p"	-826.476858390289	-6.22766291722238e+248	-774.074620229273	-2.7720934450128	0.0283759323651194	0.195686638855469
"hsa-miR-15b-5p"	-86.9274777120198	-1.47156089595817e+26	-108.205163455039	-2.76473456701725	0.0286738679924527	0.195686638855469
"hsa-miR-591"	32.8283846944289	7626556679.41583	32.3360349260938	2.7609108756667	0.02882997417297	0.195686638855469
"hsa-miR-361-5p"	-154.659671725058	-3.60744990356752e+46	-225.069592062617	-2.75366970311059	0.0291280577085455	0.195829351120553
"hsa-miR-516a-5p"	-133.573078869915	-1.61995650097036e+40	-115.94074821243	-2.74804975890188	0.0293616367390659	0.195829351120553
"hsa-miR-514a-3p"	-55.9668644294848	-70421448937424480	-62.5411412018155	-2.72320156076424	0.0304182353811467	0.196330665327488
"hsa-miR-612"	211.315965377691	4.0967941377217e+63	137.094566986999	2.71988533841215	0.0305622404847635	0.196330665327488
"ebv-miR-BART5-5p"	-37.933315355293	-262461590879.363	-37.3441502575153	-2.71323538444876	0.0308531717241721	0.196330665327488
"hsa-miR-510-5p"	-119.5688980975	-9.85881860155871e+35	-114.467411241919	-2.71269585237304	0.0308769030411116	0.196330665327488
"hsa-miR-487b-3p"	-430.014341001181	-2.80036864958213e+129	-311.134550376977	-2.70932376278582	0.0310256590102158	0.196330665327488
"hsa-miR-874-3p"	-38.0426652708142	-283128352295.411	-51.5093053616257	-2.70770702953728	0.0310972458924748	0.196330665327488
"hsa-miR-125a-3p"	16.8940064284649	121787.490563713	19.0345372987966	2.70475048439485	0.0312286064797308	0.196330665327488
"hsa-miR-760"	20.724061928054	1732065.34452791	19.9305043694209	2.6934968970777	0.0317339556936274	0.197885723715547
"hsa-miR-588"	74.8522671781879	3.41018283517586e+22	50.3087217111824	2.6856565026172	0.0320910952253542	0.198498951918119
"hsa-miR-214-3p"	-95.5394147459386	-5.75744246529405e+28	-80.6276039495361	-2.67375327745093	0.032641372656076	0.198712976085688
"hsa-miR-324-3p"	57.8741968085036	264161312852885184	36.4620705329387	2.66748721426866	0.0329350094963212	0.198712976085688
"ebv-miR-BART8-3p"	-120.279100466933	-1.61293583938204e+36	-93.7682461881956	-2.66282202810706	0.0331554217035081	0.198712976085688
"hsa-miR-183-5p"	-73.5127971152564	-1.34758757127187e+22	-46.3653641551442	-2.66268310208521	0.0331620090468945	0.198712976085688
"hsa-miR-374b-5p"	-85.2090597386824	-4.47180527246538e+25	-119.117898864363	-2.65633979434615	0.0334642479296878	0.198969598155585
"hsa-let-7b"	-962.130738590871	-4.26787868638988e+289	-1355.71909545082	-2.64895711813192	0.0338196410122707	0.199535881972397
"hsa-miR-187-5p"	-204.838667287889	-4.5981499031249e+61	-246.476066989845	-2.62573132788962	0.0349636558483688	0.2043011930183
"ebv-miR-BART11-5p"	200.034361395221	1.64567072481212e+60	177.323267086193	2.61891074698965	0.0353072349413633	0.2043011930183
"hsa-miR-934"	-197.531310472266	-2.90301670527861e+59	-161.029446825435	-2.61112270007165	0.0357038616983479	0.2043011930183
"hsa-miR-613"	27.2273521145921	157126591.286416	26.4759528085021	2.60855781142207	0.0358355006115605	0.2043011930183
"hsa-miR-130a-5p"	39.4617456454886	757127674091.946	31.0514682572995	2.60165112642127	0.0361924981128565	0.2043011930183
"hsa-miR-215-5p"	-16.1351843596644	-71973.8074730847	-15.8385605726638	-2.6010161485194	0.0362255048898159	0.2043011930183
"hsa-miR-140-5p"	-57.3710485665193	-186383087295158208	-61.7987281699878	-2.59590110835183	0.0364925368454218	0.204304932557945
"hsa-miR-15a-5p"	-231.273927477643	-4.17243313626777e+69	-333.560174449547	-2.58299250544293	0.0371755929129484	0.205141355950042
"hsa-miR-27a-3p"	-243.281817789211	-1.71840114822242e+73	-356.965413075471	-2.57589817458228	0.0375566448010585	0.205141355950042
"hsa-miR-511-5p"	109.587231803081	9.75088230625879e+32	82.3600782752597	2.56927737392037	0.0379159303196112	0.205141355950042
"hsa-miR-150-5p"	-45.685500724056	-56585620797571.8	-30.1896415214295	-2.56724612971613	0.0380268736415276	0.205141355950042
"hsa-miR-937-3p"	-102.713624730074	-8.31537821036003e+30	-117.502712675583	-2.56671939342287	0.0380556982422544	0.205141355950042
"hsa-miR-493-5p"	27.4886620722863	188326668.772985	16.4795186157675	2.56270696696775	0.0382760176275264	0.205141355950042
"hsa-miR-17-5p"	-107.169988079962	-1.82549667822447e+32	-137.041962837528	-2.55839700152344	0.0385141528771917	0.205141355950042
"hsa-miR-887-3p"	-69.249967634725	-7.01968229573759e+20	-53.6507102909385	-2.54443665120747	0.0392961218702994	0.207256112371858
"hsa-miR-142-3p"	-70.236230399483	-1.39063172412331e+21	-65.6915451993397	-2.53599789101136	0.0397767884408601	0.207256112371858
"hsa-let-7d"	-97.6253604570825	-2.44434124004151e+29	-143.898316009422	-2.52974491969586	0.0401368883526167	0.207256112371858
"hsa-miR-331-3p"	-393.785735063856	-3.47790823420703e+118	-322.712293626313	-2.51476767543005	0.0410132266562292	0.207256112371858
"hsa-miR-593-5p&hsa-miR-593-3p"	18.8517010704576	473072.269643374	13.6708160364478	2.51314126345527	0.0411095771556202	0.207256112371858
"hsa-miR-675-5p"	-76.3449405691035	-9.59659415131884e+22	-94.1195437735452	-2.50709629555669	0.0414697491971886	0.207256112371858
"hsa-miR-129-2-3p"	-1321.40210431123	-Inf	-1078.45428233711	-2.50244289098599	0.0417492352863487	0.207256112371858
"hsa-miR-105-5p"	-92.0544069006269	-5.14206675184392e+27	-82.0167701988527	-2.49856210461538	0.041983809282715	0.207256112371858
"hsa-let-7e"	-1488.1283629114	-Inf	-1123.44860016079	-2.49847100555997	0.041989332129378	0.207256112371858
"hsa-miR-130a-3p"	-434.120805570968	-4.82374363667124e+130	-378.002397219997	-2.4979931286489	0.0420183155672864	0.207256112371858
"ebv-miR-BART17-5p"	-907.306736950216	-1.33826798944001e+273	-733.927723203943	-2.47368311816441	0.0435203834527806	0.207256112371858
"hsa-miR-920"	-81.6983407029995	-3.92329665131413e+24	-64.261020201849	-2.45877173908796	0.0444690989795593	0.207256112371858
"hsa-let-7i"	-407.845522529858	-5.93930842776839e+122	-578.323129479363	-2.452780368105	0.0448562837558517	0.207256112371858
"hsa-miR-574-3p"	-120.499274299149	-1.87886691844617e+36	-94.0251769969845	-2.45277555561794	0.0448565961516451	0.207256112371858
"hsa-miR-302a-3p"	22.6510146071617	6586198.70168097	30.2883265481359	2.43857291221999	0.0457883916856182	0.207256112371858
"hsa-miR-376c-3p"	-276.122282103527	-1.32156760473958e+83	-258.454730955217	-2.43770583171622	0.0458459210324994	0.207256112371858
"hsa-miR-20b-5p"	-80.1979000204882	-1.38667119908781e+24	-54.8852113005858	-2.43684591721765	0.0459030485337379	0.207256112371858
"hsa-miR-488-5p&hsa-miR-488-3p"	-183.067358622307	-1.28459483732423e+55	-186.906389603633	-2.43663573788612	0.0459170227313485	0.207256112371858
"hsa-miR-106b-5p"	-341.187293405205	-5.10046127288571e+102	-495.237256121064	-2.43549869022131	0.0459926977231819	0.207256112371858
"hsa-miR-425-3p&hsa-miR-425-5p"	-94.4642629417139	-2.73260377363236e+28	-103.274753419065	-2.43153102472039	0.0462577699794157	0.207256112371858
"hsa-miR-377-3p"	-307.121366214934	-2.83624367243498e+92	-298.040560827902	-2.42771087957438	0.0465144745509612	0.207256112371858
"hsa-miR-302d-5p"	-763.162614446226	-5.43048373993254e+229	-595.127207777442	-2.42656390356834	0.0465918347501087	0.207256112371858
"hsa-miR-523-3p"	-15.8131514054584	-57574.8611161475	-7.83939929073367	-2.42348259007589	0.0468003173958537	0.207256112371858
"hsa-miR-548d-3p"	31.8989941274598	4004553165.77288	35.2315896674793	2.41748255125516	0.0472090433731916	0.207256112371858
"hsa-miR-491-3p"	-429.821052023529	-2.44922919112368e+129	-844.733948375753	-2.41553217244871	0.0473426943486009	0.207256112371858
"hsa-miR-127-5p"	-80.0960545616453	-1.29215602638231e+24	-82.2074518009948	-2.40149884109069	0.0483158894521099	0.207256112371858
"hsa-miR-24-2-5p"	-33.704316768596	-13996206154.1975	-26.3229599727706	-2.40133716559025	0.0483272205844356	0.207256112371858
"hsa-miR-25-5p"	-61.9112140145063	-4336431458530370560	-78.1678731030571	-2.39894554430344	0.0484951584453054	0.207256112371858
"hsa-miR-10a-5p"	23.7584264679086	14190543.0848982	20.259509796382	2.39774674412014	0.0485795629324487	0.207256112371858
"hsa-miR-589-3p&hsa-miR-589-5p"	-81.1346773213375	-2.65443174313724e+24	-77.4518004775826	-2.39734265048018	0.0486080481634487	0.207256112371858
"ebv-miR-BART7-5p"	-24.2902685101271	-20516318.1101722	-11.0613342716779	-2.39669390371423	0.0486538153132694	0.207256112371858
"hsa-miR-520d-3p"	44.6084600632117	26821591228292.7	29.7654614279832	2.39271206306164	0.048935694169426	0.207256112371858
"ebv-miR-BART19-5p"	-20.8031882943992	-1829715.9842701	-19.3392592460309	-2.39160367205335	0.0490144565958888	0.207256112371858
"hsa-miR-525-5p"	-77.794623413258	-2.62129047116842e+23	-100.858642302706	-2.38499260142138	0.0494869530595913	0.207256112371858
"kshv-miR-K12-6-5p"	-35.7010892239841	-55859717408.3368	-17.2901340682373	-2.38181461223552	0.0497157479601414	0.207256112371858
"ebv-miR-BART17-3p"	61.488896158109	3235952543267018752	52.6691222545887	2.37894204089513	0.0499234892386973	0.207256112371858
"hsa-miR-320a-3p"	-248.639550434639	-7.04632692778143e+74	-340.365582080755	-2.37779478147477	0.0500067066375939	0.207256112371858
"hsa-miR-518c-5p"	-907.378872798401	-1.40688352543478e+273	-846.878215785592	-2.37404805488812	0.0502794715720347	0.207256112371858
"hsa-miR-598-3p"	-104.517241785056	-2.90285164700932e+31	-91.4457075571905	-2.36908173971311	0.0506433783169919	0.207256112371858
"hsa-miR-137-3p"	-304.291903449898	-3.9901606013551e+91	-227.934920882487	-2.36107380497926	0.0512358593478985	0.207256112371858
"hsa-miR-922"	-43.1574526397352	-9810424074629.53	-15.7180629048801	-2.36091832923038	0.051247432561886	0.207256112371858
"hsa-miR-377-5p"	-16.3267985966674	-82197.0271925971	-7.45623082885598	-2.35718017864973	0.0515264990136743	0.207256112371858
"hsa-miR-497-5p"	-104.091188322378	-2.16057809826916e+31	-88.2524580341949	-2.35667763198319	0.0515641345208745	0.207256112371858
"hsa-miR-144-3p"	-109.364887365169	-8.35817710445128e+32	-125.706020718856	-2.35247712047021	0.0518798127605547	0.207256112371858
"hsa-miR-374a-5p"	-138.080581973302	-3.68465637677837e+41	-154.640197545592	-2.35157510181677	0.0519478594042376	0.207256112371858
"hsa-miR-132-5p"	-134.860341652374	-3.95373960281546e+40	-99.1743474787062	-2.3495147643272	0.0521036306084054	0.207256112371858
"hsa-miR-30e-5p"	-240.350066773088	-2.25205793414706e+72	-221.298226688666	-2.34756418647366	0.0522515443032808	0.207256112371858
"hsa-miR-888-5p"	-77.9611284317615	-2.94196941720096e+23	-62.5729304841364	-2.34602924018704	0.0523682426295482	0.207256112371858
"hsa-miR-640"	-30.2058260198075	-1238396385.5046	-26.2807672513041	-2.34218636995293	0.0526615786539692	0.207256112371858
"hsa-miR-302b-3p"	59.3225214869198	720872379998227328	44.4232318785766	2.33399673801456	0.053292337613517	0.207256112371858
"hsa-miR-429"	42.7271564611587	7280408101001.03	43.1904214635984	2.33383946304899	0.0533045261631884	0.207256112371858
"hsa-miR-135b-5p"	110.420298461532	1.73708858775886e+33	89.6048295058902	2.33088312513173	0.0535341687237056	0.207256112371858
"hsa-miR-519c-3p"	118.432063722361	4.48336016562183e+35	113.05373549534	2.33027716395047	0.0535813634132315	0.207256112371858
"hsa-miR-497-3p"	17.8596677516245	237845.919935984	17.1429437711431	2.33012566761414	0.0535931692027026	0.207256112371858
"hsa-miR-302a-5p"	42.4954750956836	6200299722367.17	36.8759529932892	2.32782096393667	0.0537730982555407	0.207256112371858
"hsa-miR-629-3p&hsa-miR-629-5p"	15.2710559001487	39540.8400218609	18.467448340779	2.31867933660779	0.054492891968223	0.208435292148119
"hsa-miR-579-3p"	-59.8063950887234	-1008135375083764864	-48.4258117755708	-2.31075887980087	0.0551244892952545	0.208435292148119
"hsa-miR-132-3p"	-292.673935406232	-1.26950234168945e+88	-264.344120358226	-2.30697556967536	0.0554288130166833	0.208435292148119
"ebv-miR-BART2-3p"	-720.281841369472	-6.70562996653842e+216	-484.61625429549	-2.30334548762211	0.0557224232891614	0.208435292148119
"hsa-miR-490-3p"	-105.013981876874	-4.09598642905669e+31	-94.9915834655484	-2.2972311854919	0.0562205555708777	0.208435292148119
"hsa-miR-363-3p"	-104.579815361317	-3.03152647066304e+31	-70.7148154090375	-2.29131326273932	0.0567070138559514	0.208435292148119
"hsa-miR-508-5p"	-17.3606793019037	-168300.425890602	-21.8650543631967	-2.29027251115182	0.0567930071613212	0.208435292148119
"hsa-miR-34c-3p"	-15.9888261337547	-65030.3754980947	-15.6917132360082	-2.28569101006629	0.0571731419878069	0.208435292148119
"hsa-miR-136-3p"	-181.068071388255	-3.21307412599706e+54	-152.790720304569	-2.28114701703111	0.0575527253847423	0.208435292148119
"hsa-miR-616-5p"	86.7758153653953	1.32471765142835e+26	62.0336129072673	2.28093181160824	0.0575707661435118	0.208435292148119
"hsa-miR-196a-3p"	-61.7306691171576	-3826335584475361792	-90.1175966215952	-2.28057650192697	0.0576005645038737	0.208435292148119
"hsa-miR-876-5p"	-52.5696955652087	-6684289144565746	-49.7552022872168	-2.27572179775218	0.0580092853061818	0.208435292148119
"hsa-miR-519b-3p"	34.6108220491914	26235878524.4824	38.8627940019854	2.27412180988647	0.0581446352446736	0.208435292148119
"hsa-let-7d-3p"	-17.6632772924939	-207575.592754174	-24.0254739197181	-2.27065503421574	0.058439008621008	0.208435292148119
"hsa-miR-583"	-548.429030619862	-1.24047698052098e+165	-363.676085273832	-2.27008176188058	0.0584878326584557	0.208435292148119
"hsa-miR-365a-3p"	-200.962917687143	-3.13232084026073e+60	-155.04797029807	-2.26558263156855	0.058872454952824	0.208435292148119
"hsa-miR-625-5p"	-139.729870696837	-1.15579914802163e+42	-147.708705134985	-2.26017758977533	0.0593379252104279	0.208435292148119
"hsa-miR-223-5p"	51.1928893067752	2573921194654530	36.757105324138	2.25951587156182	0.0593951674161526	0.208435292148119
"hsa-miR-483-3p"	187.200148442043	2.25351199358691e+56	154.918945083335	2.25948182678832	0.0593981139910554	0.208435292148119
"hsa-miR-149-5p"	-254.851678469001	-5.22395785417337e+76	-241.99177430197	-2.25006941914638	0.0602184824203094	0.208435292148119
"hsa-miR-298"	-226.450364141059	-1.47350676980078e+68	-240.89447395587	-2.24469592520394	0.0606919777834056	0.208435292148119
"hsa-miR-549a-3p"	-250.484948289377	-2.53211191851874e+75	-202.378340193806	-2.23856666247069	0.061236685546647	0.208435292148119
"hsa-miR-99b-5p"	-325.537989618392	-9.92429358493453e+97	-537.970214080472	-2.2364646998496	0.0614246271897226	0.208435292148119
"hsa-miR-28-5p"	-159.411454347523	-9.7191752031216e+47	-249.676209907291	-2.23529301357381	0.0615296444256415	0.208435292148119
"hsa-miR-551b-5p"	-126.017593579455	-8.61143739871505e+37	-122.464461488962	-2.2347009940792	0.0615827758637073	0.208435292148119
"hsa-miR-509-5p"	-178.401204748828	-5.05957329890185e+53	-123.67327383052	-2.23300941816046	0.0617348447651142	0.208435292148119
"hsa-miR-342-5p"	-61.1124654861577	-2492787282290540032	-48.9440558566172	-2.2305067718069	0.0619605258342975	0.208435292148119
"hsa-miR-151a-5p"	-201.706643249476	-5.24505374628265e+60	-293.70481294267	-2.22816898814225	0.0621720956792153	0.208435292148119
"hsa-miR-875-5p"	47.807380634316	246294994145544	45.9199266922419	2.2122900578192	0.0636286454915988	0.208435292148119
"hsa-miR-941"	34.5902251707117	25863978652.9741	33.716120193868	2.21198179946494	0.0636572609308801	0.208435292148119
"ebv-miR-BART10-5p"	17.2390773395325	154696.104206564	15.8486281767104	2.21020199345222	0.0638227341534237	0.208435292148119
"hsa-miR-651-5p"	22.0421333153023	4318603.14137382	19.4892198135561	2.20495494299117	0.064313103652396	0.208435292148119
"hsa-miR-744-5p"	-549.220099451687	-2.14646670608905e+165	-513.6143164667	-2.20479463657978	0.0643281451413235	0.208435292148119
"hsa-miR-483-5p"	-63.3109665039475	-11441948064847333376	-57.108893870428	-2.20453692759019	0.0643523333352491	0.208435292148119
"hsa-miR-656-3p"	-50.462057262189	-1550932435934514	-25.2607135675925	-2.20191166437179	0.0645992615149794	0.208435292148119
"hsa-miR-138-5p"	-785.370054271996	-2.62992904897733e+236	-948.591628879005	-2.20166617412887	0.0646224008800736	0.208435292148119
"hsa-miR-184"	-88.5860031753657	-4.64562501735825e+26	-90.1780194675551	-2.1948357146179	0.0652695960052063	0.208435292148119
"hsa-miR-671-5p"	-47.3660475426536	-181384881819643	-38.0121395333087	-2.19337112754451	0.0654092183431841	0.208435292148119
"hsa-let-7g"	-85.6054885700924	-5.88599451515542e+25	-72.4407271244685	-2.19321013027606	0.0654245849700331	0.208435292148119
"hsa-miR-335-3p"	19.4126512936381	697895.39832316	30.2755630991467	2.18818544064302	0.065906011608798	0.208435292148119
"hsa-miR-101-3p"	-630.46989593904	-6.17092176982691e+189	-904.50682423179	-2.18769784230927	0.0659529195344236	0.208435292148119
"hsa-miR-106a-5p"	-113.805383838065	-1.81482270200505e+34	-146.741873052687	-2.18287869499306	0.066418348057849	0.208435292148119
"hsa-miR-191-3p"	31.0311191418347	2194308375.16845	19.6720542795597	2.18067876790104	0.0666319157892956	0.208435292148119
"hsa-miR-345-5p"	-21.1958238663959	-2402031.8771906	-25.0823542413547	-2.18004208297465	0.0666938540397782	0.208435292148119
"hsa-miR-217-5p"	-41.3216771407585	-2748300965998.45	-28.1641820971126	-2.17956783789687	0.0667400275032401	0.208435292148119
"hsa-miR-520g-3p"	-18.9585051101818	-509423.190059334	-9.95414623752851	-2.17929412647673	0.0667666912827906	0.208435292148119
"hsa-miR-516b-5p"	-65.5421597328416	-53722480904949448704	-43.1807420263121	-2.17842452218108	0.0668514757085232	0.208435292148119
"hsa-miR-576-3p"	-403.509452385346	-2.94068632478257e+121	-232.251714537299	-2.17285283036482	0.0673972863220288	0.209286310157879
"hsa-miR-200b-5p"	-82.0436172714257	-4.98413447654225e+24	-61.7893212287001	-2.16077803872191	0.0685956199305657	0.212148550349774
"hsa-miR-597-5p"	-34.3389867617721	-21730265672.4498	-27.1483060730358	-2.15687246230203	0.0689877962236297	0.212504577122586
"hsa-miR-421"	-17.3689740847862	-169270.857169401	-8.50266574459329	-2.15407227433606	0.0692703644806983	0.212521478226782
"hsa-miR-29c-5p"	-107.589406635037	-2.44139815950283e+32	-122.161637853739	-2.14616718434246	0.0700743726902879	0.214131648818529
"hsa-miR-15b-3p"	37.4221183590204	184153563576.025	31.3504419325294	2.14263960409132	0.070436177617971	0.214137319686517
"hsa-miR-181a-5p"	-440.656899215052	-4.47656051774405e+132	-715.905507328257	-2.14071267741103	0.0706346047988121	0.214137319686517
"hsa-miR-34a-5p"	-480.419672704859	-4.17572597645405e+144	-384.023405359263	-2.13045528351062	0.0717003640267274	0.215910642072385
"kshv-miR-K12-10b"	723.986230285225	8.74121421936808e+217	569.8300208331	2.12830046409915	0.0719262982564652	0.215910642072385
"hsa-miR-140-3p"	-222.506016859281	-9.57161651489617e+66	-344.529488609457	-2.12699003116752	0.0720640474192055	0.215910642072385
"hsa-miR-376b-3p"	-38.7987048872549	-478160793992.841	-30.82838809006	-2.11659373488388	0.073166302304177	0.216893013680614
"hsa-miR-384"	15.2541532885701	39080.2828481835	8.74888793145917	2.11382737698007	0.0734624403891799	0.216893013680614
"hsa-miR-615-3p"	-35.1859420575103	-39086248156.0265	-36.2248834250698	-2.11368235710957	0.0734779978488708	0.216893013680614
"hsa-miR-620"	-1441.42142858297	-Inf	-1227.05634138444	-2.11326252304887	0.0735230554849539	0.216893013680614
"hsa-miR-340-3p&hsa-miR-340-5p"	-279.573012849942	-1.44498336023056e+84	-357.585481116502	-2.10302526473286	0.0746303545211365	0.217740609113907
"hsa-miR-489-3p"	13.3021420415176	10100.5206548496	11.5151005235204	2.10206594026364	0.074734970804932	0.217740609113907
"hsa-miR-130b-3p"	-28.22320928772	-313352071.094116	-36.863164665193	-2.09858579704095	0.0751157215775368	0.217740609113907
"hsa-miR-507"	22.1684627417572	4713811.8412351	21.5527600965227	2.09837769157237	0.0751385511348758	0.217740609113907
"hsa-miR-148a-5p"	14.6408217954514	25546.2125690234	15.9772714294965	2.09754647640623	0.0752298062779469	0.217740609113907
"hsa-miR-557"	-51.216224109882	-2615891470128250	-75.0871356316692	-2.09291455480054	0.0757403577063997	0.218394189326348
"hsa-miR-448"	30.5305605384923	1551009673.6635	23.6982741808885	2.09017695315327	0.0760437369736491	0.218447738796962
"hsa-miR-23b-5p"	17.0728558394584	137861.093618397	15.7541389169912	2.0804531874183	0.0771311745773434	0.220744816794113
"hsa-miR-146b-3p"	-209.50014674213	-1.16366578591415e+63	-110.494153592077	-2.07696746180964	0.0775247659518332	0.221046451617309
"hsa-miR-495-3p"	-173.367250949639	-1.54433957818829e+52	-109.483608053613	-2.0741327314144	0.0778463285974084	0.221141237163749
"hsa-miR-558"	18.1785840450381	296687.381947022	19.6755762822118	2.06491091449587	0.0789016610754532	0.223312081346393
"hiv1-miR-N367"	23.5601427412619	12368290.2171178	27.7309970890728	2.0589819156537	0.0795876932206426	0.224187415471149
"ebv-miR-BART2-5p"	90.9032369499003	2.31526669692218e+27	75.2119476644473	2.05477986497864	0.0800775012023972	0.224187415471149
"hsa-miR-658"	-1301.89064336643	-Inf	-1041.27428903511	-2.05469168402471	0.0800878120457561	0.224187415471149
"hsa-miR-629-3p"	-10.4154403166344	-1365.71460361897	-14.1042085223855	-2.04715045325092	0.0809745049453593	0.22432183568866
"hsa-miR-127-3p"	-117.535451032061	-2.40822086340299e+35	-111.929287304049	-2.04655406125123	0.0810450440199539	0.22432183568866
"hsa-miR-502-3p"	-12.9722781162473	-8036.09061269099	-15.0561494486838	-2.04579640399748	0.0811347451841699	0.22432183568866
"hsa-miR-202-3p"	-41.3848699014153	-2871357096913.12	-35.2115212341092	-2.04311298667952	0.0814532379671569	0.22432183568866
"ebv-miR-BART13-5p"	59.9976424455591	1151039016972035200	52.5683721064857	2.03975120874491	0.0818540009573127	0.22432183568866
"hsa-miR-196a-5p"	23.9866196396913	16622334.061022	18.7850233642763	2.03944475664685	0.0818906310206319	0.22432183568866
"kshv-miR-K12-8-3p"	-53.1553295145109	-10031101232420012	-47.500955023988	-2.03163438452427	0.0828297224919768	0.225902834877998
"hsa-miR-26b-3p"	31.395799476166	2825383341.17442	30.1363211089312	2.02755600295939	0.0833243387192073	0.225902834877998
"ebv-miR-BART13-3p"	-33.6993719999214	-13948316938.7952	-43.9204327201814	-2.02686780068708	0.0834080910948255	0.225902834877998
"hsa-miR-99b-3p"	-30.4787265988527	-1496273333.02719	-37.7460426105273	-2.01659488130555	0.0846682600458697	0.225902834877998
"hsa-miR-183-3p"	-34.3290681613372	-21581381390.9023	-40.4216341295213	-2.01657474200011	0.0846707489806393	0.225902834877998
"hsa-miR-92b-5p"	-13.4359767695459	-11082.354257887	-6.63452147977347	-2.01560012951434	0.0847912841633017	0.225902834877998
"hsa-miR-573"	26.1692521702776	75462270.3757585	17.4951418679369	2.01556660418507	0.0847954334349481	0.225902834877998
"hsa-miR-491-5p"	-137.718054483528	-2.8659284520521e+41	-114.330356891835	-2.01533574698032	0.0848240110102521	0.225902834877998
"hsa-miR-657"	-17.9420145789459	-251816.724700818	-12.4882934018236	-2.00955864719476	0.0855422708872454	0.226149390951166
"hsa-miR-611"	53.395713349492	11849809212928692	37.1055485830189	2.00721686357937	0.0858351366602612	0.226149390951166
"hsa-miR-1-3p"	-250.358205426098	-2.31915349579559e+75	-116.529470996645	-2.00337880646115	0.086317278175737	0.226149390951166
"hsa-miR-149-3p"	-191.87768101106	-5.76683443124548e+57	-231.648801859606	-2.00032190925983	0.0867032080090609	0.226149390951166
"hsa-miR-223-3p"	-43.4335202973257	-11879343125695	-66.5418913514897	-1.99624694148395	0.0872203263166069	0.226149390951166
"hsa-miR-9-3p"	-2321.59068181063	-Inf	-1860.71377584461	-1.9947431048095	0.0874119352740926	0.226149390951166
"hsa-miR-708-5p"	-312.682590004036	-1.33917925499543e+94	-203.277229909654	-1.99286524858151	0.087651784287476	0.226149390951166
"hcmv-miR-US25-2-5p"	79.3343665367861	7.62121150805665e+23	52.3893558503935	1.99151979187234	0.0878240329272777	0.226149390951166
"hsa-miR-921"	-1579.25358705957	-Inf	-1386.23531982133	-1.99143365276006	0.0878350720649554	0.226149390951166
"hsa-miR-339-3p"	-47.3438093357197	-178610390116243	-37.6477718493065	-1.99119953119878	0.0878650827945861	0.226149390951166
"hsa-miR-371a-5p"	-2411.44165083349	-Inf	-3057.31530186293	-1.97513234226748	0.0899490482475269	0.229413345958073
"hsa-miR-765"	-866.617696766835	-7.54955754953801e+260	-475.77120851638	-1.97183666158051	0.0903825049834253	0.229413345958073
"hsa-miR-659-3p"	-74.0964324414394	-2.01952268808682e+22	-79.3137887176904	-1.97031572205328	0.0905832376747102	0.229413345958073
"hsa-miR-517a-3p"	32.4184965996381	5740370062.57352	33.0004298520949	1.96817358665793	0.0908667017366642	0.229413345958073
"hsa-miR-323a-3p"	-133.28892344861	-1.33034428350419e+40	-82.8572941107166	-1.96106257094006	0.0918139742588904	0.229413345958073
"hsa-miR-329-3p"	-208.682055212521	-6.60021641326269e+62	-179.503915385894	-1.95995393142396	0.0919625329998814	0.229413345958073
"hsa-miR-587"	18.5628351826226	387231.068489785	19.9078933032638	1.95930200438326	0.0920500024281225	0.229413345958073
"hsa-miR-595"	90.0076561256005	1.24452702909663e+27	58.7049766781521	1.95912627087874	0.0920735947200849	0.229413345958073
"hsa-miR-744-3p"	-33.2349872738336	-10109462716.5545	-28.2914735227064	-1.95748551189611	0.0922941549758703	0.229413345958073
"hsa-miR-202-5p"	73.4699620541749	1.30816449761281e+22	67.015457920763	1.95490855507587	0.0926416155549331	0.229413345958073
"hsa-miR-532-3p"	-16.4432468017815	-89106.7314427162	-18.5557598429572	-1.95347073281756	0.0928360421028266	0.229413345958073
"hsa-miR-324-5p"	-65.7523596267196	-62148769353602752512	-57.245009200995	-1.95255983370229	0.092959424426988	0.229413345958073
"hsa-miR-24-1-5p"	-62.2662686876206	-5546443496555105280	-52.629131930864	-1.95210141853008	0.0930215783480584	0.229413345958073
"hsa-miR-30c-2-3p"	-522.967619701099	-2.68497527646245e+157	-310.061923648177	-1.94678327211605	0.093745632814948	0.230458014003414
"hsa-miR-574-5p"	-309.444193991327	-1.41900646939002e+93	-200.076086732168	-1.94421472766481	0.0940973181303019	0.230583523980644
"hsa-miR-432-5p"	-147.106407962972	-1.92061957653565e+44	-112.735351748538	-1.93443116214594	0.0954488069057607	0.233150429607384
"hsa-miR-145-5p"	-104.900553038281	-3.78628260538925e+31	-102.385317764495	-1.92944003361692	0.096145604025807	0.233598341231006
"hsa-miR-890"	-17.1981509551086	-150369.344818508	-13.1979131679549	-1.92875735504735	0.0962412983428914	0.233598341231006
"sv40-miR-S1-5p"	-353.820956185554	-3.24131251718776e+106	-280.283179473006	-1.92098119037688	0.0973379391921679	0.235432387404352
"hsa-miR-1296-5p"	-43.7004323331933	-14293577994136.6	-37.7871638347177	-1.91706852851741	0.0978943521704195	0.235432387404352
"ebv-miR-BART20-5p"	-14.8156371005228	-28837.0726874965	-10.186986817547	-1.9169043161184	0.0979177725971163	0.235432387404352
"hsa-let-7f-1-3p"	-16.7718792231366	-111902.227045782	-9.086181742771	-1.90610128584349	0.0994706519588598	0.238418718913892
"hsa-miR-146b-5p"	-275.100666221797	-6.5095708753939e+82	-191.709277431038	-1.88965099463353	0.101881697502197	0.241183576454089
"hsa-miR-526b-5p"	-101.976355002709	-4.98817526278752e+30	-100.099433245545	-1.88872797735902	0.10201865950946	0.241183576454089
"hsa-miR-939-5p"	-587.651185693398	-7.95488455267386e+176	-557.925913964103	-1.8885931298739	0.102038683916819	0.241183576454089
"hsa-let-7f-5p"	-192.956633862958	-1.2182450491044e+58	-131.173607510922	-1.8879824721068	0.102129412648162	0.241183576454089
"hsv1-miR-H1-5p"	-37.8283348180157	-244041376671.386	-24.7298977348804	-1.88561574968834	0.102481794356149	0.241183576454089
"hsa-miR-505-3p"	-13.6799624904182	-13124.3876403646	-20.7749407210632	-1.88207056366526	0.10301185944854	0.241183576454089
"hsa-miR-30a-3p"	-18.2879425684012	-320051.061594606	-19.1644630873373	-1.88157808230978	0.103085705068573	0.241183576454089
"hsa-miR-375-3p"	18.5521480040297	384373.141467214	12.3875373663823	1.88108884903461	0.103159114797613	0.241183576454089
"hsa-miR-564"	-19.7486821873383	-880938.74885081	-14.0333716196467	-1.87912547948256	0.103454232924896	0.241183576454089
"hsa-miR-139-5p"	-121.911892369951	-5.00191643087441e+36	-75.2768016058334	-1.87390536872274	0.104242889478571	0.242153121786884
"hsa-miR-487a-3p"	-110.448827473933	-1.7717810629422e+33	-67.4096556914504	-1.87220172685373	0.104501542778955	0.242153121786884
"hsa-miR-181c-5p"	-94.6036335204319	-3.00975668992141e+28	-80.8244751386152	-1.86379972257727	0.105786340436379	0.244391937092479
"hcmv-miR-US5-1"	13.6485719226862	12841.9077758369	12.6100048257012	1.85572045915409	0.107036281741341	0.245212750749819
"hsa-miR-423-3p"	-72.2230454957294	-5.5119221172645e+21	-123.13358367018	-1.85528332208892	0.107104319252945	0.245212750749819
"hsa-miR-431-5p"	22.9196136744241	7933981.89379023	26.9510511652671	1.85451433575976	0.107224108989	0.245212750749819
"hsa-miR-224-5p"	31.9717413046503	4211658469.89459	19.5143147425806	1.85293971107448	0.10746980454375	0.245212750749819
"hsa-miR-520e-3p"	56.244053678296	85338938180943312	49.4802339644737	1.85121113105258	0.107740152545879	0.245212750749819
"hsa-miR-877-3p"	43.3930155238629	11550459854653.5	34.8139367688328	1.84485019160175	0.108740697716156	0.246757737125122
"hsa-miR-361-3p"	15.7811029784348	56309.9784546461	16.9976135395067	1.83423443537899	0.110430626931472	0.249853365358228
"hsa-miR-452-3p"	19.6292140253326	810927.844622476	32.1941529455309	1.82533164449211	0.111867476032128	0.251429494766733
"hsa-miR-648"	-37.034133898441	-140729507196.627	-38.3554244324405	-1.82407814230328	0.112071231387403	0.251429494766733
"hsa-miR-503-5p"	-1599.82372734885	-Inf	-1156.89027683652	-1.82383574439799	0.112110674328843	0.251429494766733
"hsa-miR-26a-2-3p"	178.017914012855	3.8791081093563e+53	99.0261863459447	1.81908633828016	0.112886212986055	0.252430686181646
"hsa-miR-27b-3p"	-451.574613931895	-8.65972446542625e+135	-661.782705565126	-1.80956512035123	0.114456607506257	0.255198308015404
"hsa-miR-766-3p"	-95.9904830702834	-7.8707243447802e+28	-70.9760676396237	-1.80655294906762	0.114957805116442	0.255572859490756
"hsa-miR-181a-3p"	-33.8685021037032	-15683213021.6243	-47.6229767569405	-1.79906511370809	0.116212909986704	0.257199084691015
"hsa-miR-193b-3p"	-49.1009875926545	-603767986983851	-83.8203718347734	-1.79752923831439	0.116471981394644	0.257199084691015
"hsa-miR-129-1-3p"	-1143.4620535305	-Inf	-933.663494278767	-1.79620806618113	0.11669528223269	0.257199084691015
"hsa-miR-181d-5p"	-28.8262551834936	-475956730.87468	-21.256539451154	-1.78587632546988	0.11845581110082	0.258758578434118
"hsa-miR-367-5p"	17.1592902140719	146373.028546044	9.68161862767474	1.78517302312048	0.11857657934935	0.258758578434118
"hsa-miR-665"	-2084.38303474559	-Inf	-2222.78202989311	-1.78392288421725	0.11879154081718	0.258758578434118
"hsa-miR-142-5p"	-32.8751006618628	-7877554376.98585	-45.8085914407562	-1.78308840634759	0.118935238035536	0.258758578434118
"hsa-miR-379-3p"	-76.1874085542482	-8.60389826923982e+22	-54.6300508433545	-1.78219266090445	0.119089671691322	0.258758578434118
"hsa-miR-506-3p"	-24.1875945228818	-19106954.7172488	-15.5103219552723	-1.77945572161707	0.1195627381523	0.259052599329984
"hsa-miR-769-3p"	10.0822962389274	1084.11060571052	7.27730991079576	1.77093815946605	0.121046546726275	0.261528736166345
"hsa-miR-100-3p"	11.6419630705899	3195.80368110708	8.46828324031007	1.76164694486916	0.122685298358167	0.26321221638043
"hsa-miR-486-5p"	-52.3296537896439	-5659726610739783	-57.165278124628	-1.76056643682462	0.122877250706192	0.26321221638043
"hsa-miR-374b-3p"	-104.575780299234	-3.02305946498308e+31	-71.3776532516848	-1.76003716307966	0.122971381305892	0.26321221638043
"hsa-miR-602"	-30.7807794952471	-1844751694.70833	-58.9640849541448	-1.75784376360411	0.123362211923348	0.26321221638043
"hsa-miR-411-3p"	-92.3730408674046	-6.412923980647e+27	-60.1733070648389	-1.75683930881896	0.123541587870867	0.26321221638043
"ebv-miR-BART14-5p"	14.0751541564914	17260.1114116084	16.3824538468359	1.75387497620828	0.124072418264687	0.263610927448794
"hsa-miR-451a"	-2357.99494840527	-Inf	-1785.74656962754	-1.74765085977542	0.12519410520311	0.264299508148009
"hsa-miR-105-3p"	13.7679846726909	13950.0693403037	8.8211555500134	1.74687657784241	0.125334320533476	0.264299508148009
"ebv-miR-BART9-3p"	14.8119344445678	28763.1576490604	15.025524473246	1.74634718581268	0.125430275053293	0.264299508148009
"hsa-miR-492"	-18.4028547276946	-346586.20992411	-14.6469923508992	-1.74183473737961	0.126251033026111	0.265300115975416
"ebv-miR-BART10-3p"	-28.2762875961627	-325095331.17756	-18.0148350415395	-1.73884903835271	0.126796915246428	0.265654706975528
"hsa-miR-193b-5p"	-38.7554179127006	-464027037343.002	-30.8962781707861	-1.737128621189	0.127112486910064	0.265654706975528
"hsa-miR-524-5p"	-40.7092917029299	-1797702841230.16	-28.3947712050443	-1.72773928725471	0.12884801097586	0.268550066354577
"hsa-miR-219a-5p"	-2138.48672121267	-Inf	-2959.56728052657	-1.72471756338891	0.129411340571503	0.268952632037176
"hsa-miR-126-3p"	-1270.67731102253	-Inf	-998.256548406672	-1.7229472247051	0.129742469170476	0.268952632037176
"hsa-miR-300"	-381.799322856229	-8.57133568339129e+114	-341.424208593113	-1.7202411319369	0.130250185078546	0.26927733680659
"hsa-miR-30b-3p"	-516.243221248485	-2.53918681321717e+155	-392.989366324933	-1.7173874423506	0.130787643972745	0.269661620771761
"hsa-miR-196b-5p"	62.6279671682633	7126834687374600192	38.2391380958414	1.71294042170486	0.131629400941564	0.270274076745885
"hsa-miR-524-3p"	20.8675329642578	1913169.09944599	17.3986738491561	1.71209796706469	0.131789445505816	0.270274076745885
"hsa-miR-554"	-37.5891158870382	-206752796517.63	-28.7476523266825	-1.70710465658118	0.132741853011129	0.271103137518386
"hsa-miR-338-3p"	-515.650332008939	-1.68351584702837e+155	-799.194342306946	-1.70627555541615	0.132900625432742	0.271103137518386
"hsa-miR-498-5p"	-90.5964973813668	-1.8718162527614e+27	-102.957048861832	-1.70365544493213	0.133403562892253	0.271172092043601
"hsa-miR-134-5p"	-23.2400448712609	-9907192.62016562	-20.3339783491488	-1.7024190169403	0.13364152645695	0.271172092043601
"hsa-miR-19b-2-5p"	29.5113469362136	765245245.955013	17.3401447117692	1.70024351392539	0.134061204365085	0.271305920179473
"hsa-miR-15a-3p"	29.9807791365965	1059531355.14767	35.0814047750213	1.69091786599887	0.135874443501118	0.274251837277257
"hsa-miR-548a-5p"	-9.3316433865776	-644.324385446262	-10.2361978796946	-1.68836633965062	0.136374590909574	0.274412196753289
"hsa-miR-630"	-79.9061371672867	-1.13277622405374e+24	-54.8777167684961	-1.68686631495795	0.136669438278692	0.274412196753289
"hsa-miR-877-5p"	-35.2858577821356	-41889156487.2056	-29.2014926022755	-1.67785992159859	0.138452488565838	0.277266471879891
"hsa-miR-92b-3p"	-27.7339089477156	-223222768.57543	-41.7253323503961	-1.67102258333959	0.139820795705409	0.278535370899166
"hsa-miR-520f-3p"	19.861250712457	952428.134443851	24.67101515115	1.66972193643733	0.140082528070465	0.278535370899166
"hsa-miR-891b"	130.771482043029	2.32347857617519e+39	112.579294763434	1.66787894657996	0.140454190368198	0.278535370899166
"hsa-miR-34a-3p"	-23.6478393350903	-13143437.7478939	-14.8865970129829	-1.66746048892365	0.140538707350688	0.278535370899166
"ebv-miR-BART1-3p"	22.0876458505151	4457013.34678478	14.7012524261621	1.66513281939103	0.141009710287142	0.278748576778964
"hsa-miR-504-5p"	-48.6606814794909	-444963855693190	-29.1385453256683	-1.65797960627173	0.142466503585388	0.280904391388156
"hsa-miR-562"	36.0835013553019	72814229204.6989	25.3270815729778	1.64937161975804	0.144238386498654	0.283346679376577
"hsa-miR-708-3p"	43.347226859784	11189624522483.8	64.573035694349	1.64816413745488	0.144488590745657	0.283346679376577
"hsa-miR-521"	-31.7775608468212	-3681281293.26873	-19.2553032224094	-1.64659941682231	0.144813426747873	0.283346679376577
"hsa-miR-150-3p"	29.2069824122149	619694710.113634	36.1289635549131	1.64100225820211	0.145981031355751	0.284904455597611
"hsa-miR-628-3p"	-966.268538874392	-7.51301174209704e+290	-767.324429471387	-1.63564154365788	0.147107606420291	0.286374452092292
"hsa-miR-599"	-8.72326953941882	-422.635322946481	-7.80887682934774	-1.63092881564467	0.14810474575651	0.287498060844324
"hsa-miR-30d-5p"	-175.454880168116	-6.56420017285225e+52	-287.547042166525	-1.62784794598164	0.148760035164052	0.287498060844324
"hsa-miR-208b-3p"	-34.5075433752455	-24423372463.2397	-28.7097028523186	-1.62761685827402	0.148809296160621	0.287498060844324
"hsa-miR-33b-5p"	11.3992047555706	2700.86301727983	14.0530794814129	1.62522582055061	0.149319892888341	0.287686975385991
"hsa-miR-592"	32.5098265431671	6115513698.71976	49.9725315556651	1.62365028296272	0.149657240129088	0.287686975385991
"hsa-miR-143-3p"	-582.962660155733	-3.08494239543236e+175	-310.035982631322	-1.62020402791225	0.150397628857458	0.288387453334177
"hsa-miR-551a"	-14.2082516048936	-18928.2262742386	-5.85025605954366	-1.61746340444632	0.150988868580155	0.288799157608426
"hsa-miR-517b-3p"	29.9708199435432	1052242399.96433	28.5546740226	1.61373556121992	0.151796576569755	0.289621826440304
"hsa-let-7i-3p"	-45.6111446807745	-53743096506035.8	-36.3426531376042	-1.60931349309996	0.152759943126942	0.290736665951276
"hsa-miR-624-5p"	9.33697620571517	646.71049181882	6.36565547774092	1.60656554446454	0.153361472185929	0.291159032590613
"hsa-miR-624-5p&hsa-miR-624-3p"	-32.6139047729349	-6572999698.84155	-23.0222535663215	-1.60191884673567	0.15438367718339	0.292012630293029
"hsa-miR-148b-5p"	-24.2571061234701	-20050100.376764	-14.0843966083064	-1.6010635282078	0.154572526595789	0.292012630293029
"hsa-miR-889-3p"	-40.5717330269792	-1634212835358.62	-24.1145038129417	-1.59594756630108	0.155706610074846	0.293432358543996
"hsa-miR-646"	8.45801610940678	351.654802380359	5.02277208225092	1.59078815553322	0.156858179719989	0.294699976595897
"hsa-miR-548d-5p"	-22.0097848061037	-4222847.76007133	-28.5576342614133	-1.58949653629615	0.157147705903158	0.294699976595897
"hsa-miR-513a-3p"	-14.512192479126	-23367.1227018733	-14.0435708011655	-1.58006319787163	0.159277393011793	0.297534330959722
"hsa-miR-185-3p"	548.997544257585	1.83962103737745e+165	-390.143510397724	1.57887965247911	0.159546479601386	0.297534330959722
"hsa-miR-101-5p"	39.4436209436973	747675313781.115	36.4118049211497	1.57554855844229	0.160306094687176	0.297534330959722
"hsa-miR-299-3p"	-20.589592561262	-1577919.92220679	-21.4602942339859	-1.57462746716821	0.160516730441165	0.297534330959722
"hsa-miR-376a-5p"	-125.568407259808	-6.30749758565344e+37	-93.3176339521009	-1.57341034530565	0.160795456896961	0.297534330959722
"hsa-miR-758-3p"	-30.6300652590213	-1661760425.47297	-17.2871445801469	-1.57257666482167	0.160986632787855	0.297534330959722
"hsa-miR-501-5p"	16.0508911427703	67889.0436939495	14.2202564194948	1.56881448535711	0.161851986126898	0.298414599421468
"hsa-miR-553"	-22.6660013312708	-6654972.76464766	-14.9008905537427	-1.56355996614303	0.163067821200183	0.299935297027674
"hsa-miR-124-3p"	-742.161760426907	-2.58792403038906e+223	-1258.77355870793	-1.55973541323945	0.1639580954019	0.300851337735066
"hsa-miR-605-5p"	-23.9437067691758	-16135184.8394246	-37.3257211926289	-1.54872369938084	0.166546573285775	0.30487165085964
"hsa-miR-652-3p"	-32.1874496076355	-4890889104.8959	-29.7821421536562	-1.54618513434362	0.167148637297518	0.305187133421377
"hsa-miR-337-5p"	-32.849635465721	-7739726635.29086	-18.4597094296932	-1.54464573382583	0.16751471078279	0.305187133421377
"hsa-miR-29b-2-5p"	-36.0901147121383	-73148777994.9185	-23.357187705251	-1.54257460835306	0.168008397699323	0.305245679220385
"hsa-miR-645"	10.4644736090178	1412.92934533751	15.1167061074148	1.53814176533035	0.169069553665774	0.305245679220385
"hsa-miR-614"	13.9857706142874	16223.1979516752	2.69752476177536	1.53805543831715	0.169090280279334	0.305245679220385
"hsa-miR-369-3p"	-43.9966659764739	-17551577987754.5	-36.137938615909	-1.5374763269655	0.169229382124599	0.305245679220385
"hsa-miR-581"	24.1501326503765	18617198.4024846	31.7045818119762	1.53619839300012	0.169536713621753	0.305245679220385
"hsa-miR-21-3p"	-118.041360990548	-3.41971873089896e+35	-58.7359153835758	-1.53344327369686	0.170201045298065	0.305724125863269
"hsa-miR-422a"	-139.708698628166	-1.13896123319686e+42	-59.2728948980622	-1.53137562242796	0.170701184514216	0.305906094678514
"hsa-miR-323b-5p"	19.7092765500013	857202.510680852	18.8790598359646	1.5257102366409	0.172078511016681	0.30765551969649
"hsa-miR-182-5p"	-27.2454738525482	-159112711.103071	-18.4172358176521	-1.52375728076148	0.172555663468616	0.307791148559136
"hsa-miR-181b-5p"	-96.0368744923293	-8.12792920118545e+28	-158.449122593052	-1.51921129965349	0.17367106578003	0.308366952315467
"ebv-miR-BART3-3p"	-14.5545754275968	-24063.7760887989	-9.45933096481746	-1.51916459373804	0.173682559843914	0.308366952315467
"kshv-miR-K12-9-3p"	9.91086831545211	962.650511726756	8.58490062785955	1.51576134216197	0.174521963100097	0.309141675976385
"hsa-miR-154-3p"	-71.2532010309593	-2.81417303512177e+21	-44.0654743963559	-1.51398934285694	0.174960494734252	0.309204376638643
"hsa-miR-518f-3p"	8.44081785964968	347.487641740653	5.71020621179984	1.51003675865255	0.175942318203599	0.309611905053
"hsa-miR-486-3p"	-11.1058878223291	-2203.9683979293	-12.0961880283216	-1.50981150475937	0.175998423211353	0.309611905053
"hsa-miR-34b-5p"	12.5481753155893	5989.31508303909	8.65004703196167	1.50731833794535	0.176620503537725	0.309995254492987
"hcmv-miR-UL112-3p"	8.38976795250617	335.406759197399	2.47921563031862	1.49608402445772	0.179448673873863	0.314240029363591
"hsa-miR-876-3p"	-26.0000672177389	-67111990.7946854	-12.3544143006447	-1.49298639554717	0.18023573336342	0.31489933368962
"hsa-miR-875-3p"	8.87666124128897	470.047010567014	7.4887110430931	1.48952448831684	0.181119079899202	0.315723487006109
"hsa-miR-369-5p"	-64.3359998583681	-23284437907017789440	-33.1186760485678	-1.48719317842212	0.181716165558807	0.316046029441281
"hsa-miR-340-3p"	-38.1277150318861	-300321130935.267	-13.3844923257348	-1.47872872317209	0.183899165606281	0.318190404803547
"hcmv-miR-UL22A-3p"	25.1950144578187	38410953.9350282	18.7543789586602	1.47864760180748	0.183920202049595	0.318190404803547
"hsa-miR-618"	53.6354759701604	13992235264590444	68.0621773867306	1.4775938402724	0.184193663276108	0.318190404803547
"hsa-miR-505-5p"	-72.4816287048132	-6.5939306420981e+21	-31.6692767376649	-1.47518196201305	0.184820962121937	0.318532777047324
"hsa-miR-548b-3p"	8.27419457992011	309.585604789301	9.1440130908666	1.47364220462688	0.185222449234819	0.318532777047324
"ebv-miR-BART18-3p"	-23.1145086357614	-9081559.53610128	-6.20588528145488	-1.47017639209475	0.186129052405597	0.319375801331304
"hsa-miR-190b-5p"	-46.0919894695745	-75001748853095.7	-22.9267241204605	-1.46319290040009	0.187968082407053	0.321811426799575
"hsa-miR-19a-5p"	8.57331134104979	380.911316945828	9.39315024948134	1.45410277341595	0.190386561025939	0.325226040772596
"hsa-miR-129-5p"	-134.719250172728	-3.58538085679602e+40	-261.335115274432	-1.44735283409951	0.192200611968422	0.327110405118258
"hsa-miR-96-5p"	9.51124819531801	729.7447899366	18.773919005925	1.44548143956407	0.192706310495314	0.327110405118258
"hsa-miR-515-5p"	-121.233754093318	-3.1260539511493e+36	-57.854728994307	-1.44439296706962	0.19300099625711	0.327110405118258
"hsa-miR-27a-5p"	16.6540697251081	103127.511245025	11.4796133246281	1.44367504369285	0.193195584769975	0.327110405118258
"hsa-miR-571"	9.3592632649677	656.778579534799	8.40883910497086	1.43411111456085	0.195804773293403	0.330797931973656
"hsa-miR-328-3p"	11.8958329023804	3810.68040702421	21.3030695471534	1.43087130237024	0.196695822247675	0.331393787505353
"hsa-miR-200c-3p"	-21.0742152741187	-2207856.955798	-25.6488972150578	-1.42969008939321	0.197021599872804	0.331393787505353
"ebv-miR-BART16"	-69.6386488588918	-9.19014077622208e+20	-43.0026321804332	-1.42679350148924	0.197822533353651	0.332012873265318
"hsa-miR-199b-5p"	72.5849637465645	7.08355584132651e+21	61.3984612185457	1.42375941488914	0.198664626399487	0.332530963506092
"hsa-miR-139-3p"	-18.514131676354	-374376.843475156	-13.3216328106585	-1.42256030107406	0.198998321055145	0.332530963506092
"hcmv-miR-US25-1-3p"	-10.0596641803929	-1067.23648697283	-21.0325242020972	-1.4102861560887	0.202443080798683	0.337551832549108
"hcmv-miR-US33-3p"	-7.32031700742401	-159.821424410832	-7.13659695696186	-1.40611862155723	0.203624807709201	0.338785742978215
"kshv-miR-K12-9-5p"	-23.692699047176	-13558545.1433263	-18.1763631817063	-1.40215364776531	0.204754825619459	0.339687169407607
"hiv1-miR-H1"	-10.5083302805465	-1456.54068054616	-10.1009779778751	-1.40054401955154	0.205215168270094	0.339687169407607
"hsa-miR-31-5p"	-37.373709550468	-178076915235.84	-43.5893553384366	-1.39956631422532	0.205495236773311	0.339687169407607
"hsa-miR-32-3p"	-1078.3713732367	-Inf	-769.733228356772	-1.39764300932578	0.206047173996393	0.339867059043513
"hsa-miR-198"	-50.1551102540504	-1253697102975552	-23.3405798884055	-1.39451223930165	0.206948453962266	0.34028384625924
"hsa-let-7f-2-3p"	14.0652197921146	17141.6669581966	15.8971951856059	1.39368506661865	0.207187165844935	0.34028384625924
"kshv-miR-K12-3-5p"	-26.4579453183138	-92179673.2724214	-35.9709543130368	-1.390488556532	0.208111950235756	0.341072362886377
"hsa-miR-136-5p"	-151.177430653279	-3.22805773806488e+45	-197.518170664659	-1.3815632735684	0.210713638411515	0.344599916122884
"hsa-miR-555"	-54.7784884463599	-30900687319912988	-29.1198908906624	-1.37735768177759	0.211949556601799	0.345883638113999
"hsa-miR-195-3p"	-50.1566260118479	-1255014983556509	-22.8143837607182	-1.37284667190699	0.213282386928687	0.347319725635463
"hsa-let-7e-3p"	8.64606223723099	400.612114107133	7.33496036091991	1.35322034426021	0.21916811477157	0.356148186503802
"hsa-miR-188-5p"	8.55854207879728	377.031716147617	12.6842474368145	1.34719117301756	0.221004805953421	0.35837354369191
"hsa-miR-194-5p"	8.245243457768	303.434950315393	7.59970983528717	1.3238654548515	0.22823889647706	0.369239977187814
"hsa-miR-146a-5p"	-14.2583186629545	-19596.6395845621	-10.0597925785748	-1.3224997184598	0.228668825507447	0.369239977187814
"hsa-miR-625-3p"	-90.6934238331178	-2.00189356353944e+27	-80.6242611411438	-1.31888183589526	0.229811151830297	0.370182138289616
"hsa-miR-216a-5p"	-29.4464547425335	-731587275.9714	-13.1446028769227	-1.31759844133244	0.230217574920661	0.370182138289616
"hsa-miR-151a-3p"	-74.2419916879669	-2.2339139282142e+22	-126.027305604429	-1.31362439794294	0.231480057218753	0.371214860534483
"hsa-miR-296-5p"	115.770568577323	7.08620573048826e+34	146.310259165004	1.31253311849131	0.231827794258172	0.371214860534483
"hsa-miR-570-3p"	30.8704532181841	1963054687.09784	38.45227093469	1.3093403375169	0.232847797611547	0.371349466633238
"kshv-miR-K12-4-5p"	12.8675348111035	7473.32636157827	18.5826845159415	1.30794335200464	0.233295325513966	0.371349466633238
"hsa-miR-584-5p"	269.353715765213	1.21212634041958e+81	89.7613786925497	1.30772815104317	0.23336433235622	0.371349466633238
"hsa-miR-626"	-17.3702155787554	-169416.5838745	-1.13846494436923	-1.30588383789698	0.233956464544453	0.371520928168934
"hsa-miR-200b-3p"	15.3183314667503	40858.0141986919	24.6753657052652	1.30307097184684	0.234862080926977	0.372188462956594
"hsa-miR-98-5p"	-163.359595808211	-1.50016288943012e+49	-196.007512278462	-1.29737631917689	0.23670485438085	0.373803319407281
"ebv-miR-BART20-3p"	-16.1256999373328	-71502.1963303917	-12.849030779167	-1.29691151018808	0.236855819076843	0.373803319407281
"hsa-miR-455-3p"	-30.1003012266372	-1151048299.92283	-16.1494364495739	-1.29461487692668	0.237602968900582	0.374212478740753
"hsa-miR-621"	-13.0847366481493	-8687.56799003973	-13.3188510254263	-1.2898107602313	0.239172487740304	0.375912496100027
"hsa-miR-155-3p"	-22.0307939409401	-4284792.59236169	-8.70542457173886	-1.2864689509465	0.240269566223859	0.376864534342945
"hsa-miR-373-3p"	17.8339441099149	233642.647132104	28.152903418142	1.28129451341577	0.241976882387966	0.378767895493
"hsa-miR-302c-3p"	67.4880102843772	2.06973833347093e+20	86.9875150671545	1.27945010555856	0.24258798303788	0.378951085519457
"hsa-miR-155-5p"	33.7831401949702	14782182045.8241	11.0475808375802	1.27516551855789	0.244012733974206	0.380401965362228
"hsa-miR-802"	-7.70569043649384	-208.758399557663	-8.53507674135238	-1.27181615197879	0.245131527092145	0.381370955942545
"hsa-miR-19a-3p"	-60.5907485008818	-1736331957142413312	-122.741653903861	-1.26854796927022	0.24622746800793	0.381962279052977
"hsa-miR-125b-2-3p"	-12.1830532372408	-4650.12324255378	-29.050412915957	-1.26771461150684	0.246507598606549	0.381962279052977
"hsa-miR-19b-3p"	-61.3021668497446	-2843092704787751424	-120.970633196604	-1.26375849761089	0.247841184469378	0.38325441227422
"hsa-miR-411-5p"	-151.296075620898	-3.5047495458225e+45	-83.2105404885787	-1.25687671975422	0.25017579956518	0.385576458655041
"hsa-miR-335-5p"	-483.295230397146	-3.06451047990518e+145	-259.697916292036	-1.25549953905955	0.250645266189199	0.385576458655041
"hsa-miR-609"	33.0501754421535	8893939482.80903	46.4819551317907	1.25489696192272	0.250850916387048	0.385576458655041
"hsa-miR-325"	12.9433815846856	7876.73260112896	4.90110160420755	1.2511012516953	0.25214966672973	0.386298532716884
"hsa-miR-148a-3p"	-24.8319093519713	-29864109.1729049	-12.8899190783974	-1.25058141023661	0.252327985516504	0.386298532716884
"hsa-miR-135a-5p"	-488.802954182621	-1.39428378956107e+147	-235.391896407756	-1.24776550635307	0.253295792488854	0.387007714818628
"hsa-let-7b-3p"	-22.9483360412496	-8093521.02028884	-40.9714205142544	-1.23888982349125	0.256367136325108	0.390921657179638
"hsa-miR-106b-3p"	7.45050911488359	174.914867952751	0.502703208674147	1.23610081690818	0.257338796675297	0.391097668200071
"hsa-miR-525-3p"	13.5415335383639	11923.6105420124	1.37660237361103	1.23530578060203	0.257616354295449	0.391097668200071
"hsa-miR-509-3p"	5.78320476254486	55.0703839760562	10.073525746615	1.23417295011073	0.258012281759108	0.391097668200071
"hsa-miR-513a-5p"	-52.9494952625268	-8697337622130649	-101.098704742172	-1.2223601991702	0.262171873688972	0.396618988401266
"hsa-miR-299-5p"	27.6080259320952	204570933.351259	33.3062378520783	1.21754513284672	0.263883682239502	0.398280024156442
"hcmv-miR-UL36-3p"	13.4177771342727	10943.4281924762	9.81651920225736	1.21635461032866	0.264308386304601	0.398280024156442
"hsa-miR-582-3p"	-23.6874431313159	-13509239.5598395	-25.6097970683485	-1.2144671096498	0.264982917212169	0.398513524513203
"hsa-miR-519a-3p"	17.0703898440098	137625.649235018	19.1519682342638	1.20259618373593	0.269258712732224	0.404151531635256
"hsa-miR-455-5p"	38.1358359477199	302016402408.893	50.8537305955092	1.2002817029958	0.270099126088956	0.404621151777792
"hsa-miR-93-5p"	-49.5062040522231	-799562452040645	-109.96536784089	-1.19649728363	0.271478059092231	0.405894096147644
"hsa-miR-548a-3p"	10.4398496283318	1389.0180468298	12.3606764405625	1.19035652645552	0.273728196497163	0.407491571185238
"hsa-miR-330-5p"	-15.2080694851679	-37851.6740114917	-23.6631555681131	-1.18994047155303	0.273881216261609	0.407491571185238
"hsa-miR-33a-5p"	-104.659112570585	-3.20281757757599e+31	-152.902986571646	-1.18769200367007	0.274709419937944	0.407491571185238
"hsa-miR-632"	26.8081343790443	117503979.716984	32.1304410172894	1.18656590385355	0.275124999606832	0.407491571185238
"hsa-miR-330-3p"	-19.880533328871	-965243.446755142	-42.570166908388	-1.18635494177761	0.275202912482338	0.407491571185238
"hsa-miR-18a-5p"	-19.5340347911097	-759154.915593593	-36.8562339022857	-1.17571621904802	0.279156107811441	0.412548621756022
"hsa-miR-580-3p"	13.0865235568454	8698.33499775363	20.2863614129835	1.1723622244442	0.280412222180791	0.413608027716666
"hsa-miR-515-3p"	14.7152509412159	26898.7393757258	18.0371735678124	1.16184607666132	0.284381309643447	0.417587585425188
"hsa-miR-638"	-81.3967945565554	-3.18329371958096e+24	-66.3493153624813	-1.1616413654767	0.284459035769619	0.417587585425188
"hsa-miR-21-5p"	-103.102379258819	-1.08870139958165e+31	-184.429880428028	-1.16026505601055	0.284982061722228	0.417587585425188
"hsa-miR-943"	-97.7298602146213	-2.62796390948391e+29	-89.9090415128193	-1.15923817299809	0.285372819758503	0.417587585425188
"ebv-miR-BART6-3p"	-28.4157863630651	-358099772.958829	-53.5962270495681	-1.15803181887489	0.285832441131973	0.417587585425188
"kshv-miR-K12-6-3p"	204.528106751246	3.70761890967461e+61	-110.242076553689	1.14104448158941	0.292370176130737	0.426003497275476
"hsa-miR-545-5p"	9.08390903218812	542.661606990981	8.45340509681631	1.13753681037762	0.293735441136989	0.426003497275476
"hsa-miR-661"	15.5910646719531	49360.338645945	12.5780745212175	1.13739152662728	0.293792102242108	0.426003497275476
"hsa-miR-193a-5p"	-636.246205874171	-3.38214790250699e+191	-879.761400558944	-1.13733367359691	0.293814667612421	0.426003497275476
"hsa-miR-379-5p"	-175.477174122578	-6.6664245051665e+52	-111.575494731171	-1.12849051988154	0.297280760242094	0.430215741708841
"hsa-miR-556-5p"	-37.0943388915923	-146726539747.784	-16.0571731088411	-1.12651009443896	0.29806158940425	0.43053340691725
"hsa-miR-148b-3p"	-80.0903004616381	-1.28701260585639e+24	-184.505795793344	-1.1245991623429	0.298816617303776	0.430578683303778
"sv40-miR-S1-3p"	33.1049457638366	9238079168.50657	47.6523612397549	1.12359072184411	0.299215695177201	0.430578683303778
"hsa-miR-23a-5p"	6.75502384552665	108.01020713223	13.491971620476	1.11722212042204	0.301746110214187	0.433406866169066
"hsa-miR-200a-5p"	-12.1513495347002	-4549.04986825766	-6.24186769245688	-1.11231904841547	0.303706158332064	0.435406772786343
"hsa-miR-204-5p"	-133.832336822881	-1.93886590437977e+40	10.4138724974246	-1.10523074923965	0.306558166472869	0.438675585232632
"hsa-miR-500a-3p&hsa-miR-500a-5p"	-9.61467020558161	-783.978459631079	-7.72607747779846	-1.09959664391999	0.308840627350615	0.440483458421341
"hsa-miR-95-3p"	-182.213232276389	-7.10638155850158e+54	-41.1577025049871	-1.09927795805534	0.308970144238176	0.440483458421341
"hsa-miR-568"	-6.77214154812496	-109.299390681872	-10.2089067882454	-1.08116774119041	0.316403116686642	0.4502433961014
"hsa-miR-496"	6.19997451347107	73.5153959915528	5.41230972426422	1.06488195753527	0.323210081064957	0.458359771030918
"hsa-miR-425-3p"	6.47443172583972	88.9197338981986	6.24147416155035	1.06439605747362	0.3234149672696	0.458359771030918
"hsa-miR-663a"	-5.81784374306127	-56.4086202107517	-3.61232308034882	-1.06320355181844	0.323918244884599	0.458359771030918
"hsa-miR-653-5p"	15.7473510015585	55007.8921753793	16.1269039014892	1.06183355662126	0.324497204263088	0.458359771030918
"hsa-miR-936"	-9.25688276468495	-611.785780341666	-9.63216112152034	-1.05142192276611	0.328924285591706	0.463293802431594
"hsa-miR-30c-1-3p"	4.80082331196246	27.8735202467615	8.41790956423202	1.05078110323032	0.329198334191941	0.463293802431594
"hsa-miR-501-3p"	8.30095606948205	315.381903177708	12.3988004591209	1.04781302609282	0.330470018708986	0.46419122433457
"hsa-miR-367-3p"	16.9293111779459	124804.564880322	26.2808927731904	1.0464707323352	0.331046414225567	0.46419122433457
"hsa-miR-572"	10.741374697499	1711.89048721839	13.1705038199245	1.03863618750808	0.334426635278355	0.468075235873172
"hsa-miR-301a-3p"	-67.252427084218	-1.75791484470968e+20	-89.2574894088102	-1.01617702855368	0.344268425174489	0.480972462857619
"hsa-miR-302d-3p"	44.8468173160339	31640054448304.4	85.3961069785661	1.01218658526893	0.346040697492384	0.482569481775743
"hsa-miR-1307-3p"	7.71471695089335	210.068633461735	3.64814740728928	1.0088575136011	0.347524705930939	0.483204814522178
"hsa-miR-181c-3p"	-23.6698321913877	-13345335.0566758	-12.14927629919	-1.00833905629494	0.347756268078542	0.483204814522178
"ebv-miR-BART19-3p"	-17.8331367506336	-233511.932890552	-28.7867072684029	-0.99917642081686	0.351868591251827	0.488034736871883
"hsa-miR-548c-3p"	8.35762365837313	328.016291048795	9.96540231583946	0.996077135433149	0.35326815295178	0.488402204907965
"hsa-miR-590-5p"	-8.07034742594193	-268.79219302754	-15.2520600912396	-0.995770027234077	0.353407071348006	0.488402204907965
"hsa-miR-582-5p"	-62.8603731314509	-8372551955143018496	-33.3192990835881	-0.979830881986954	0.360675504890105	0.497550561601998
"hsa-miR-424-3p"	-8.59613176107014	-386.984443252389	-2.69660778892276	-0.976262309589542	0.362318556189281	0.498919807176264
"hcmv-miR-US25-1-5p"	8.65866381756912	404.126687839205	20.7220310068497	0.969788865371788	0.365313802997198	0.500486804774573
"hsa-miR-1180-3p"	9.1171656112252	555.316176053121	7.78239917302256	0.968817244930156	0.365765009409888	0.500486804774573
"hsa-miR-126-5p"	-104.838984825917	-3.62809915380749e+31	-29.9699620796853	-0.968548461201077	0.365889904293155	0.500486804774573
"hsa-miR-200c-5p"	-8.34598365887498	-325.380426920818	-3.24945440173188	-0.968168275563305	0.366066619919864	0.500486804774573
"hsa-miR-219a-1-3p"	17.085722315032	139096.087531329	25.0318988969901	0.957877701301233	0.370874751114224	0.50615824573774
"hsa-miR-660-5p"	-20.9013962624682	-1958606.65695421	-17.6837816555197	-0.952843031651233	0.373244664327058	0.508057798385087
"hsa-miR-374a-3p"	-15.1437309629258	-36200.7248143892	-9.26416166825597	-0.952108485372759	0.373591392815109	0.508057798385087
"hsa-miR-326"	-11.7528603952418	-3451.14744152867	-5.6569274793787	-0.94902848187978	0.375047922772883	0.509124677041679
"hsa-miR-532-5p"	33.4739706266482	11930790853.4026	53.3564024009862	0.947645206089415	0.375703477451878	0.509124677041679
"hsa-miR-541-3p"	-10.2953117455309	-1256.60172082894	-5.15154621056861	-0.941818675336785	0.378474321988986	0.511974964665877
"hsa-miR-193a-3p"	-19.306810632123	-648528.58166047	-40.826155288221	-0.931443888079159	0.383446427555529	0.517787693547696
"hsa-miR-433-3p"	-9.84577343805738	-920.180732410077	-26.3474855004703	-0.923975948978107	0.387055828133238	0.52174309345904
"hsa-miR-222-5p"	-11.6388204949999	-3188.84994240078	-10.4376215960223	-0.921832057915775	0.3880967171685	0.522228389593403
"hsa-miR-339-5p"	-20.0200133835689	-1063223.43872775	-48.4124359420697	-0.91854760012719	0.38969543957433	0.523461299743452
"ebv-miR-BART18-5p"	58.6231522981268	443943071146109184	91.7673594656701	0.893805088644716	0.401897469239373	0.538907970116432
"hsa-miR-214-5p"	18.525671807853	377383.496536407	11.3067342457109	0.89236913458279	0.40261422327896	0.538926892242517
"hsa-miR-18b-5p"	-10.7441968139034	-1715.24246555329	-23.6259323779822	-0.890176234135408	0.403710626759219	0.539263583399142
"hsa-miR-10b-3p"	8.38036552681082	333.227932219824	10.2913190512384	0.889055305620011	0.404271917150595	0.539263583399142
"hsa-miR-338-5p"	-59.2763510953941	-698167636437700992	-141.88767915393	-0.883328709803785	0.407148409556381	0.542157691197473
"hsa-miR-194-3p"	6.40111094530019	84.5135607880717	11.0551909995425	0.8727646718275	0.412494155437931	0.5471316451715
"hsa-miR-539-5p"	8.53970672696465	372.141307346808	12.8516256080324	0.87066007689747	0.413565250803164	0.5471316451715
"hsa-miR-146a-3p"	9.34819929833604	651.761036919505	18.877530742172	0.869802097916354	0.414002485325325	0.5471316451715
"hsa-miR-106a-3p"	6.57348632383759	95.2393800085447	6.71909363632923	0.868963294658731	0.414430273419664	0.5471316451715
"hsa-miR-144-5p"	-37.0694641896433	-144218390439.378	-0.82884548033095	-0.868923771956776	0.414450437867851	0.5471316451715
"hsa-miR-518b"	-53.0665398629655	-9432357761985606	-40.888021088352	-0.863630508753518	0.417157515552284	0.549435445101569
"hsa-miR-92a-2-5p"	5.04673217728385	33.0535237616243	4.82370512635296	0.862712620896413	0.417628245755169	0.549435445101569
"ebv-miR-BART11-3p"	-8.63616415009344	-397.872989100226	-5.48472351043942	-0.857106695756985	0.420511559042334	0.552281448262791
"hsa-miR-221-5p"	-22.5709434750298	-6230616.43623419	2.10559511619462	-0.853986625083598	0.422122542714628	0.553449556003623
"hsa-miR-637"	-55.9705322976808	-70600714275597488	-234.215816524207	-0.849039844369255	0.424685835996782	0.555860130050396
"hsa-miR-608"	-25.177669301334	-37951913.7712867	-33.6565626964978	-0.843798952774134	0.427413736546483	0.558477573988335
"hsa-miR-141-3p"	7.94936466393879	247.170826798979	4.61010172736652	0.835553536867444	0.4317309116122	0.562583108021375
"hsa-miR-200a-3p"	-15.0921447073525	-34929.1691894627	-3.99397630233341	-0.834998280139743	0.432022751792164	0.562583108021375
"hsa-miR-33b-3p"	4.52901296366311	23.0870664429196	2.63291617247377	0.831608448214466	0.433807483917315	0.563949729092509
"hsa-miR-628-5p"	-58.8713920311447	-527296499045491712	-10.4829901015651	-0.82946267781098	0.434939934262942	0.564465193874241
"hsa-miR-153-3p"	-221.823697846239	-5.96467521664823e+66	-40.7442370029381	-0.817784853189188	0.441139837459983	0.570830530208124
"hsa-miR-615-5p"	-11.8328448030704	-3647.88568097671	0.418754273514669	-0.817422664950752	0.441333121790636	0.570830530208124
"hsa-miR-940"	5.00934840727644	32.2080275716278	4.5061455706906	0.813379875941295	0.443494641287768	0.572323749426548
"hsa-miR-650"	-11.9945071766683	-4080.4348055739	-9.37460772920433	-0.812474067350956	0.443979962071442	0.572323749426548
"hsa-miR-20a-3p"	-6.52521149256972	-92.1052503442978	-7.04521026697182	-0.811081091315968	0.444727029940935	0.572324885846808
"hsa-miR-296-3p"	-8.67165490179437	-407.782174565545	-6.95630880730075	-0.808274456859876	0.446234940220277	0.5733035161624
"hsa-miR-642a-5p"	-301.952224847564	-7.88273517782129e+90	-821.76142262065	-0.802273913322005	0.449470850056565	0.576495220724724
"hsa-miR-32-5p"	-17.9241625869248	-248719.929436245	-28.0167708873833	-0.796455409364969	0.452624218202497	0.578963249764486
"hsa-miR-544a"	-4.6778538518696	-25.5961310318311	0.987306499222308	-0.795939134455292	0.452904758616286	0.578963249764486
"hsa-miR-33a-3p"	-11.8801240232828	-3769.41264582462	-10.2962182355799	-0.791421330859699	0.455364863577668	0.580621715964451
"kshv-miR-K12-1-5p"	-7.16648304488283	-143.656856817447	-2.55291608374918	-0.790777636287516	0.455716131695697	0.580621715964451
"hsa-miR-210-3p"	-6.93907178451904	-122.706833528201	-14.1193682373762	-0.785655007923023	0.458518275805156	0.583223080501749
"hsa-miR-616-5p&hsa-miR-616-3p"	-8.0496929705637	-264.971424188126	-2.15291699642789	-0.781029199276864	0.461058864197783	0.585483690131953
"hcmv-miR-UL70-3p"	6.63516594739488	99.3994488604944	9.15064063918512	0.776180611021476	0.463732197491232	0.587905116488884
"hsa-miR-892b"	-14.2578894807592	-19590.8107172857	1.75646309143118	-0.766798365439934	0.468935371797755	0.592734882486234
"hsa-miR-576-5p"	-8.10886011387048	-276.064221566337	2.10867117464263	-0.766525215066051	0.469087449373069	0.592734882486234
"ebv-miR-BHRF1-3"	-7.92623705076417	-243.240061767169	-1.71032920787718	-0.754432554787259	0.475853738020643	0.600295751746436
"hsa-miR-770-5p"	-9.71818394623373	-842.296257815566	-4.00849444186701	-0.747104606408096	0.479985955600973	0.60377048045642
"hsa-miR-92a-3p"	-5.31365460561664	-39.771266660188	-3.92899075686044	-0.746757084610554	0.480182520310842	0.60377048045642
"hsa-miR-518c-3p"	25.5027320028306	47543079.0012567	73.0783117003579	0.745110976075129	0.481114324181566	0.603952023972605
"ebv-miR-BART9-5p"	-4.19517461915371	-18.3178035632587	-1.3820058500676	-0.737914990927216	0.485201945555917	0.608088059217955
"hsa-miR-27b-5p"	5.34309562209106	40.5912150824263	4.77696257776283	0.732962333762685	0.488028694981755	0.610398840117539
"hsa-miR-380-5p"	4.26433229358947	19.2172806148702	7.38550210528816	0.731898336433111	0.488637402649503	0.610398840117539
"hcmv-miR-UL36-5p"	5.27535235472437	38.7292686919709	8.33591201493015	0.720517133892804	0.495180030450082	0.617565989195468
"hcmv-miR-US33-5p"	-16.0316915678081	-66991.5526003711	-7.34360127190338	-0.715277261773405	0.498211557494371	0.620338091880166
"hsa-miR-30d-3p"	9.33361535577487	645.205692002289	20.5119384514547	0.713000698147318	0.499532448846811	0.620974697350898
"hsa-miR-31-3p"	-6.58102951501467	-95.73864716026	-3.61357614338424	-0.700677779604304	0.506722049988286	0.62889290022818
"hsa-miR-543"	-3.91200228856612	-15.0532415993569	-2.22409242261764	-0.687744944628156	0.514339234833051	0.637315336214782
"hsa-miR-623"	12.279464139433	4971.49533979159	2.5278035964114	0.673445342595209	0.522846374903947	0.646010410633446
"hsa-miR-34c-5p"	-6.58784488970253	-96.1919920288622	-9.37912290753947	-0.67311989573005	0.523041023472451	0.646010410633446
"hsa-miR-199a-5p"	-5.34084633913831	-40.5279792706753	-3.87030751804738	-0.661286799526745	0.530149429358793	0.652436473707631
"hsa-miR-450b-3p"	-23.523887720505	-12061347.1774004	-0.835409718565374	-0.661077765317177	0.530275543240121	0.652436473707631
"hsa-miR-518a-3p"	-15.130653681252	-35874.06676444	-2.60096518530733	-0.660215807762652	0.530795775219768	0.652436473707631
"hsa-miR-143-5p"	-5.17663235197104	-36.1677601914686	-7.03839414776405	-0.642020872755168	0.541851484262208	0.664433846694227
"hsa-miR-488-5p"	5.06713751831986	33.5243514706859	10.9069595779106	0.640135702976676	0.543005026439699	0.664433846694227
"hsa-miR-526b-3p"	-3.80531315628775	-13.9802005951867	-4.54194579014703	-0.639890498936402	0.543155178457993	0.664433846694227
"hsa-miR-186-5p"	-5.29317678653497	-39.2107351743096	-13.0328756475075	-0.636889156738699	0.544995130566906	0.665623033670091
"hsa-miR-206"	4.4770614863129	22.2704913965797	8.54067906894454	0.633196925677941	0.547263853878369	0.666457215349998
"hsa-miR-633"	5.31755417263399	39.8789127720589	8.95833415276414	0.632949706163234	0.547415965672098	0.666457215349998
"hsa-miR-323a-5p"	8.19847377100344	293.755849739147	8.76447953815258	0.631203269864353	0.548491265282804	0.666673785220083
"hsa-miR-18b-3p"	-3.38125441740584	-10.4197908711929	-0.0539186746468074	-0.629838853300634	0.549332245448622	0.666673785220083
"hsa-miR-655-3p"	-8.68886485435499	-412.675750173245	-6.75786018017201	-0.622989451516682	0.553565808556651	0.670750355707664
"hsa-miR-622"	-8.73362330024602	-425.679351413186	-0.723387967780942	-0.621222744233803	0.554660988128269	0.671017315290824
"hsa-miR-499a-3p"	-7.38924126212892	-167.642166637786	-2.22972775927166	-0.606717284508356	0.563702096117842	0.680303786888122
"hsa-miR-586"	-4.41729521604224	-21.3667446432218	-5.22494855519192	-0.606064388392174	0.56411109316929	0.680303786888122
"hsa-miR-509-3-5p"	-10.4954606748776	-1443.60534522846	-22.5669935637929	-0.597910635736503	0.569233694951323	0.685403836778123
"hsa-miR-607"	3.07380979923469	8.41993910394119	5.3542429243828	0.595177138888128	0.570957132603464	0.686279435769914
"hsa-miR-29a-5p"	-7.99280509778501	-254.72647395379	-13.8156344247291	-0.593920582496137	0.571750403464113	0.686279435769914
"hsa-miR-362-3p"	-4.42226799929419	-21.4405201233132	-2.57124388040398	-0.590876237318887	0.573674991169327	0.68751362222949
"hsa-miR-643"	17.191895263406	149718.737610205	40.3085816961465	0.580367116494671	0.580347678560851	0.694425381366884
"hsa-miR-924"	4.4820068944234	22.346963312012	7.75563804068392	0.578402309730682	0.581600181998036	0.694840092823199
"hsa-miR-485-5p"	-6.12551557135042	-69.8174408702555	2.07702485167035	-0.564416405998112	0.590560576187063	0.704447841268239
"hsa-miR-96-3p"	3.22738148640708	9.3656653319478	3.43249890356096	0.560078697405854	0.593355492536462	0.706682706173085
"hsa-miR-122-3p"	-3.0494697024394	-8.27907565626663	-1.68634868071557	-0.557652982161189	0.594921705772973	0.707449532291271
"hsa-miR-7-1-3p"	-8.12297003907737	-278.777446402967	-2.47793393044132	-0.553126850369288	0.59785030910254	0.709831558949919
"hsa-miR-517c-3p"	22.2362171717622	4940471.05027879	60.8272322539743	0.54949268294027	0.600207606966655	0.710918536518862
"hsa-miR-541-5p"	-4.83520680402154	-28.5458042443128	3.27907872273719	-0.548858388935861	0.600619571922064	0.710918536518862
"hsa-miR-631"	-5.51224788560828	-45.6406643161672	-16.615139087384	-0.545179894710933	0.603011804371374	0.712330897225104
"hsa-miR-512-5p"	15.239934445084	38697.0091284342	11.4995292497229	0.543256419910116	0.604264798948448	0.712330897225104
"hcmv-miR-UL70-5p"	4.62216022569943	24.6268504285087	12.1395731976851	0.542743798216037	0.604598975350121	0.712330897225104
"hsa-miR-370-3p"	-3.65480207344134	-12.5951995429809	-1.49859042670494	-0.539355361521977	0.60681045435882	0.71383990566444
"hsa-miR-378a-5p"	-4.87206474914063	-29.2844876584454	-1.32874641552197	-0.522176058375795	0.618090719760415	0.72567861948186
"hsa-miR-454-3p"	-5.48759212805232	-44.8672895585087	-1.69819564799857	-0.521138218621729	0.618775800178596	0.72567861948186
"hsa-miR-944"	-3.22043949409708	-9.32070766463903	-1.81789272708979	-0.519720181013253	0.619712510770037	0.72567861948186
"hcmv-miR-US25-2-3p"	3.77828573692671	13.7207338146547	1.8063697950738	0.515284669074139	0.622647381121128	0.72800387396327
"hsa-miR-499a-5p"	43.4599956944738	12099357679360.8	-37.3235377652579	0.51028114553882	0.625966986833153	0.730771200762601
"hsa-miR-662"	4.94764667976107	30.8595833788682	7.19756068520564	0.506292103488228	0.62862025056206	0.732753392372492
"hsa-miR-372-3p"	-4.60021792499472	-24.255128623981	-2.7838333876784	-0.502789174657748	0.630955072082674	0.733463216347379
"hsa-miR-92a-1-5p"	3.928437689132	15.2257109423602	10.7525446228881	0.50250939592338	0.63114175070309	0.733463216347379
"hsa-miR-593-5p"	-2.67316165568656	-6.37825446324518	0.423099014014659	-0.498880206436846	0.633565905197623	0.735166489087106
"hsa-let-7a-3p"	32.1703276642168	4833186984.32606	80.7046939809435	0.494255592999183	0.636662003683136	0.737643137197833
"hsa-miR-518f-5p"	-2.67224451412559	-6.37420100558797	-1.86351915340353	-0.492405748452335	0.637902641740078	0.737965801228718
"hsa-miR-10a-3p"	-2.55988679572204	-5.89661416005438	1.83261543889318	-0.49091265955988	0.638904927212196	0.738012167427341
"hsa-miR-490-5p"	3.63048254579318	12.3846616185231	7.24377163185802	0.477765157141847	0.647765581498082	0.747122106780495
"ebv-miR-BHRF1-2-3p"	131.095021785701	2.9075945069881e+39	-12.7533398365878	0.469567368643239	0.653321857331888	0.752399196056394
"hsa-miR-542-3p"	2.81180650472351	7.0216325714063	0.610629271309634	0.455832573740002	0.662684207714668	0.762037162394529
"hsa-miR-671-3p"	-2.19537749469311	-4.58009491042357	-3.8515470389038	-0.453476910127477	0.664296565326812	0.762648081036603
"hsa-miR-627-5p"	-5.66826467020546	-50.853130032101	-1.84990522698878	-0.452050309911953	0.665273949347718	0.762648081036603
"hcmv-miR-UL22A-5p"	-3.74929211233513	-13.4477426165438	-1.00164841053412	-0.450701834944026	0.666198454099771	0.762648081036603
"hsa-miR-636"	-4.77516712640535	-27.3822126811692	-11.8218166839337	-0.448310812261186	0.667839260064751	0.7633870528609
"hsa-miR-432-3p"	4.36492703770271	20.6050639733231	4.8679439684809	0.440079014646842	0.673503161794928	0.768715662346294
"hsa-miR-635"	-74.0693903597472	-1.98202103284976e+22	-194.736347480544	-0.430900608642271	0.679845396604678	0.774320008944498
"hsa-miR-569"	2.53557237995853	5.79806850826506	5.61517509699505	0.430053095900389	0.680432445930367	0.774320008944498
"hsa-miR-346"	-3.40615914277449	-10.6012254863217	-2.60233210068556	-0.427948435055337	0.681891320689986	0.774830582176621
"hsa-miR-892a"	5.27254995173447	38.6541109697226	14.2020362024918	0.425395250766108	0.68366306597752	0.775694632551417
"hsa-miR-604"	-7.73500490252016	-213.04360004287	3.82473497406166	-0.423590604797328	0.684916671993292	0.775969109924453
"ebv-miR-BHRF1-2-5p"	-3.48907043629341	-11.2283219921309	-3.5780776664824	-0.419479089701606	0.687776750739771	0.778060129524195
"hsa-miR-135a-3p"	-2.18989724445392	-4.56272987275598	-1.00075614924616	-0.410540419813002	0.694013715515015	0.783910128992488
"hsa-miR-190a-5p"	-53.0977899224636	-9638899899576086	28.3587649462647	-0.408386953102422	0.695520151464017	0.783910128992488
"hsa-miR-654-3p"	-3.05513244701427	-8.31163584336658	-11.3209378073192	-0.407088440238353	0.696429230514692	0.783910128992488
"hsa-miR-218-1-3p"	-2.17746262942734	-4.52357261125537	-0.344699888713433	-0.406221990127935	0.69703612512761	0.783910128992488
"hsa-miR-28-3p"	-5.71612285515054	-52.5683612057623	-3.12363206097854	-0.397299176333372	0.703299848828693	0.789796462740274
"hsa-miR-649"	-5.11554457542878	-34.6682852569341	-0.455021741293357	-0.391316072903744	0.707513919714291	0.793367216989563
"hsa-miR-545-3p"	-3.45567442938073	-10.9713901337546	0.179717258352235	-0.376826304034725	0.717765126095178	0.803611042146287
"hsa-miR-559"	-3.33214248748292	-10.0710520043288	-6.95438997057462	-0.375446416678571	0.718744686978296	0.803611042146287
"hsa-miR-219a-2-3p"	85.4516430235638	5.29063412531837e+25	-165.717293935778	0.360018944296019	0.729734856774171	0.814711259309737
"hsa-miR-152-3p"	-2.23422568720057	-4.70510098346518	-8.86780137586362	-0.349837283491591	0.73702592867191	0.820306957073392
"hsa-miR-589-3p"	2.33866534777995	5.05834468328227	0.219014748352836	0.349492358982298	0.737273445946826	0.820306957073392
"hsa-miR-29b-1-5p"	7.96321084439748	249.554454278384	27.5456270013322	0.34854225723617	0.737955411187275	0.820306957073392
"ebv-miR-BART6-5p"	1.8852020541108	3.69404656987063	2.04797903487393	0.341606518944795	0.742941427462122	0.824270366225868
"hsa-miR-610"	2.90406355582926	7.48531773016078	7.39336027145319	0.340594236843749	0.743670265225946	0.824270366225868
"hsa-miR-125b-1-3p"	-5.5290182761026	-46.1743029132749	-5.44891734509687	-0.324643394220148	0.755191743900342	0.835832709338473
"hsa-miR-517-5p"	-2.38076793129096	-5.20813892127176	2.27356196390904	-0.320330123818157	0.758318993896149	0.838084536481766
"hsa-miR-16-2-3p"	-2.92224380013973	-7.5802414368609	8.03768402169775	-0.312802994251361	0.763788056030392	0.8429143006839
"hsa-miR-578"	14.492075292627	23043.5487728151	54.6401878835618	0.307452798544445	0.767684282282772	0.84468701714971
"hsa-miR-383-5p"	2.59261260830039	6.03190040660247	-8.38140244232888	0.306942172486948	0.768056521603116	0.84468701714971
"kshv-miR-K12-11-3p"	2.40574499872307	5.29909135290038	11.4264922726155	0.306062117670704	0.768698224211861	0.84468701714971
"kshv-miR-K12-4-3p"	4.14475941260419	17.6887403890228	11.1485225904867	0.296335829768673	0.775803179207927	0.849495966699946
"hcmv-miR-UL148D"	-9.52328867966177	-735.86059952161	-28.8612936201269	-0.29608271848696	0.775988387365202	0.849495966699946
"hsa-miR-25-3p"	-3.48963771162036	-11.2327378958965	-17.9306181936704	-0.295524062207687	0.77639722641025	0.849495966699946
"ebv-miR-BART15"	8.5722413903434	380.628925151465	56.1269241421358	0.293337524645893	0.777998124706391	0.850034988105131
"hsa-miR-449a"	2.02701620560661	4.07561056701559	5.53561502742631	0.28591030887157	0.783444686211133	0.854768242281563
"hsa-miR-450b-5p"	2.9186826083914	7.56155321611264	7.43087111607628	0.27398545117494	0.79221679968488	0.863111200793044
"ebv-miR-BART4-5p"	-2.2317937684316	-4.69717638099159	6.50158106464849	-0.266070812983691	0.798056992620066	0.868240728141264
"hsa-miR-203a-3p"	-9.42587918620515	-687.816152635223	-3.77785243298126	-0.26431915692721	0.799351437408317	0.868417213161727
"hsa-miR-380-3p"	-3.31777409582175	-9.97124808562457	8.02027063830544	-0.260711728836217	0.802019406264866	0.870083287984656
"hsa-miR-617"	-52.5377230391735	-6537783559364114	-188.768040108454	-0.250251884918618	0.809771248394939	0.876240555067303
"hsa-miR-373-5p"	2.85816909905472	7.25094534350131	-2.83290511294774	0.249970831197887	0.809979861203022	0.876240555067303
"hsa-miR-362-5p"	28.3940551040769	352746151.997325	115.373765051979	0.245309630212424	0.813442064717576	0.878746568504761
"hsa-miR-596"	-1.21570521565143	-2.32254285264531	5.45724256096389	-0.241737652873181	0.816098276571424	0.880376059254968
"hsa-miR-641"	-1.72309111282244	-3.30143012795279	0.492401371396002	-0.236986442233042	0.819635433246045	0.882949968117579
"hsa-miR-297"	-4.02975537838541	-16.3334243009695	14.8734876997645	-0.231093363741089	0.824028970386205	0.886437896614613
"hsa-miR-644a"	77.9345025335953	2.88817137787803e+23	304.379671371379	0.225887714531448	0.827915673037381	0.887397481256358
"hsa-miR-99a-3p"	1.94785305592403	3.85799976610983	7.70776554175343	0.225362943926195	0.828307774089324	0.887397481256358
"hsa-miR-942-5p"	4.24722120429383	18.9907003289152	20.1674097959775	0.225250346568538	0.828391912098504	0.887397481256358
"hsa-miR-484"	1.38131417173074	2.60505561316867	0.257177322904353	0.205615551394969	0.843100094042723	0.901893684980151
"hsa-miR-371a-3p"	4.54532453671707	23.3495774444884	28.8915749231389	0.203297634081535	0.844841011571132	0.902497292305095
"hsa-miR-302b-5p"	-1.79599172954238	-3.47254100350445	-1.53162733227823	-0.198392029614567	0.848528534853436	0.905005930737348
"hsa-miR-331-5p"	-3.68051929793475	-12.8217323922006	-15.727743565182	-0.19663204954796	0.849852507756943	0.905005930737348
"hsa-miR-567"	1.65009766145777	3.13854884458116	3.14070463277465	0.194537469560944	0.851428869439656	0.905005930737348
"hsa-miR-767-3p"	2.31686065977732	4.98246841588358	-6.11822337845415	0.193899556325399	0.851909102988742	0.905005930737348
"hsa-miR-145-3p"	-1.21637280448085	-2.32361782858521	-3.21236685889368	-0.186048190134016	0.857825248204999	0.909035462893109
"hsa-miR-542-5p"	-1.60732175421199	-3.04685692288524	-4.73930008110711	-0.184509790992654	0.858985628232317	0.909035462893109
"hsa-miR-548c-5p"	1.60060539397726	3.03270547153675	-3.26918098304627	0.184149063639669	0.859257771313565	0.909035462893109
"hsa-miR-518e-3p"	1.21870883744583	2.3273833123859	3.57306101720974	0.182081603605109	0.860817919348997	0.90943160349956
"hsa-miR-93-3p"	1.00587854326192	2.00816601709446	-2.26488152536766	0.179075774750999	0.863087373794343	0.909524165970566
"hsa-miR-26a-1-3p"	-3.52722178157369	-11.5292102085203	10.6903030339914	-0.178824473145707	0.863277174480537	0.909524165970566
"hsa-miR-130b-5p"	1.79733917750096	3.47578580154667	8.21398220934869	0.169325752926039	0.870458298812468	0.915074432987854
"hsa-miR-767-5p"	-1.23877781884235	-2.35998521094881	4.27902492540564	-0.167326426986106	0.871971514196408	0.915074432987854
"ebv-miR-BART7-3p"	-1.32121288793552	-2.49876094794602	1.49252773524125	-0.167124477630994	0.872124394412153	0.915074432987854
"hsa-miR-561-3p"	1.36686828799467	2.57910102945811	2.61470227929692	0.163507145067994	0.874863788371302	0.916694707214193
"hsa-miR-935"	0.856034794228664	1.81005657931787	1.89910827099183	0.160236342277722	0.877342351453437	0.917858964005856
"ebv-miR-BART14-3p"	2.58509614859066	6.00055585160961	14.9951607881387	0.158883049315753	0.878368291499737	0.917858964005856
"hsa-miR-885-3p"	1.69077670109848	3.22830458557916	5.07979554321982	0.154506009578557	0.881688268858684	0.920074696890626
"hsa-miR-518d-3p"	-1.61482442177133	-3.06274323089508	4.91124771925248	-0.151616745596269	0.88388118152253	0.920112618832264
"hsa-miR-639"	-1.06819774870359	-2.09681233921642	-0.00367322402326309	-0.1512970957741	0.884123859295148	0.920112618832264
"hsa-miR-182-3p"	1.59576133894128	3.02253980485492	17.1527995428569	0.141381401297364	0.891658368797136	0.926696434779679
"hsa-miR-133b"	-7.52193245973777	-183.79229285928	-1.7129170931402	-0.132857750856421	0.898144815689529	0.932174659856385
"hsa-miR-575"	-2.07431235949374	-4.21143634286033	8.61587583716572	-0.129918346346308	0.900383661084576	0.933235497367391
"hsa-miR-412-3p"	0.786098832642617	1.7244052173471	5.24288616993317	0.126075640267472	0.903311992920476	0.934767118195216
"hcmv-miR-US4-5p"	0.706164633496999	1.63146115064347	0.0639178363842874	0.123753260729633	0.905082551063545	0.934767118195216
"hsa-miR-449b-5p"	1.56865648254556	2.9662834872997	2.64043560240358	0.123182791524475	0.90551756038989	0.934767118195216
"kshv-miR-K12-12-5p&kshv-miR-K12-12-3p"	-2.19803900798613	-4.58855216176539	-1.52341958309177	-0.121364808631292	0.906904089569735	0.93494010309138
"hsa-let-7g-3p"	-20.8649152379676	-1909700.85973944	125.540284455156	-0.102406904470432	0.921382697705755	0.948591314282301
"hsa-miR-135b-3p"	-1.05877116857789	-2.0831564143411	3.61388220375589	-0.0987295020535578	0.924195132479332	0.950211349345372
"ebv-miR-BART1-5p"	0.956803476757533	1.94100451880381	18.6980319692927	0.0875288476173671	0.932768288674302	0.957172981170295
"hsa-miR-454-5p"	1.4875501046227	2.80412391651307	7.59211805542475	0.0853133263668418	0.93446526311861	0.957172981170295
"kshv-miR-K12-3-3p"	1.04924784474725	2.06945064940509	2.88460866628713	0.0849938568612771	0.934709990738658	0.957172981170295
"hsa-miR-585-3p"	0.84530450706796	1.79664392017696	-1.68669632237052	0.08276728403241	0.936415852805979	0.957641278802914
"hsa-miR-138-2-3p"	-0.916751423635787	-1.88785953206745	2.38028801221449	-0.0776599820781719	0.940330095976895	0.959268391878106
"hsa-miR-601"	-1.1362220682109	-2.19804674555857	14.958711050577	-0.077427578187879	0.940508253836162	0.959268391878106
"hsa-miR-552-3p"	-0.440255625639202	-1.35684472029779	-2.66472783889877	-0.0677278711330098	0.947947069051437	0.965571582951464
"hsa-miR-18a-3p"	2.04285487646839	4.1206012942435	-21.7002408504666	0.0646462749063448	0.950311590744888	0.966529883254826
"hsa-miR-147b-3p"	4.0657318133981	16.7458512892731	-46.1208162417233	0.0632173910405823	0.951408164090474	0.966529883254826
"hsa-miR-216b-5p"	-0.572830853200028	-1.4874393594247	2.77570255830464	-0.0584506091730187	0.955067158938148	0.968963638763967
"kshv-miR-K12-2"	0.343383840374136	1.26872890974051	4.79810454492566	0.0488346861785561	0.962451826707771	0.975165853480661
"hcmv-miR-US5-2-3p"	0.387060243172167	1.30772595461272	4.34798273787444	0.0316038461076202	0.975693895869831	0.987278651889394
"hsa-miR-211-5p"	-0.898181733589344	-1.86371561258485	22.953465378485	-0.027939014163261	0.978511574097589	0.987976028182059
"hsa-miR-606"	0.142799383258675	1.10404531133817	1.13509537979002	0.0265726019736391	0.979562216730056	0.987976028182059
"hsa-miR-520a-5p"	-0.299834439292782	-1.23100313785777	10.4844935042175	-0.0250984676989485	0.980695736514699	0.987976028182059
"hsa-miR-16-1-3p"	0.158079439586111	1.11580076033351	5.68708803636117	0.0240063934633573	0.981535506485957	0.987976028182059
"hsa-miR-512-3p"	-0.229382413400411	-1.17233299135765	10.3577467257811	-0.0210815444077383	0.983784742551209	0.988122680874639
"hsa-miR-133a-3p"	-1.17306015902003	-2.25489484931505	11.2376699113376	-0.020466427360891	0.984257794248011	0.988122680874639
"hsa-miR-409-3p"	-0.434802459732836	-1.35172573601379	-24.8374429333346	-0.00996853420201418	0.992332012986381	0.994926345046476
"hsa-miR-452-5p"	-0.0160068798833306	-1.01115690281626	1.56843480660114	-0.00334758958693428	0.997424926722915	0.998727048037175
"hsa-miR-548b-5p"	-0.00995754168788299	-1.00692591593259	-3.16470292584485	-0.00154953916108858	0.998808042773095	0.998808042773095
