21447	1823
21448	2120
21449	1859
21450	1870
21451	1860
21452	2119
21453	1917
21454	1917
21455	1917
21456	2121
21457	1917
21458	1917
21459	2052
21460	2053
21461	1953
21462	1953
21463	1908
21464	1908
21465	2054
21466	2056
21467	2085
21468	2087
21469	1981
21470	1981
21472	2089
21474	2090
21475	2101
21477	2116
21478	2115
21479	2114
21481	2113
21482	2113
21484	2111
21485	2098
21486	2097
21487	2096
21488	2095
21489	2094
21490	2092
21492	2091
21494	1835
21495	2077
21496	1975
21497	1975
21498	2070
21499	2069
21500	2068
21501	2066
21502	1973
21503	2040
21504	1823
21505	1823
21506	1823
21507	1823
21508	1823
21509	1823
21510	1823
21511	1823
21512	1823
21513	1827
21514	1827
21515	1822
21516	1822
21517	1832
21518	1832
21519	1832
21520	1822
21521	1881
21522	1874
21523	1848
21524	1862
21525	1862
21526	1834
21527	1864
21528	1864
21529	1857
21530	1878
21531	1830
21532	1826
21533	1885
21534	1890
21535	1891
21536	1834
21537	1834
21538	1822
21539	1919
21540	1893
21541	1823
21542	1846
21543	1846
21544	1867
21545	1830
21546	1830
21547	1845
21548	1845
21549	1895
21550	1895
21551	1822
21552	1845
21553	1827
21554	1859
21555	1870
21556	1870
21557	1870
21558	1870
21559	1961
21560	2122
21561	2126
21562	1940
21563	1940
21564	1940
21565	1843
21566	1840
21567	1835
21568	1854
21569	2071
21570	2001
21571	1870
21572	1870
21573	1870
21574	2002
21575	1823
21576	1823
21577	1859
21578	1827
21579	1848
21580	1857
21581	1830
21582	1826
21583	1826
21584	1846
21585	1846
21586	1867
21587	1842
21588	1838
21589	1838
21590	1936
21591	1901
21592	1869
21593	1855
21594	1835
21595	1886
21596	1850
21597	1933
21598	1849
21599	1920
21600	1927
21601	1896
21602	1906
21603	1840
21604	1905
21605	1914
21606	1900
21607	1924
21608	2093
21609	2017
21610	1878
21611	1877
21612	1871
21613	1839
21614	1978
21615	1829
21616	1829
21617	1829
21618	1829
21619	1829
21620	1829
21621	1829
21622	1829
21623	1829
21624	1829
21625	2112
21626	1831
21627	1853
21628	1853
21629	1853
21630	2269
21631	1948
21632	1948
21634	1866
21635	1866
21636	1825
21637	1825
21638	1825
21639	1825
21640	1825
21641	1825
21642	1825
21643	1825
21644	1825
21645	1844
21646	1844
21647	1902
21648	1902
21649	1858
21650	1851
21651	1851
21652	1856
21653	1856
21655	1831
21656	1854
21657	1894
21658	1828
21659	1937
21660	1887
21661	1880
21662	2022
21663	1930
21664	1899
21665	1934
21666	1862
21667	1897
21668	2014
21669	1884
21670	1903
21671	1876
21672	1827
21673	1852
21674	1944
21675	1911
21676	1861
21677	1861
21678	1840
21680	1942
21681	1929
21682	1863
21683	1879
21684	1859
21685	2060
21686	1998
21687	1894
21688	1877
21689	1826
21690	1826
21691	1916
21692	1915
21693	1826
21694	1938
21695	1926
21696	1843
21697	1843
21698	1843
21699	1854
21700	1854
21701	1860
21702	1828
21703	1828
21704	1828
21705	1937
21706	1887
21707	1899
21708	1852
21709	1861
21710	1861
21711	1929
21712	1863
21713	1879
21714	1907
21715	1863
21716	1886
21717	1828
21718	1883
21719	1884
21720	1875
21721	1898
21722	1847
21723	1847
21724	1865
21725	1939
21726	1872
21727	1872
21728	1888
21729	1909
21730	1842
21731	2110
21733	2123
21734	2124
21735	2128
21736	2129
21737	2131
21738	2182
21739	2051
21742	1956
21743	1956
21744	2062
21745	2067
21746	2181
21748	2075
21749	2076
21750	2079
21752	2081
21753	2082
21754	2102
21755	2103
21756	2104
21757	2105
21758	2127
21759	2183
21763	2117
21767	1840
21768	1943
21771	2100
21773	2099
21774	2100
21779	1880
21780	2083
21781	2007
21782	1834
21783	1865
21784	1945
21785	1977
21786	1976
21787	1850
21788	2004
21789	1891
21790	2059
21791	1908
21792	1971
21793	1996
21794	2047
21795	1908
21796	1860
21797	1842
21798	1835
21799	1945
21800	1907
21801	1830
21802	1846
21803	1834
21804	2044
21805	2043
21806	1973
21807	1943
21808	2042
21809	2041
21810	1974
21811	1889
21812	1889
21813	1889
21814	1889
21815	1889
21816	1889
21817	1980
21818	2024
21819	2024
21820	2025
21821	2006
21822	1839
21823	1855
21824	1892
21825	1860
21826	1860
21827	1823
21828	1822
21829	1822
21830	1855
21832	1885
21833	2125
21834	1979
21835	1835
21836	2130
21837	1835
21838	1823
21839	1838
21840	2111
21841	1992
21842	1885
21843	1961
21844	2379
21845	2379
21846	2385
21847	2379
21848	2065
21849	1962
21850	2073
21851	1965
21852	2078
21853	1870
21854	1972
21855	1823
21856	1823
21857	1859
21858	1827
21859	1848
21860	1857
21861	1826
21862	1916
21863	1842
21864	1842
21865	1842
21866	1838
21867	1869
21868	1855
21869	1886
21870	1850
21871	1850
21872	1849
21873	1849
21874	1927
21875	1896
21876	1906
21877	1840
21878	1905
21879	1915
21880	1914
21881	1900
21882	1877
21883	1871
21884	1871
21885	2014
21886	1835
21887	1835
21888	1835
21889	1838
21890	1838
21891	1936
21892	1901
21893	1894
21894	1933
21895	1920
21896	1896
21897	1924
21898	2093
21899	2017
21900	1839
21901	1880
21902	2022
21903	1930
21904	1934
21905	1897
21906	1903
21907	1876
21908	1827
21909	1859
21910	1823
21911	2120
21912	1859
21913	1860
21914	2052
21915	2053
21916	1953
21917	1953
21918	1953
21919	1908
21920	1908
21921	2054
21922	2056
21923	2085
21924	1981
21925	2090
21926	2101
21927	2116
21928	2111
21929	2097
21930	2095
21931	2094
21932	2092
21933	2091
21934	1835
21935	2077
21936	1975
21937	1975
21938	2068
21939	2066
21940	1973
21941	2040
21942	1842
21943	2110
21944	2123
21945	2128
21946	2129
21947	2131
21948	2051
21949	2067
21950	2075
21951	2076
21952	2081
21953	2102
21954	2103
21955	2104
21956	2117
21957	2099
21958	1984
21959	1831
21960	1831
21961	1832
21962	1826
21963	1826
21964	1826
21965	1877
21966	1884
21967	1852
21968	1852
21969	1840
21970	1998
21971	1823
21972	1823
21973	1823
21974	1823
21975	1823
21976	1823
21977	1823
21978	1823
21979	1827
21980	1827
21981	1827
21982	1822
21983	1822
21984	1881
21985	1874
21986	1848
21987	1862
21988	1864
21989	1864
21990	1830
21991	1830
21992	1857
21993	1885
21994	1834
21995	1822
21996	1893
21997	1860
21998	1894
21999	1823
22000	1845
22001	1845
22002	1985
22003	1985
22004	1839
22005	1839
22006	1855
22007	1986
22008	1986
22009	1968
22010	1968
22011	1964
22012	1964
22013	2252
22014	1823
22015	2023
22016	2023
22017	1931
22018	1931
22019	2020
22020	2020
22021	2019
22022	2019
22023	1906
22024	2016
22026	2015
22027	2015
22028	1877
22029	1877
22030	1918
22031	1918
22032	2013
22033	2013
22034	2011
22035	2011
22036	2088
22037	2088
22038	2010
22039	2010
22040	2226
22041	2086
22042	2086
22043	2009
22044	2009
22045	2008
22046	2008
22049	1894
22050	1822
22051	2064
22052	2064
22053	1843
22054	2063
22055	2063
22057	1849
22058	1849
22059	1878
22060	1867
22061	1867
22062	1840
22063	1859
22064	1859
22065	1829
22066	1829
22067	1829
22068	1829
22069	1829
22070	1829
22071	1829
22072	1829
22073	1829
22074	1829
22075	1853
22076	1853
22077	1853
22078	1853
22079	1990
22080	1866
22081	1866
22082	1825
22083	1825
22084	1825
22085	1825
22086	1825
22087	1825
22088	1844
22089	1844
22090	1844
22091	1858
22092	1851
22093	1978
22094	1828
22095	1845
22096	1854
22097	1822
22098	1832
22099	1834
22100	1878
22101	1890
22102	1846
22103	1938
22104	1840
22105	1907
22106	1886
22107	1828
22108	1883
22109	1875
22110	1847
22111	1847
22112	1865
22113	1888
22114	1984
22115	1864
22116	1891
22117	1863
22118	1872
22119	1872
22120	1909
22121	1830
22122	1861
22123	1861
22124	1849
22125	1842
22126	1842
22127	1832
22128	1834
22129	1835
22130	1835
22131	1896
22132	1828
22133	1828
22134	1838
22135	1869
22136	1869
22137	1843
22138	1843
22139	1843
22140	1898
22141	1876
22142	1876
22143	1822
22144	1830
22145	1826
22146	1840
22147	1892
22148	1867
22149	1865
22150	1865
22151	1860
22152	1860
22153	2006
22154	1855
22155	1846
22156	1980
22157	1855
22158	1826
22159	1864
22160	2096
22161	2058
22162	2057
22163	2055
22165	2046
22166	2045
22167	2186
22168	2029
22169	1993
22170	1993
22171	2028
22172	2028
22173	1959
22174	1959
22175	1882
22176	1882
22177	1882
22178	1892
22179	1892
22180	1892
22181	1983
22182	1912
22183	1839
22184	1988
22185	1889
22186	1889
22187	2313
22188	2107
22189	1935
22190	1912
22191	1839
22192	1989
22193	1947
22194	1947
22195	1839
22196	1839
22197	1958
22198	1935
22199	1912
22200	1839
22201	1989
22202	1947
22203	1947
22204	1839
22205	1839
22206	1958
22207	2084
22208	2011
22209	2020
22210	2023
22211	2010
22212	2015
22213	1839
22214	1964
22215	1878
22216	1849
22217	1877
22218	2019
22219	1986
22220	1918
22221	2013
22222	2016
22223	2016
22224	2084
22225	2187
22226	1850
22227	1850
22228	1850
22229	1828
22230	1968
22231	2009
22232	2008
22233	1823
22234	1823
22235	1823
22236	1823
22237	1823
22238	1823
22239	1823
22240	1823
22241	1823
22242	1843
22243	1843
22244	1835
22245	1835
22246	1835
22247	1854
22248	1854
22249	1827
22250	1827
22251	1822
22252	1822
22253	1832
22254	1832
22255	1832
22256	1881
22257	1874
22258	1848
22259	1848
22260	1862
22261	1862
22262	1834
22263	1864
22264	1864
22265	1857
22266	1857
22267	1878
22268	1830
22269	1830
22270	1830
22271	1830
22272	1826
22273	1826
22274	1826
22275	1826
22276	1826
22277	1826
22278	1885
22279	1890
22280	1891
22281	1860
22282	1860
22283	1860
22284	1834
22285	1834
22286	1822
22287	1893
22288	1823
22289	1846
22290	1846
22291	1846
22292	1867
22293	1845
22294	1845
22295	1822
22296	1845
22297	1916
22298	1842
22299	1842
22300	1842
22301	1838
22302	1838
22303	1838
22304	1936
22305	1901
22306	1869
22307	1869
22308	1894
22309	1855
22310	1855
22311	1886
22312	1850
22313	1933
22314	1849
22315	1920
22316	1927
22317	1896
22318	1896
22319	1938
22320	1840
22321	1905
22322	1915
22323	1914
22324	1900
22325	1924
22326	2017
22327	1877
22328	1871
22329	1839
22330	1828
22331	1828
22332	1828
22333	1828
22334	1887
22335	1880
22336	2022
22337	1930
22338	1899
22339	1897
22340	2014
22341	1884
22342	1903
22343	1876
22344	1876
22345	1827
22346	1852
22347	1861
22348	1840
22349	1840
22350	1840
22351	1929
22352	1863
22353	1879
22354	1859
22355	1998
22356	1907
22357	1863
22358	1886
22359	1828
22360	1883
22361	1875
22362	1898
22363	1847
22364	1847
22365	1865
22366	1865
22367	1872
22368	1872
22369	1888
22370	1889
22371	1889
22372	1889
22373	1980
22374	2024
22375	2025
22376	2006
22377	1839
22378	1984
22379	1884
22380	1844
22381	1858
22382	1858
22383	1858
22384	1858
22385	1858
22386	1858
22387	1833
22388	1833
22389	1833
22390	1833
22391	1833
22392	1833
22393	1833
22394	1851
22395	1851
22396	1856
22397	1856
22398	1922
22399	1922
22401	1904
22402	1904
22403	1921
22404	1921
22405	1837
22406	1837
22407	1837
22408	1837
22409	1837
22410	1837
22411	1868
22412	1868
22413	1941
22414	1941
22415	1928
22416	1928
22417	1928
22418	1836
22419	1836
22420	1836
22421	1836
22422	1836
22423	1836
22424	1904
22425	1921
22426	1837
22427	1837
22428	1837
22429	1837
22430	1837
22431	1837
22432	1837
22433	1837
22434	1837
22435	1837
22436	1837
22437	1837
22438	1837
22439	1837
22440	1837
22441	1868
22442	1868
22443	1868
22444	1941
22445	1941
22446	1928
22447	1928
22448	1836
22449	1836
22450	1836
22451	1836
22452	1836
22453	1836
22454	1836
22455	1836
22456	1836
22457	1836
22458	1836
22459	2147
22460	2148
22462	2141
22467	2109
22469	2018
22470	2018
22471	2018
22474	1923
22475	1829
22476	1829
22477	2112
22478	1831
22479	1831
22480	1866
22481	1946
22482	1856
22483	1829
22484	1829
22485	1831
22486	1831
22487	1831
22488	1831
22489	1831
22490	1831
22491	1831
22492	1831
22493	1853
22494	1853
22495	1990
22496	1866
22497	1866
22498	1866
22499	1825
22500	1825
22501	1825
22502	1844
22503	1844
22504	1844
22505	1844
22506	1844
22507	1844
22508	1902
22510	1858
22511	1858
22512	1833
22513	1833
22514	1833
22515	1833
22516	1833
22517	1833
22518	1833
22519	1833
22520	1833
22521	1833
22522	1833
22523	1833
22525	2139
22526	1851
22527	1851
22528	1851
22529	1851
22530	1851
22531	1925
22532	1856
22533	1856
22534	1856
22535	1825
22536	1825
22537	1825
22538	2108
22539	2108
22540	1925
22541	1904
22542	1923
22543	1852
22544	1852
22545	1852
22546	1856
22547	1851
22548	1844
22549	1825
22550	1825
22551	1866
22552	1839
22553	1839
22554	1912
22555	1947
22556	2012
22557	1988
22558	1830
22559	1830
22560	1823
22561	1849
22562	1891
22563	1823
22564	1823
22565	1846
22566	1823
22567	1838
22568	1978
22569	1872
22570	1872
22571	1834
22572	1832
22573	1822
22574	1832
22575	1822
22576	1822
22577	1827
22578	1827
22579	1864
22580	1871
22581	1877
22582	1852
22583	1896
22584	1869
22585	1899
22586	1890
22587	1850
22588	1859
22589	1842
22590	1826
22591	1826
22592	1875
22593	1898
22594	1876
22595	1884
22596	1826
22597	1826
22598	1850
22599	1859
22600	1888
22601	1822
22602	1822
22603	1892
22604	1847
22605	1845
22606	1929
22607	1845
22608	1854
22609	1869
22610	1828
22611	1828
22612	1861
22613	1927
22614	1827
22615	1827
22616	1897
22617	1863
22618	1843
22619	1880
22620	1896
22621	1906
22622	1823
22623	1849
22624	1823
22625	1823
22626	1823
22627	1924
22628	1845
22629	1847
22630	1879
22631	1855
22632	1855
22633	1855
22634	1828
22635	1828
22636	1936
22637	1861
22638	1865
22639	1859
22640	1850
22641	1840
22642	1840
22643	1860
22644	1842
22645	1842
22646	1859
22647	1850
22648	1826
22649	1826
22650	1846
22651	1823
22652	1860
22653	1860
22654	1823
22655	1823
22656	1849
22657	1830
22658	1830
22659	1879
22660	1852
22661	1843
22662	1867
22663	1863
22664	1843
22665	1848
22666	1857
22667	1862
22668	1885
22669	1916
22670	1887
22671	1843
22672	1916
22673	1905
22674	1852
22675	1835
22676	1847
22677	1974
22678	1823
22679	1859
22680	1870
22681	1870
22682	1870
22683	1870
22684	1870
22685	1961
22686	2122
22687	1972
22688	2126
22689	1940
22690	1940
22691	1940
22692	1843
22693	1840
22694	1835
22695	1835
22696	1835
22697	1854
22698	2071
22699	2001
22700	1870
22701	1870
22702	1870
22703	2002
22704	1885
22705	1885
22706	1891
22707	1860
22708	1835
22709	1973
22710	1834
22711	1834
22712	1846
22713	1842
22714	1838
22715	1850
22716	1880
22717	1907
22718	1865
22719	1943
22720	1943
22721	2083
22722	2007
22723	1945
22724	1945
22725	1977
22726	1976
22727	2004
22728	2059
22729	1908
22730	1908
22731	1971
22732	1996
22733	2047
22734	1830
22735	2044
22736	2043
22737	2042
22738	2041
22739	2125
22740	1979
22741	2130
22742	2111
22743	1992
22744	1961
22745	2065
22746	1962
22747	2073
22748	1965
22749	2078
22750	1843
22751	1843
22752	1843
22753	1854
22754	1854
22755	1860
22756	1828
22757	1828
22758	1937
22759	1887
22760	1899
22761	1884
22762	1852
22763	1861
22764	1861
22765	1861
22766	1929
22767	1863
22768	1879
22769	1907
22770	1828
22771	1883
22772	1875
22773	1898
22774	1865
22775	1865
22776	1939
22777	1872
22778	1872
22779	1888
22780	2058
22782	2124
22784	2070
22785	2079
22786	2087
22787	2046
22788	2105
22789	2098
22790	2045
22791	2115
22792	2029
22793	1956
22794	2082
22795	2062
22796	2127
22797	1956
22798	2114
22799	2089
22800	2069
22801	2057
22802	2119
22803	1917
22804	1917
22805	2121
22806	1917
22807	1917
22808	2055
22809	1919
22811	2190
22828	2361
22829	2145
22830	1985
22831	2061
22832	2061
22833	2255
22834	2136
22835	1840
22836	1832
22837	1822
22838	1822
22839	1850
22840	1829
22841	1829
22842	1829
22843	1829
22844	1829
22845	1829
22846	1829
22847	1829
22848	1829
22849	1853
22850	1853
22851	1853
22852	1853
22853	1866
22854	1866
22855	1866
22856	1866
22857	1858
22858	1858
22859	1844
22860	1844
22861	1844
22862	1844
22863	1853
22864	1825
22865	1990
22866	1825
22867	1825
22868	1825
22869	1825
22870	1825
22871	1825
22872	1825
22873	1825
22874	1851
22875	1851
22876	1856
22877	1856
22878	1856
22879	1856
22880	1825
22881	1825
22882	1825
22883	1825
22884	1856
22885	1856
22886	1856
22887	1829
22888	1829
22889	1829
22890	1853
22891	1853
22892	1853
22893	1853
22894	1853
22895	1866
22896	1844
22897	1844
22898	1858
22899	1858
22900	1822
22901	1822
22902	1822
22903	1963
22904	1901
22905	2030
22906	1920
22907	1963
22908	1997
22909	2253
22910	1824
22911	1824
22912	1824
22913	1904
22914	1921
22915	1921
22916	1837
22917	1837
22918	1837
22919	1837
22920	1837
22921	1868
22922	1868
22923	1868
22924	1836
22925	1836
22926	1836
22927	1836
22928	1836
22929	1836
22930	1836
22931	1829
22932	1866
22933	1825
22934	1844
22935	1946
22936	1844
22937	1946
22938	1844
22939	1902
22940	1833
22941	1833
22942	1833
22943	1833
22944	1833
22945	1833
22946	1833
22947	1851
22948	1851
22949	1851
22950	1925
22951	1856
22952	1825
22953	1925
22954	1856
22955	1831
22956	1831
22957	1974
22958	1859
22959	2001
22960	1842
22961	1838
22962	1850
22963	1880
22964	1907
22965	1865
22966	1943
22967	1945
22968	1977
22969	1976
22970	1908
22971	1971
22972	1870
22973	1870
22974	1979
22975	1962
22976	1965
22977	1843
22978	1840
22979	1835
22980	1835
22981	1972
22982	1974
22983	1823
22984	1859
22985	1854
22986	1846
22987	1842
22988	1838
22989	1850
22990	1870
22991	2002
22992	1880
22993	1907
22994	1865
22995	1943
22996	2007
22997	1945
22998	1977
22999	1976
23000	2004
23001	1908
23002	1971
23003	1996
23006	1979
23007	2111
23008	1992
23009	1962
23010	1965
23011	1843
23012	1835
23013	1840
23014	1835
23015	1834
23016	1834
23017	1835
23018	1835
23019	1972
23020	1970
23021	1970
23022	1970
23023	1970
23024	1840
23025	1840
23026	1840
23027	1840
23028	1882
23029	1882
23030	1954
23031	1954
23032	1954
23033	1954
23034	1949
23035	1949
23036	1949
23037	1949
23038	1882
23039	1882
23061	1922
23062	1913
23063	1913
23064	1913
23065	1913
23066	1913
23067	1913
23068	1913
23069	1913
23070	1913
23071	1913
23073	1868
23074	1868
23075	1967
23076	1967
23077	1967
23078	1910
23080	1910
23081	1910
23082	1910
23083	1910
23084	1910
23085	1910
23086	1910
23087	1910
23088	1910
23089	1967
23090	2217
23091	1840
23092	1963
23093	1963
23094	1997
23095	1997
23096	1931
23097	1931
23098	1839
23099	1969
23100	1969
23101	1969
23102	1969
23103	2106
23104	2106
23105	1839
23106	1948
23107	1853
23108	1825
23109	1858
23110	1858
23111	1836
23112	1836
23113	1904
23114	1837
23115	1837
23116	1836
23117	1836
23118	1836
23119	1831
23120	1829
23121	1851
23122	1829
23123	1868
23124	1831
23125	1831
23126	1831
23127	1831
23128	1831
23129	1946
23130	1946
23131	1902
23132	1902
23133	1923
23134	1923
23135	1923
23136	1923
23137	1923
23138	1829
23139	1829
23140	1829
23141	1831
23142	1853
23143	1825
23144	1825
23145	1844
23146	1844
23147	1902
23148	1856
23149	1856
23150	1831
23151	1831
23152	1829
23153	1868
23154	1868
23155	1928
23156	1928
23157	1831
23158	1829
23159	1858
23160	1851
23161	1851
23162	1921
23163	1921
23164	1837
23165	1837
23166	1837
23167	1868
23168	1868
23169	1836
23170	1836
23171	1836
23172	1836
23173	1836
23174	1836
23175	1829
23176	1831
23177	1831
23178	1831
23179	1831
23180	1831
23181	1831
23182	1831
23183	1831
23184	1825
23185	1825
23186	1844
23187	1844
23188	1946
23189	1844
23190	1844
23191	1902
23192	1902
23193	1858
23194	1833
23195	1833
23196	1833
23197	1833
23198	1833
23199	1833
23200	2139
23201	2139
23202	1851
23203	1851
23204	1851
23205	1851
23206	1925
23207	1856
23208	1825
23209	1825
23210	1925
23211	1925
23212	1904
23213	1923
23214	1829
23215	1853
23216	1836
23217	1836
23218	1831
23219	1866
23220	1825
23221	1925
23222	1837
23223	1829
23224	1823
23225	1823
23226	1823
23227	1823
23228	1823
23229	1823
23230	1823
23231	1823
23232	1823
23233	1823
23234	1823
23235	1823
23236	1823
23237	1823
23238	1823
23239	1823
23240	1823
23241	1859
23242	1859
23243	1843
23244	1835
23245	1835
23246	1835
23247	1835
23248	1835
23249	1835
23250	1835
23251	1854
23252	1854
23253	1854
23254	1854
23255	1827
23256	1827
23257	1827
23258	1827
23259	1827
23260	1827
23261	1822
23262	1822
23263	1822
23264	1822
23265	1822
23266	1822
23267	1832
23268	1832
23269	1832
23270	1832
23271	1822
23272	1881
23273	1881
23274	1874
23275	1874
23276	1874
23277	1848
23278	1848
23279	1848
23280	1848
23281	1862
23282	1862
23283	1862
23284	1862
23285	1834
23286	1864
23287	1864
23288	1864
23289	1864
23290	1857
23291	1857
23292	1857
23293	1857
23294	1857
23295	1830
23296	1830
23297	1830
23298	1830
23299	1826
23300	1826
23301	1826
23302	1826
23303	1826
23304	1834
23305	1834
23306	1834
23307	1822
23308	1893
23309	1846
23310	1846
23311	1846
23312	1846
23313	1867
23314	1867
23315	1845
23316	1845
23317	1916
23318	1842
23319	1842
23320	1842
23321	1842
23322	1842
23323	1842
23324	1838
23325	1838
23326	1838
23327	1838
23328	1838
23329	1838
23330	1936
23331	1869
23332	1869
23333	1894
23334	1894
23335	1855
23336	1855
23337	1855
23338	1855
23339	1855
23340	1886
23341	1886
23342	1850
23343	1850
23344	1850
23345	1850
23346	1849
23347	1849
23348	1849
23349	1927
23350	1927
23351	1896
23352	1906
23353	1840
23354	1905
23355	1905
23356	1915
23357	1915
23358	1914
23359	1900
23360	1924
23361	1924
23362	1924
23363	1877
23365	1877
23366	1871
23367	1871
23368	1871
23369	1978
23370	1828
23371	1880
23372	1897
23374	1903
23375	1903
23376	1903
23377	1903
23378	1876
23379	1876
23380	1852
23381	1852
23382	1840
23383	1840
23384	1840
23385	1942
23386	1929
23387	1863
23388	1863
23389	1859
23390	1859
23391	1875
23392	1875
23393	1875
23394	1898
23395	1847
23396	1847
23397	1847
23398	1865
23399	1855
23400	1855
23401	1855
23402	1855
23403	1918
23404	1918
23405	1918
23406	1918
23407	1959
23408	1882
23409	1882
23410	1882
23411	1882
23412	1935
23413	1935
23414	1995
23415	1995
23416	1950
23417	1824
23418	1824
23419	1824
23420	1824
23421	1824
23422	1824
23423	1824
23424	1824
23425	1824
23426	1824
23427	1824
23428	1824
23429	1824
23430	1824
23431	1824
23432	1824
23433	1824
23434	1824
23435	1824
23436	1824
23437	1824
23438	1824
23439	1824
23440	1824
23441	1824
23442	1824
23443	1824
23444	1824
23445	1824
23446	1824
23447	1824
23448	1824
23449	1824
23450	1824
23451	1824
23452	1824
23453	1824
23454	1824
23455	1824
23456	1824
23457	1824
23458	1824
23459	1824
23460	1824
23461	1824
23462	1824
23463	1824
23464	1824
23465	1824
23466	1824
23467	1824
23468	1824
23469	1824
23470	1824
23471	1824
23472	1824
23473	1824
23474	1824
23475	1824
23476	1824
23477	1824
23478	1824
23479	1824
23480	1824
23481	1824
23482	1824
23483	1824
23484	1824
23485	2157
23486	1827
23487	1827
23488	1999
23490	1955
23492	1829
23493	1829
23494	1829
23495	1829
23496	1829
23497	1829
23498	1829
23499	1829
23500	1829
23501	1829
23502	1829
23503	1831
23504	1831
23505	1831
23506	1831
23507	1831
23508	1831
23509	1853
23510	1853
23511	1853
23512	1853
23513	1853
23514	1853
23515	1853
23516	1853
23517	1948
23518	1948
23519	1948
23520	1866
23521	1866
23522	1866
23523	1866
23524	1866
23525	1866
23526	1825
23527	1825
23528	1825
23529	1825
23530	1825
23531	1825
23532	1825
23533	1825
23534	1825
23535	1825
23536	1825
23537	1825
23538	1825
23539	1825
23540	1825
23541	1825
23542	1825
23543	1844
23544	1844
23545	1844
23546	1844
23547	1844
23548	1844
23549	1844
23550	1844
23551	1902
23552	1902
23553	1858
23554	2072
23555	1833
23556	1833
23557	1833
23558	1833
23559	1833
23560	1858
23561	1858
23562	1858
23563	1833
23564	1858
23565	1858
23566	1858
23567	1833
23568	1833
23569	1833
23570	1833
23571	1833
23572	1858
23573	2074
23574	2074
23575	1833
23576	1833
23577	1858
23578	2072
23579	1833
23580	1833
23581	1833
23582	1833
23583	1833
23584	1858
23585	1851
23586	1851
23587	1851
23588	1851
23589	1851
23590	1851
23591	1851
23592	1851
23593	1851
23594	1851
23595	1856
23596	1856
23597	1856
23598	1856
23599	1856
23600	1856
23601	1856
23602	1856
23604	1831
23605	1831
23606	1831
23607	1831
23608	1831
23609	1831
23610	1831
23611	1831
23613	1922
23614	1922
23615	1922
23616	1922
23617	1904
23618	1904
23619	1904
23620	1904
23621	1921
23622	1921
23623	1837
23624	1837
23625	1837
23626	1837
23627	1837
23628	1837
23629	1837
23630	1837
23631	1837
23632	1837
23633	1868
23634	1868
23635	1868
23636	1868
23637	1868
23638	1868
23639	1868
23640	1941
23641	1941
23643	1928
23644	1928
23645	1928
23646	1836
23647	1836
23648	1836
23649	1836
23650	1836
23651	1836
23652	1836
23653	1836
23654	1836
23655	1836
23656	1836
23657	1836
23658	2109
23659	2109
23660	1923
23663	2033
23664	2033
23665	2034
23666	2034
23668	1966
23669	1966
23670	1966
23671	1966
23672	1987
23673	1987
23674	1987
23675	2035
23676	2035
23677	1873
23678	1873
23679	1873
23680	1873
23681	1873
23682	1873
23683	1873
23684	1873
23685	1873
23686	1873
23687	1873
23688	1873
23689	1873
23690	1873
23691	1873
23692	1873
23693	1873
23694	1873
23695	1873
23696	1925
23697	2037
23698	2037
23699	1952
23700	1952
23701	1952
23702	1952
23703	1952
23705	2240
23707	2199
23708	2027
23709	2132
23712	2201
23713	2238
23714	1991
23715	1991
23716	1991
23717	1895
23718	1895
23719	1822
23720	1916
23721	1838
23722	1849
23723	1849
23724	1900
23725	1877
23726	1827
23727	1828
23728	1880
23729	1832
23730	1822
23731	1875
23732	1898
23733	1909
23734	1848
23735	1862
23736	1864
23737	1878
23738	1830
23739	1855
23740	1839
23741	1964
23742	1843
23743	1919
23744	1906
23745	1828
23746	1887
23747	1879
23748	1883
23749	1857
23750	1890
23751	1968
23752	1823
23753	1823
23754	1823
23755	1845
23756	1845
23757	1842
23758	1869
23759	1920
23760	1938
23761	1871
23762	1822
23763	1930
23764	1852
23765	1863
23766	1881
23767	1830
23768	1826
23769	1835
23770	1835
23771	2012
23772	1839
23773	1912
23774	2000
23775	2038
23776	2021
23777	2039
23778	1839
23779	2080
23780	2080
23791	1840
23792	1840
23793	1840
23794	1840
23795	1840
23796	1840
23797	1840
23798	1827
23799	1827
23800	1827
23801	1827
23802	1827
23803	1827
23804	1827
23805	1827
23806	1848
23807	1848
23808	1848
23809	1826
23810	1826
23811	1826
23812	1826
23813	1826
23814	1826
23815	1826
23816	1838
23817	1838
23818	1838
23819	1838
23820	1838
23821	1838
23822	1838
23823	1838
23824	1838
23825	1869
23826	1869
23827	1869
23828	1869
23829	1869
23830	1869
23831	1855
23832	1855
23833	1855
23834	1855
23835	1850
23836	1850
23837	1850
23838	1850
23839	1850
23840	1850
23841	1850
23842	1850
23843	1850
23844	1849
23845	1849
23846	1849
23847	1849
23848	1849
23849	1849
23850	1849
23851	1849
23852	1849
23853	1849
23854	1906
23855	1906
23856	1915
23857	1915
23858	1915
23859	1915
23860	1915
23861	1914
23862	1914
23863	1914
23864	1914
23865	1900
23866	1900
23867	1900
23868	1900
23869	1900
23870	1871
23871	1871
23872	1871
23873	1871
23874	1871
23875	1871
23876	1835
23877	1835
23878	1835
23879	1835
23880	1835
23881	1838
23882	1838
23883	1838
23884	1838
23885	1838
23886	1838
23887	1838
23888	1838
23889	1901
23890	1901
23891	1901
23892	1901
23893	1901
23894	1901
23895	1901
23896	1933
23897	1933
23898	1933
23899	1933
23900	1920
23901	1920
23902	1920
23903	1920
23904	1839
23905	1839
23906	1839
23907	1839
23908	1839
23909	1880
23910	1880
23911	1880
23912	1930
23913	1930
23914	1930
23915	1934
23916	1934
23917	1934
23918	1934
23919	1934
23920	1897
23921	1897
23922	1897
23923	1897
23924	1827
23925	1827
23926	1859
23927	1859
23928	1881
23929	1881
23930	1881
23931	1881
23932	1881
23933	1881
23934	1881
23935	1874
23936	1874
23937	1874
23938	1874
23939	1874
23940	1874
23941	1874
23942	1874
23943	1874
23944	1862
23945	1862
23946	1862
23947	1862
23948	1864
23949	1864
23950	1864
23951	1864
23952	1864
23953	1864
23954	1864
23955	1878
23956	1878
23957	1878
23958	1878
23959	1878
23960	1878
23961	1878
23962	1878
23963	1878
23964	1830
23965	1830
23966	1830
23967	1830
23968	1830
23969	1830
23970	1830
23971	1830
23972	1830
23973	1826
23974	1826
23975	1826
23976	1826
23977	1826
23978	1885
23979	1885
23980	1885
23981	1885
23982	1885
23983	1885
23984	1890
23985	1890
23986	1890
23987	1890
23988	1890
23989	1890
23990	1890
23991	1891
23992	1891
23993	1891
23994	1891
23995	1891
23996	1891
23997	1919
23998	1919
23999	1919
24000	1919
24001	1919
24002	1919
24003	1823
24004	1823
24005	1823
24006	1823
24007	1823
24008	1823
24009	1846
24010	1846
24011	1846
24012	1846
24013	1846
24014	1846
24015	1846
24016	1846
24017	1846
24018	1846
24019	1846
24020	1846
24021	1846
24022	1846
24023	1846
24024	1867
24025	1867
24026	1867
24027	1867
24028	1867
24029	1867
24030	1867
24031	1867
24032	1867
24033	1830
24034	1830
24035	1830
24036	1830
24037	1830
24038	1830
24039	1830
24040	1830
24041	1830
24042	1830
24043	1830
24044	1830
24045	1845
24046	1845
24047	1845
24048	1845
24049	1845
24050	1845
24051	1845
24052	1845
24053	1895
24054	1895
24055	1895
24056	1895
24057	1895
24058	1895
24059	1895
24060	1895
24061	1845
24062	1845
24063	1845
24064	1845
24065	1845
24066	1845
24067	1845
24068	1842
24069	1842
24070	1842
24071	1842
24072	1842
24073	1842
24074	1842
24075	1938
24076	1938
24077	1926
24078	1926
24079	1926
24080	1926
24081	1926
24082	1843
24083	1843
24084	1843
24085	1843
24086	1843
24087	1843
24088	1843
24089	1843
24090	1843
24091	1843
24092	1843
24093	1843
24094	1843
24095	1854
24096	1854
24097	1854
24098	1854
24099	1854
24100	1854
24101	1854
24102	1854
24103	1860
24104	1860
24105	1860
24106	1860
24107	1860
24108	1860
24109	1860
24110	1860
24111	1860
24112	1828
24113	1828
24114	1828
24115	1828
24116	1828
24117	1828
24118	1828
24119	1828
24120	1828
24121	1828
24122	1937
24123	1937
24124	1899
24125	1899
24126	1899
24127	1899
24128	1852
24129	1852
24130	1852
24131	1852
24132	1852
24133	1852
24134	1852
24135	1852
24136	1852
24137	1861
24138	1861
24139	1861
24140	1861
24141	1861
24142	1861
24143	1861
24144	1861
24145	1863
24146	1863
24147	1863
24148	1863
24149	1863
24150	1863
24151	1879
24152	1879
24153	1879
24154	1879
24155	1879
24156	1879
24157	1863
24158	1863
24159	1863
24160	1883
24161	1883
24162	1883
24163	1883
24164	1883
24165	1883
24166	1883
24167	1883
24168	1875
24169	1875
24170	1875
24171	1875
24172	1875
24173	1898
24174	1898
24175	1847
24176	1847
24177	1847
24178	1847
24179	1847
24180	1847
24181	1847
24182	1847
24183	1847
24184	1847
24185	1847
24186	1847
24187	1847
24188	1847
24189	1847
24190	1847
24191	1865
24192	1865
24193	1865
24194	1939
24195	1939
24196	1939
24197	1939
24198	1939
24199	1872
24200	1872
24201	1872
24202	1872
24203	1872
24204	1888
24205	1888
24206	1888
24207	1888
24208	1888
24209	1888
24210	1909
24211	1909
24212	1909
24213	1909
24214	1909
24215	1909
24216	1944
24217	1944
24218	1944
24219	1944
24220	1944
24221	1911
24222	1911
24223	1911
24224	1911
24225	1911
24226	1911
24227	1911
24228	1911
24229	1911
24230	1826
24231	1826
24232	1826
24233	1826
24234	1826
24235	1826
24236	1826
24237	1859
24238	1828
24239	1828
24240	1828
24241	1828
24242	1828
24243	1828
24244	1828
24245	1828
24246	1828
24247	1828
24248	1828
24249	1828
24250	1828
24251	1828
24252	1827
24253	1827
24254	1827
24255	1827
24256	1827
24257	1827
24258	1827
24259	1827
24260	1827
24261	1827
24262	1827
24263	1827
24264	1827
24265	1827
24266	1827
24267	1827
24268	1827
24269	1827
24270	1827
24271	1827
24272	1822
24273	1822
24274	1832
24275	1822
24276	1832
24277	1834
24278	1822
24279	1822
24280	1832
24281	1822
24282	1832
24283	1834
24284	1822
24285	1822
24286	1832
24287	1822
24288	1832
24289	1834
24290	1822
24291	1822
24292	1832
24293	1822
24294	1832
24295	1834
24296	1822
24297	1822
24298	1832
24299	1822
24300	1832
24301	1834
24302	1822
24303	1822
24304	1832
24305	1822
24306	1832
24307	1834
24308	1822
24309	1822
24310	1832
24311	1822
24312	1832
24313	1834
24314	1822
24315	1822
24316	1832
24317	1822
24318	1832
24319	1834
24320	1822
24321	1822
24322	1832
24323	1822
24324	1832
24325	1834
24326	1822
24327	1822
24328	1832
24329	1822
24330	1832
24331	1876
24332	1884
24333	1876
24334	1884
24335	1876
24336	1884
24337	1876
24338	1884
24339	1876
24340	1884
24341	1876
24342	1848
24343	1857
24344	1862
24345	1848
24346	1857
24347	1848
24348	1857
24349	1862
24350	1848
24351	1857
24352	1848
24353	1857
24354	1862
24355	1848
24356	1857
24357	1862
24358	1848
24359	1857
24360	1862
24361	1848
24362	1857
24363	1848
24364	1857
24365	1862
24366	1822
24367	1822
24368	1834
24369	1822
24370	1822
24371	1822
24372	1822
24373	1834
24374	1822
24375	1822
24376	1834
24377	1822
24378	1822
24379	1834
24380	1822
24381	1822
24382	1834
24383	1822
24384	1822
24385	1822
24386	1822
24387	1834
24388	1822
24389	1822
24390	1834
24391	1887
24392	1893
24393	1887
24394	1893
24395	1887
24396	1893
24397	1887
24398	1893
24399	1887
24400	1893
24401	1887
24402	1893
24403	1822
24404	1832
24405	1834
24406	1822
24407	1832
24408	1834
24409	1822
24410	1832
24411	1834
24412	1832
24413	1834
24414	1822
24415	1832
24416	1822
24417	1832
24418	1834
24419	1822
24420	1832
24421	1834
24422	1822
24423	1832
24424	1834
24425	1832
24426	1834
24427	1822
24428	1832
24429	1834
24430	2134
24431	1932
24432	2048
24433	2135
24434	1951
24435	1951
24436	1924
24437	1942
24438	2312
24439	2049
24440	2030
24441	1839
24442	1931
24443	1839
24444	1903
24445	2050
24446	1828
24447	1951
24448	1951
24449	2277
24450	1841
24451	1841
24452	1841
24453	1841
24454	1841
24455	1841
24456	1841
24457	1841
24458	1841
24459	1841
24460	1841
24461	1841
24462	1841
24463	1841
24464	1841
24465	1841
24466	1841
24467	1841
24468	1841
24469	1841
24470	1841
24471	1841
24472	1841
24473	1841
24474	1841
24475	1841
24476	1841
24477	1841
24478	1841
24479	1841
24480	1841
24481	1841
24482	1841
24483	1841
24484	1841
24485	1841
24486	1841
24487	1841
24488	1841
24489	1841
24490	1994
24491	1960
24492	1960
24493	1960
24494	1949
24495	2003
24496	2251
24497	2036
24498	1951
24499	1951
24500	1951
24501	1951
24502	1951
24503	1951
24504	1951
24505	1951
24506	1951
24507	1951
24509	2203
24511	2419
24512	1934
24513	1934
24514	1823
24515	1823
24516	1888
24517	1888
24518	1842
24519	1842
24520	1823
24521	1823
24522	1865
24523	1865
24524	1867
24525	1867
24526	1872
24527	1872
24528	1872
24529	1872
24530	1905
24531	1905
24532	1835
24533	1835
24534	1848
24535	1848
24536	1834
24537	1834
24538	1822
24539	1822
24540	1822
24541	1822
24542	1832
24543	1832
24544	1832
24545	1832
24546	1834
24547	1834
24548	1880
24549	1880
24550	1880
24551	1823
24552	1823
24553	1899
24554	1899
24555	1927
24556	1927
24557	1863
24558	1999
24559	1999
24560	1932
24561	1932
24562	1932
24563	1884
24564	1884
24565	1876
24566	1876
24567	1905
24568	1905
24569	1826
24570	1826
24571	1826
24572	1826
24573	1857
24574	1857
24575	1848
24576	1848
24577	1852
24578	1852
24579	1936
24580	1936
24581	1861
24582	1861
24583	1877
24584	1877
24585	1854
24586	1854
24587	1879
24588	1879
24589	1882
24590	1882
24591	1903
24592	1903
24593	1842
24594	1842
24595	1898
24596	1898
24597	1875
24598	1875
24599	1875
24600	1875
24601	1823
24602	1823
24603	1854
24604	1854
24605	1852
24606	1852
24607	1840
24608	1840
24609	1840
24610	1840
24611	1840
24612	1840
24613	1847
24614	1847
24615	1855
24616	1855
24617	1855
24618	1855
24619	1823
24620	1823
24621	1916
24622	1916
24623	1847
24624	1847
24625	1823
24626	1823
24627	1835
24628	1835
24629	1955
24630	1955
24631	1881
24632	1881
24633	1871
24634	1871
24635	1861
24636	1861
24637	1828
24638	1828
24639	1828
24640	1828
24641	1918
24642	1918
24643	1843
24644	1843
24645	1871
24646	1871
24647	1823
24648	1823
24649	1823
24650	1823
24651	1823
24652	1869
24653	1869
24654	1914
24655	1914
24656	1826
24657	1826
24658	1906
24659	1906
24660	1842
24661	1842
24662	1883
24663	1883
24664	1861
24665	1861
24666	1950
24667	1950
24668	1849
24669	1849
24670	1849
24671	1852
24672	1852
24673	1894
24674	1894
24675	1864
24676	1864
24677	1867
24678	1867
24679	1835
24680	1835
24681	1828
24682	1828
24683	1845
24684	1845
24685	1845
24686	1845
24687	1874
24688	1874
24689	1886
24690	1886
24691	1886
24692	1828
24693	1828
24694	1849
24695	1849
24696	1847
24697	1847
24698	1830
24699	1830
24700	1830
24701	1830
24702	1830
24703	1850
24704	1850
24705	1886
24706	1886
24707	1838
24708	1838
24709	1830
24710	1830
24711	1830
24712	1830
24713	1823
24714	1823
24715	1846
24716	1846
24717	1865
24718	1865
24719	1862
24720	1862
24721	1848
24722	1848
24723	1857
24724	1857
24725	1935
24726	1935
24727	1869
24728	1869
24729	1859
24730	1859
24731	1942
24732	1942
24733	1929
24734	1929
24735	1848
24736	1848
24737	1857
24738	1857
24739	1862
24740	1862
24741	1896
24742	1896
24743	1894
24744	1894
24745	1838
24746	1838
24747	1822
24748	1822
24749	1822
24750	1822
24751	1834
24752	1834
24753	1827
24754	1827
24755	1854
24756	1854
24757	1835
24758	1835
24759	1887
24760	1887
24761	1893
24762	1893
24763	1937
24764	1937
24765	1907
24766	1907
24767	1823
24768	1823
24769	1874
24770	1874
24771	1863
24772	1863
24773	1877
24774	1877
24775	1827
24776	1827
24777	1827
24778	1827
24779	1897
24780	1897
24781	1828
24782	1932
24783	1932
24784	1958
24785	2060
24786	1960
24787	1993
24788	1884
24789	1909
24790	2000
24791	2000
24792	1988
24793	1839
24794	2012
24795	1859
24796	1850
24797	2038
24798	2021
24799	2039
24800	1922
24801	1922
24802	1831
24803	1831
24804	1831
24805	1831
24806	2171
24807	2192
24808	1957
24809	1957
24810	1957
24811	1957
24812	1829
24814	2026
24815	2026
24816	1982
24817	1982
24818	1982
24819	1950
24820	1839
24821	2250
24822	1919
24824	2031
24825	1931
24826	1839
24827	2032
24828	2005
24830	2031
24831	1931
24832	1839
24833	2032
24834	2005
24835	1912
24836	1839
24837	1983
24838	1839
24839	1912
24840	1839
24841	1839
24842	1822
24843	1949
24844	2003
24845	1889
24846	2049
24847	1947
24848	1839
24849	1912
24850	1912
24851	1912
24852	1839
24853	1839
24854	1839
24855	2021
24856	1839
24857	1839
24858	2107
24859	1959
24860	1822
24861	2003
24862	2175
24863	2314
24864	2301
24865	2364
24866	1834
24867	2395
24868	2289
24869	2333
24870	2351
24871	2468
24872	2435
24873	2325
24874	2332
24875	2424
24876	2388
24877	2368
24878	2223
24879	2175
24880	2348
24881	2133
24883	2350
24884	2374
24885	2234
24886	2398
24887	2306
24888	2343
24889	2291
24890	2133
24891	2328
24892	2280
24893	2232
24894	2296
24895	2346
24897	2133
24898	2281
24899	2376
24900	2133
24901	2493
24902	2133
24903	2309
24904	2150
24905	2150
24906	2233
24907	2453
24908	2156
24909	2316
24910	2463
24912	2293
24913	2208
24914	2315
24915	2133
24916	2298
24917	2335
24919	2133
24920	2375
24921	2341
24923	2294
24925	2329
24926	2473
24927	2352
24928	2278
24929	2402
24930	2459
24931	2158
24932	2320
24933	2133
24934	2484
24935	2366
24936	2370
24938	2443
24939	2431
24941	2336
24942	2347
24943	2288
24944	2363
24945	2342
24947	2465
24948	2321
24949	1891
24950	2340
24951	2359
24952	2412
24953	2474
24954	2337
24955	2409
24956	2300
24957	2362
24958	2307
24959	2491
24960	2282
24961	2302
24962	2369
24963	2469
24964	2417
24966	2290
24967	2360
24968	2271
24969	2292
24970	2149
24971	2133
24972	2279
24973	2305
24974	2133
24975	2276
24976	1954
24977	2249
24978	1947
24979	2224
24980	1839
24981	1839
24982	2284
24983	2311
24984	2455
24986	1934
24987	1919
24988	2005
24992	1860
24993	1885
24994	1849
24995	1938
24996	1835
24997	1924
24998	1926
24999	1926
25000	1903
25001	1942
25002	1892
25003	1892
25004	1892
25005	1882
25006	1882
25007	1935
25008	1958
25009	1950
25010	1932
25011	2048
25012	1994
25013	1863
25014	1983
25015	2027
25016	1840
25017	1954
25018	1892
25019	1892
25020	1892
25021	1989
25022	2036
25023	1994
25024	2118
25025	2118
25026	2050
25027	2140
25028	2140
25029	2142
25031	2144
25036	2151
25039	2147
25040	2148
25043	2140
25044	2141
25045	2143
25046	2142
25047	2137
25051	2144
25053	2151
25054	2138
25055	1947
25056	1919
25057	2173
25058	2172
25059	2365
25060	2254
25061	1984
25062	1984
25063	2461
25065	2429
25066	2297
25068	1995
25069	1839
25070	1841
25071	2180
25073	2489
25074	1984
25075	1839
25076	2169
25077	2410
25078	2254
25079	1855
25080	2180
25081	2245
25082	2107
25083	1875
25084	2156
25085	1947
25086	2175
25087	2173
25088	2172
25089	2219
25091	2170
25092	2436
25093	2169
25094	2206
25099	2132
25102	1839
25103	2220
25104	2210
25105	2209
25106	2134
25109	2050
25110	2145
25112	1931
25113	2154
25114	2154
25115	2154
25118	1954
25120	2153
25121	2153
25127	2146
25128	2146
25131	2152
25132	2152
25135	1924
25136	2132
25137	2132
25138	2132
25139	2132
25140	2132
25141	2132
25143	1994
25146	1950
25147	2135
25159	2212
25167	1960
25168	1960
25170	1949
25171	2036
25181	2162
25182	2162
25183	2162
25184	2162
25185	2174
25186	2174
25187	2171
25188	1957
25190	2225
25191	2198
25192	1922
25194	1864
25195	1822
25196	1830
25197	1823
25198	1867
25199	1845
25200	1877
25201	1878
25202	1827
25203	1822
25204	1822
25205	1881
25206	1872
25207	1872
25208	1864
25209	1857
25210	1826
25211	1984
25212	2038
25213	1994
25214	1846
25215	1838
25216	1838
25217	1936
25218	1869
25219	1900
25220	1828
25221	1861
25222	1879
25223	1857
25224	1826
25225	1885
25226	1860
25227	1897
25229	1994
25237	1860
25238	1955
25242	1827
25245	1998
25248	2441
25250	1823
25251	1859
25252	1859
25253	1843
25254	1843
25255	1843
25256	1835
25257	1835
25258	1835
25259	1854
25260	1854
25261	1854
25262	1827
25263	1827
25264	1827
25265	1827
25266	1822
25267	1832
25268	1832
25269	1848
25270	1864
25271	1864
25272	1857
25273	1857
25274	1830
25275	1830
25276	1826
25277	1826
25278	1826
25279	1860
25280	1860
25281	1860
25282	1834
25283	1823
25284	1846
25285	1822
25286	1845
25287	1916
25288	1838
25289	1838
25290	1936
25291	1869
25292	1894
25293	1894
25294	1855
25295	1855
25296	1855
25297	1886
25298	1850
25299	1850
25300	1850
25301	1849
25302	1896
25303	1938
25304	1906
25305	1905
25306	1905
25307	1924
25308	1877
25310	1871
25311	1978
25312	1828
25313	1828
25314	1937
25315	1887
25316	1880
25317	1899
25318	1884
25319	1903
25320	1876
25321	1876
25322	1861
25323	1942
25324	1942
25325	1879
25326	1859
25327	1907
25328	1828
25329	1828
25330	1883
25331	1884
25332	1875
25333	1898
25334	1847
25335	1847
25336	1865
25337	1872
25338	1888
25339	1855
25340	1855
25341	1892
25342	1882
25343	1983
25344	1958
25345	2061
25346	1950
25347	1932
25348	1994
25349	1823
25350	1823
25351	1823
25352	1823
25353	1859
25354	1835
25355	1827
25356	1822
25357	1848
25358	1862
25359	1862
25360	1830
25361	1826
25362	1834
25363	1822
25364	1822
25365	1893
25366	1867
25367	1845
25368	1877
25369	1918
25370	1823
25371	1823
25372	1823
25373	1827
25374	1822
25375	1874
25376	1848
25377	1834
25378	1834
25379	1857
25380	1857
25381	1830
25382	1826
25383	1826
25384	1885
25385	1891
25386	1891
25387	1860
25388	1860
25389	1834
25390	1846
25391	1867
25392	1845
25393	1842
25394	1838
25395	1869
25396	1849
25397	1927
25398	1927
25399	1927
25400	1915
25401	1914
25402	1900
25403	1871
25404	2014
25405	1852
25406	1852
25407	1861
25408	1840
25409	1840
25410	1929
25411	1863
25412	1863
25413	1879
25414	1998
25415	1886
25416	1872
25417	1918
25418	1959
25419	1840
25420	1954
25421	1969
25422	1822
25423	1832
25424	1822
25425	1850
25426	2136
25427	2149
25428	1854
25429	1854
25430	1823
25431	1859
25432	1843
25433	1840
25434	1835
25435	1854
25437	1860
25438	1842
25439	1943
25440	1943
25442	1945
25443	1977
25445	1971
25446	1996
25447	1979
25448	2111
25450	2143
25452	2137
25455	2138
25456	1881
25457	1969
25458	1914
25459	2157
25460	1955
25461	2155
25462	2155
25463	2048
25464	2285
25465	2158
25466	1822
25467	1845
25468	1854
25469	1901
25470	1938
25471	1906
25472	1905
25473	1827
25474	1828
25475	1903
25476	1822
25477	1884
25478	1847
25479	1826
25480	2009
25481	1839
25482	1947
25483	1839
25484	1919
25485	1834
25486	1823
25487	1823
25488	1842
25489	1886
25490	1896
25491	1877
25492	1822
25493	1828
25494	1930
25495	2014
25496	1884
25497	1861
25498	1840
25499	1840
25500	1907
25501	1883
25502	1874
25503	1848
25504	1830
25505	1830
25506	1993
25507	2145
25508	2061
25509	1949
25510	1950
25511	1822
25512	1823
25513	1854
25514	1862
25515	1826
25516	1840
25517	1843
25518	1823
25519	2017
25520	2010
25521	1839
25522	1934
25523	1823
25524	1916
25525	1826
25526	1823
25527	1848
25528	1834
25529	1860
25530	1959
25531	1837
25532	1837
25533	1837
25534	1837
25535	1837
25536	1837
25537	1837
25538	1837
25539	1837
25540	1837
25541	1837
25542	1837
25543	1837
25544	1837
25545	1837
25546	1837
25547	1837
25548	1837
25549	1837
25550	1837
25551	1837
25552	1837
25559	2339
25574	1851
25575	2109
25576	2358
25577	2170
25588	1870
25589	1870
25590	1870
25591	1870
25592	1870
25603	1885
25606	2097
25607	2097
25608	2097
25609	2097
25610	1835
25643	2178
25644	2179
25646	2188
25647	2188
25648	2177
25649	2185
25662	2227
25663	2201
25664	2168
25665	2159
25666	2159
25667	2159
25668	2159
25669	2159
25670	2159
25671	2159
25672	2159
25673	2168
25674	2168
25675	1967
25676	1967
25677	1967
25678	1967
25679	1967
25680	1967
25681	1967
25682	1967
25683	1967
25684	2310
25685	2163
25686	2163
25687	2163
25688	2161
25689	2161
25690	2161
25691	2161
25692	2161
25693	1910
25694	2167
25695	2167
25696	2167
25697	2165
25698	2165
25699	2165
25702	2160
25703	2160
25704	2160
25705	2160
25706	2160
25707	1967
25708	1967
25709	1967
25710	1967
25711	1967
25712	1967
25713	1967
25714	1967
25715	1967
25716	1967
25717	1967
25718	2164
25719	2164
25720	2164
25721	2166
25722	2166
25723	2166
25724	1859
25725	1843
25726	1835
25727	1835
25728	1854
25729	1854
25730	1881
25731	1874
25732	1826
25733	1885
25734	1890
25735	1860
25736	1846
25737	1867
25738	1867
25739	1845
25740	1845
25741	1845
25742	1916
25743	1842
25744	1842
25745	1842
25746	1838
25747	1838
25748	1869
25749	1894
25750	1855
25751	1850
25752	1849
25753	1849
25754	1927
25755	1896
25756	1905
25757	1915
25758	1914
25759	1969
25760	1900
25761	1877
25762	1937
25763	1880
25764	1899
25765	1828
25766	1930
25767	1903
25768	1852
25769	1861
25770	1929
25771	1863
25772	1859
25773	1998
25774	1883
25775	1875
25776	1898
25777	1847
25778	1865
25779	1888
25780	1918
25781	1882
25782	1935
25783	1958
25784	1954
25785	1823
25786	1823
25787	1823
25788	1827
25789	1827
25790	1887
25791	1893
25792	1886
25793	1886
25794	1840
25795	1840
25796	2014
25797	2061
25798	1828
25799	1828
25800	1840
25801	1840
25802	1872
25803	1872
25804	1823
25805	1823
25806	1823
25807	1830
25808	1830
25809	1822
25810	1822
25811	1832
25812	1822
25813	1832
25814	1834
25815	1823
25816	1823
25817	1823
25818	1848
25819	1857
25820	1862
25821	1848
25822	1857
25823	1862
25824	1822
25825	1834
25826	1892
25827	1892
25828	1892
25829	1892
25830	1983
25831	1885
25832	2097
25838	2357
25855	2184
25863	2256
25866	2176
25867	2176
25868	2176
25869	2176
25870	2180
25873	2178
25874	2179
25876	2188
25877	2188
25878	2177
25879	2177
25880	2185
25882	2182
25883	2181
25884	2183
25885	2186
25886	2187
25898	2184
25903	1828
25904	1823
25905	1823
25906	1823
25907	1823
25908	1823
25909	1845
25910	1838
25911	1827
25912	1827
25913	1832
25914	1832
25915	1863
25916	2019
25917	1860
25918	1882
25919	2107
25920	2050
25921	1934
25922	1846
25923	2201
25924	2201
25925	2236
25926	2247
25927	2243
25929	2204
25930	2204
25931	1897
25932	2216
25933	2244
25934	1895
25935	1926
25936	1822
25937	1903
25938	1944
25939	1939
25940	2132
25941	2132
25942	2132
25943	2024
25944	2132
25945	2252
25946	2226
25947	2086
25948	1919
25950	2199
25951	2199
25952	2199
25953	2199
25954	2027
25955	2027
25956	2027
25957	2027
25958	2027
25959	2132
25960	2132
25961	2132
25962	2132
25963	2132
25964	2132
25965	2132
25966	2049
25967	2251
25968	1951
25969	2223
25970	2234
25971	2233
25972	2224
25973	1834
25974	2025
25975	2235
25976	1839
25977	2323
25978	2201
25979	1939
25980	1951
25981	1949
25982	2216
25983	2201
25984	2235
25986	2201
25987	2201
25988	2032
25989	2327
25990	2239
25991	2244
25992	2212
25993	1926
25994	1897
25995	2132
25996	1954
25997	2248
25998	2214
25999	2205
26000	2239
26001	1998
26002	2207
26003	1951
26004	2250
26005	2208
26006	2249
26007	2245
26008	2345
26009	2207
26010	2367
26011	2219
26012	2205
26013	1931
26014	2107
26015	2210
26016	1855
26017	1875
26018	1998
26019	1829
26020	1829
26021	1829
26022	1829
26023	1829
26024	1829
26025	1948
26026	1825
26027	1833
26028	1922
26029	1922
26030	1922
26031	1868
26032	1868
26033	1836
26034	1836
26035	1829
26036	1853
26037	1853
26038	1853
26039	1853
26040	1825
26041	1825
26043	1831
26046	2190
26048	2033
26049	2033
26050	2035
26051	2035
26052	2192
26061	2191
26062	2191
26064	1851
26065	1851
26067	2213
26068	2194
26069	2194
26070	2193
26071	2193
26072	1829
26073	2189
26085	2189
26088	2308
26090	2349
26091	2497
26092	2326
26093	1951
26101	1881
26102	1823
26103	1854
26104	1846
26105	1927
26106	1870
26108	1870
26109	2007
26111	1996
26113	1885
26114	1891
26115	1860
26117	2097
26118	1835
26120	1973
26121	1834
26122	2428
26124	2266
26126	1897
26127	2261
26131	2318
26132	2355
26133	2418
26134	2330
26135	2373
26136	2283
26137	2303
26138	2353
26139	2202
26140	2202
26141	2202
26142	2202
26143	2324
26144	2502
26145	2354
26146	1829
26147	1851
26148	1904
26149	1868
26150	1836
26151	2024
26152	1829
26153	1829
26154	1831
26155	1831
26156	1831
26157	1825
26158	1825
26161	1831
26162	1922
26163	1868
26164	1928
26166	2218
26167	2218
26169	2242
26170	2242
26174	2222
26175	2222
26177	2241
26178	2241
26179	2203
26183	1897
26195	2400
26215	2264
26216	2264
26218	2266
26228	2261
26232	2263
26276	1853
26277	1853
26278	1853
26279	1853
26280	1853
26281	1825
26282	1825
26283	1825
26284	1825
26285	1825
26286	1825
26287	1825
26288	1825
26289	1825
26290	1825
26291	1825
26293	2035
26294	2033
26295	2035
26296	2203
26297	2203
26298	2203
26299	2203
26300	2203
26301	2203
26302	2203
26303	2171
26304	2171
26305	2171
26306	2213
26307	2213
26309	2026
26310	2026
26311	2191
26312	2191
26313	2191
26314	2191
26315	2191
26316	2191
26317	2191
26318	2191
26319	2191
26320	2191
26321	2225
26322	2225
26323	2225
26324	2225
26325	2198
26326	2198
26327	2198
26328	2198
26329	2198
26330	2198
26331	2198
26332	2198
26333	2198
26334	2211
26335	2211
26336	2211
26337	2211
26338	2221
26339	2221
26341	2228
26342	2228
26343	2229
26344	2229
26349	2195
26350	2195
26351	2195
26352	2195
26353	2195
26354	2195
26355	2195
26356	2195
26357	2195
26358	2195
26359	2231
26360	2231
26362	2200
26363	2200
26364	2200
26365	2200
26366	2200
26396	2196
26397	2196
26398	2196
26399	2196
26400	2196
26401	2196
26402	2196
26403	2196
26420	1829
26421	1829
26422	1829
26423	1829
26424	1831
26425	1853
26426	1853
26427	1825
26428	1825
26429	1825
26430	1851
26431	1851
26432	1851
26433	1851
26434	1868
26439	2237
26440	2237
26446	1829
26452	2215
26453	2215
26454	2215
26455	2287
26456	2287
26464	1831
26480	2132
26481	2132
26482	2132
26483	2201
26484	2201
26485	2214
26486	2216
26487	2207
26488	2248
26489	2236
26490	2247
26491	2243
26492	2204
26493	2232
26494	2132
26495	1926
26496	1822
26497	1828
26498	1937
26499	1934
26500	1897
26501	1852
26502	1855
26503	1935
26504	1947
26505	2108
26506	1839
26507	1947
26508	2145
26509	2061
26510	2253
26511	1950
26512	2240
26513	2238
26514	2038
26515	1931
26516	1960
26517	1934
26518	2208
26519	2173
26520	2206
26521	2220
26522	2209
26523	2212
26524	2227
26525	2201
26526	1947
26527	2210
26528	2170
26529	2205
26530	1834
26531	2134
26532	2149
26533	1831
26534	1831
26535	1853
26536	1866
26537	1844
26538	1851
26539	1836
26540	1923
26541	2217
26545	2257
26546	2257
26547	2197
26551	1967
26552	2197
26553	2197
26557	1967
26558	2197
26560	2197
26561	2197
26562	2257
26565	2035
26568	2246
26575	2230
26576	2230
26598	2246
26602	1860
26604	2263
26613	2267
26614	2265
26615	2265
26616	2267
26624	2260
26626	2260
26628	1924
26630	1935
26631	2255
26632	2255
26633	2255
26634	2413
26635	2444
26637	2477
26638	2485
26639	2480
26640	2404
26641	2132
26642	2132
26643	2132
26644	2132
26645	2132
26646	1859
26649	2132
26650	2132
26651	2132
26652	2132
26654	2024
26655	2024
26656	2132
26658	2132
26663	2132
26664	2132
26665	2132
26668	1947
26671	1948
26672	2254
26673	2254
26674	2259
26675	2259
26676	2258
26677	2258
26678	2258
26679	2268
26680	2268
26686	2390
26687	2405
26689	2501
26690	2397
26696	2505
26697	2425
26698	2445
26699	2276
26700	2483
26701	2421
26702	2446
26703	2408
26704	2440
26705	1924
26706	2175
26707	2133
26708	2133
26709	2372
26710	2372
26711	2494
26713	2438
26714	2438
26715	2422
26716	2411
26717	2133
26718	2503
26719	2415
26720	2488
26721	2396
26722	2437
26723	2381
26724	2133
26725	2270
26726	2270
26727	2270
26728	2270
26729	2270
26730	2270
26731	2270
26732	2270
26733	2420
26737	2133
26738	2133
26739	2133
26740	2133
26741	2133
26742	2382
26743	2432
26744	2439
26745	2481
26746	2434
26747	2479
26748	2508
26749	2433
26750	2423
26751	2426
26752	2319
26753	2406
26755	2496
26756	2430
26758	2133
26760	2407
26761	2499
26762	2133
26763	2133
26764	2500
26766	2427
26767	2452
26771	2457
26772	2391
26773	2414
26774	2133
26775	2133
26776	2133
26777	2133
26778	2486
26779	2464
26780	2470
26781	1892
26782	2132
26783	2133
26784	2133
26785	2133
26786	2133
26787	2133
26788	2403
26790	2414
26791	2507
26792	2399
26793	1841
26794	2416
26795	2472
26796	2487
26798	2319
26799	2319
26800	2460
26801	2256
26802	2256
26803	2256
26805	2118
26806	2344
26807	2371
26808	1941
26809	1941
26810	1922
26811	1922
26812	1922
26813	1851
26814	1851
26815	1851
26816	1851
26817	1851
26818	1851
26819	1858
26820	1858
26821	1833
26822	1833
26823	1833
26824	1833
26825	1833
26826	1833
26827	1833
26828	1833
26829	1833
26830	1833
26831	1858
26832	1902
26833	1844
26834	1844
26835	1844
26836	1825
26837	1825
26838	1825
26839	1825
26840	1866
26841	2269
26842	1831
26843	1829
26844	2262
26845	2262
26846	1829
26847	1829
26848	1829
26849	1829
26850	1829
26851	1829
26852	1829
26853	1829
26854	1829
26855	1831
26856	1831
26857	1831
26858	1853
26859	1853
26860	1853
26861	1853
26862	1853
26863	1853
26864	1948
26865	1866
26866	1866
26867	1866
26868	1866
26869	1825
26870	1825
26871	1825
26872	1825
26873	1825
26874	1825
26875	1825
26876	1825
26877	1844
26878	1844
26879	1844
26880	1844
26881	1844
26882	1902
26883	1858
26884	1833
26885	1858
26886	1858
26887	1833
26888	1858
26889	1858
26890	1858
26891	1858
26892	1858
26893	1858
26894	1858
26895	1858
26896	1858
26897	1858
26898	1851
26899	1851
26900	1851
26901	1851
26902	1851
26903	1851
26904	1851
26905	1851
26906	1856
26907	1856
26908	1856
26909	1856
26910	1831
26911	1831
26912	1831
26913	1831
26914	1922
26915	1904
26916	1921
26917	1921
26918	1837
26919	1837
26920	1837
26921	1837
26922	1837
26923	1837
26924	1837
26925	1837
26926	1837
26927	1837
26928	1837
26929	1837
26930	1837
26931	1868
26932	1868
26933	1868
26934	1928
26935	1836
26936	1836
26937	1836
26938	1836
26939	1836
26940	1923
26941	1925
26942	1957
26943	1957
26944	1957
26945	1957
26946	1957
26947	1951
26948	1951
26949	1951
26950	1951
26951	1951
26952	1951
26953	1951
26954	1951
26955	1951
26956	1951
26957	1951
26958	1951
26959	1951
26960	1951
26961	1951
26962	1951
26963	1951
26964	1951
26965	1951
26966	1951
26967	1951
26968	1951
26969	1951
26970	1951
26971	1951
26972	1951
26973	1951
26974	1951
26975	1951
26976	1951
26977	1951
26978	1951
26979	1951
26980	1951
26981	1951
26982	1951
26983	1951
26984	1951
26985	1951
26986	1951
26987	1951
26988	1951
26989	1951
26990	1951
26991	1951
26992	1951
26993	1951
26994	1951
26995	1951
26996	1951
26997	1951
26998	1951
26999	1951
27000	1951
27001	1951
27002	1951
27003	1951
27004	1951
27005	1951
27006	1951
27007	1951
27008	1951
27009	1951
27010	1951
27011	1951
27012	1951
27014	2475
27015	2476
27016	1947
27017	2401
27018	1835
27023	2447
27025	1894
27026	1893
27027	1887
27028	1830
27029	1830
27030	2048
27031	1906
27033	1847
27034	1891
27036	1903
27037	1882
27039	1916
27043	2239
27045	1828
27046	1828
27047	1927
27049	1863
27050	1897
27051	1827
27052	1827
27053	1822
27054	1822
27055	1822
27056	1832
27057	1834
27058	1959
27060	1859
27061	1850
27062	1830
27063	1879
27065	1849
27069	1852
27070	1927
27071	2378
27072	2378
27073	2378
27074	2378
27075	2378
27076	2378
27077	2378
27078	2378
27079	2378
27080	1823
27081	1865
27082	1969
27083	1914
27084	1938
27086	1855
27087	1855
27088	1826
27089	1826
27090	1955
27092	1834
27094	1998
27095	2386
27096	2386
27097	2386
27098	2386
27099	2386
27101	1930
27104	1840
27105	1840
27106	2378
27108	1845
27110	2386
27114	1994
27117	1862
27118	1857
27119	1848
27121	1874
27122	2377
27123	2377
27124	2377
27125	2377
27126	2377
27127	2377
27128	2377
27129	2377
27130	2377
27131	2377
27132	1905
27133	1823
27134	1843
27135	1978
27137	1864
27139	1859
27140	1850
27141	1897
27142	1876
27143	1884
27145	1926
27146	1871
27147	1869
27148	1924
27149	1999
27150	1867
27151	1954
27152	1954
27153	1954
27154	1884
27155	1876
27156	1888
27169	1823
27171	1891
27172	1826
27173	1826
27174	1880
27175	1846
27176	1838
27177	1827
27178	1827
27181	1872
27182	1828
27183	1848
27184	1857
27186	2377
27187	2377
27188	2383
27189	2377
27190	2377
27191	2377
27192	2377
27193	2377
27194	2377
27195	2377
27196	2377
27197	2377
27198	2377
27199	2017
27200	2378
27201	2378
27202	2233
27203	1855
27204	2378
27205	2378
27206	2378
27209	1860
27211	1885
27212	1842
27215	1845
27217	1854
27219	1936
27220	1840
27221	2175
27223	1872
27224	1872
27226	1877
27227	1852
27228	1900
27229	1915
27230	1822
27231	1832
27232	1822
27233	1834
27234	1859
27235	1850
27237	2014
27238	2061
27239	1995
27240	1855
27241	1881
27244	1827
27245	1827
27247	1883
27248	1861
27250	1869
27252	1823
27253	1823
27254	2169
27255	1846
27258	1958
27260	1849
27261	1892
27262	1892
27266	2454
27269	1826
27277	1896
27279	1854
27280	1896
27281	1898
27282	1875
27284	1843
27288	1845
27289	1924
27292	1823
27293	2377
27294	2377
27295	2383
27296	2377
27297	2377
27298	2377
27299	2383
27300	2377
27301	2377
27302	2383
27304	2377
27305	2377
27306	2377
27307	2383
27308	2377
27309	1899
27310	1890
27312	2504
27313	1867
27314	2205
27317	1822
27318	1843
27319	1823
27320	2466
27325	2387
27329	2450
27330	1833
27331	2217
27332	2217
27333	2217
27334	2217
27335	2217
27336	2447
27337	2454
27338	2504
27339	1874
27340	2175
27341	1995
27342	1891
27343	2310
27345	2339
27350	2377
27351	2377
27352	2383
27353	2383
27354	2377
27355	2383
27356	2377
27357	2377
27358	2377
27359	2377
27360	2377
27361	2378
27362	2377
27363	2377
27364	2377
27365	2377
27366	2377
27367	2377
27368	2377
27369	2377
27370	2377
27371	2377
27372	2377
27373	2378
27374	2378
27375	2386
27376	2383
27377	2383
27379	2160
27384	2160
27385	2160
27386	1925
27387	1925
27388	1925
27389	2334
27390	2334
27391	2275
27392	2275
27393	2275
27396	2273
27397	2273
27398	2273
27399	2273
27400	2273
27407	2218
27409	1955
27411	2344
27431	1846
27432	2377
27454	2338
27455	2338
27456	2338
27464	2272
27465	2272
27466	2272
27467	2272
27468	2272
27470	2272
27471	2272
27472	2272
27473	2272
27483	2317
27484	2272
27485	2317
27486	2272
27494	1843
27495	1843
27499	1842
27500	1842
27503	1823
27504	1823
27505	1823
27506	1823
27507	1823
27508	1823
27509	1843
27510	1885
27511	1891
27512	1860
27515	1834
27516	2322
27518	1842
27519	1842
27520	1936
27521	1850
27522	1840
27523	1871
27526	1887
27529	2304
27530	1875
27532	1865
27533	2286
27535	1823
27536	1823
27537	1823
27538	1823
27539	1823
27540	1843
27541	1885
27542	1860
27543	2322
27546	1842
27547	1842
27548	1936
27550	1840
27551	1871
27554	2304
27555	1875
27558	1865
27559	2286
27560	1831
27561	1831
27562	1948
27563	1866
27564	1844
27565	1858
27566	1858
27567	1851
27568	1922
27569	1922
27570	1904
27571	1925
27580	2506
27581	2506
27587	2393
27589	2393
27595	2393
27603	2393
27610	2456
27611	2456
27614	2299
27615	2299
27643	2498
27644	2498
27685	2490
27686	2490
27690	2478
27691	2478
27735	2467
27736	2467
27813	2448
27814	2448
27833	2442
27834	2442
27843	2471
27844	2471
27847	2451
27857	2492
27858	2492
27890	2451
27907	1867
27908	1854
27909	1855
27910	1924
27911	1827
27912	1827
27913	1903
27914	1855
27916	1999
27917	1859
27918	1859
27919	1823
27920	1823
27921	1823
27922	1823
27923	1823
27924	1823
27925	1823
27926	1823
27927	1823
27928	1823
27929	1823
27930	1843
27931	1843
27932	1843
27933	1835
27934	1835
27935	1835
27936	1854
27937	1854
27938	1827
27939	1822
27940	1822
27941	1848
27942	1864
27943	1864
27944	1857
27945	1830
27946	1830
27947	1830
27948	1826
27949	1826
27950	1826
27951	1826
27952	1891
27953	1860
27954	1860
27955	1834
27956	1834
27957	1919
27958	1846
27959	1867
27960	1845
27961	1895
27962	1916
27963	1842
27964	1838
27965	1936
27966	1869
27967	1894
27968	1855
27969	1886
27970	1850
27971	1850
27972	1933
27973	1849
27974	1849
27975	1920
27976	1927
27977	1896
27978	1938
27979	1906
27980	1905
27981	1915
27982	1914
27983	1924
27984	1924
27985	1926
27986	1926
27987	1877
27988	1877
27989	2093
27990	2017
27991	1878
27992	1877
27993	1839
27994	1978
27995	1828
27996	1828
27997	1880
27998	2022
27999	1930
28000	1899
28001	1897
28002	2014
28003	1884
28004	1903
28005	1903
28006	1876
28007	1827
28008	1852
28009	1852
28010	1944
28011	1861
28012	1840
28013	1929
28014	1863
28015	1879
28016	1859
28017	1998
28018	1998
28019	1907
28020	1886
28021	1875
28022	1875
28023	1898
28024	1847
28025	1865
28026	1939
28027	1939
28028	1939
28029	1872
28030	1980
28031	2024
28032	2025
28033	2006
28034	1855
28035	1855
28036	1892
28037	1892
28038	1892
28039	1892
28040	1984
28041	1839
28042	1986
28043	1968
28044	1931
28045	1931
28046	2020
28047	2019
28048	2016
28049	2015
28050	1918
28051	2013
28052	2011
28053	2010
28054	2009
28055	2008
28056	1993
28057	2028
28058	1959
28059	1882
28060	1882
28061	1983
28062	1839
28063	1988
28064	1889
28065	1889
28066	2313
28067	2107
28068	2107
28069	1935
28070	1912
28071	1912
28072	1912
28073	1912
28074	1839
28075	1989
28076	1947
28077	1947
28078	1839
28079	1839
28080	1958
28081	2108
28082	1839
28083	1839
28084	1947
28085	2012
28086	1919
28087	2361
28088	2145
28089	1985
28090	2061
28091	1840
28092	1963
28093	2030
28094	1997
28095	1970
28096	1954
28097	1954
28098	1949
28099	1949
28100	1949
28101	1969
28102	2106
28103	1839
28104	1995
28105	1950
28106	2038
28107	2021
28108	2039
28109	1839
28110	1839
28111	2134
28112	1932
28113	2048
28114	2135
28115	2312
28116	2049
28117	1839
28118	1931
28119	1839
28120	2050
28121	2277
28122	1994
28123	1960
28124	1960
28125	1960
28126	2003
28127	2251
28128	2036
28129	1951
28130	1951
28131	2331
28132	2331
28133	1951
28134	1841
28135	1841
28136	1841
28137	1841
28138	1841
28139	1841
28140	1841
28141	1841
28142	1841
28143	1841
28144	1841
28145	1841
28146	1841
28147	1841
28148	1841
28149	1841
28150	1841
28151	1841
28152	1841
28153	1841
28154	1841
28155	1841
28156	1841
28157	1841
28158	1841
28159	1841
28160	1841
28161	1841
28162	1841
28163	1934
28164	1839
28165	2005
28166	2250
28167	1919
28168	2133
28169	2133
28170	2133
28171	2133
28172	2133
28173	2133
28174	2284
28175	2150
28176	2175
28177	2175
28178	2314
28179	2301
28180	2364
28181	2289
28182	2333
28183	2351
28184	2325
28185	2332
28186	2368
28187	2223
28188	2348
28189	2133
28190	2350
28191	2374
28192	2306
28193	2343
28194	2291
28195	2133
28196	2328
28197	2280
28198	2232
28199	2296
28200	2346
28201	2281
28202	2376
28203	2309
28204	2233
28205	2156
28206	2316
28207	2293
28208	2208
28209	2315
28210	2298
28211	2335
28212	2375
28213	2341
28214	2294
28215	2329
28216	2352
28217	2278
28218	2158
28219	2320
28220	2366
28221	2370
28222	2336
28223	2347
28224	2288
28225	2363
28226	2342
28227	2321
28228	2340
28229	2359
28230	2337
28231	2300
28232	2362
28233	2307
28234	2282
28235	2302
28236	2369
28237	2290
28238	2360
28239	2271
28240	2271
28241	2271
28242	2271
28243	2271
28244	2292
28245	2149
28246	2249
28247	2224
28248	1839
28249	2311
28250	1934
28251	2279
28252	2305
28253	2276
28254	2118
28255	2172
28256	2173
28257	2180
28258	1947
28259	2358
28260	2365
28261	2170
28262	2169
28263	2216
28264	2239
28265	2244
28266	2207
28267	2345
28268	2323
28269	2367
28270	2201
28271	2327
28272	2201
28273	2235
28274	2201
28275	2308
28276	2349
28277	2326
28278	2318
28279	2355
28280	2330
28281	2373
28282	2283
28283	2303
28284	2353
28285	2324
28286	2354
28288	1858
28289	1858
28290	1858
28291	1858
28292	1858
28293	1858
28294	1858
28295	1858
28296	1858
28297	1833
28300	1904
28301	1921
28302	1837
28303	1868
28304	1941
28305	1941
28306	1928
28307	1928
28308	1836
28309	1836
28310	1836
28311	1836
28312	2109
28313	2109
28314	2109
28315	2109
28316	2109
28317	2109
28320	2357
28321	2357
28322	2356
28323	2356
28325	2295
28326	2295
28335	1875
28336	1891
28337	1823
28338	1864
28340	1890
28341	1863
28342	1885
28343	1867
28345	2135
28346	2017
28347	1950
28348	1826
28349	1826
28350	1859
28351	1846
28352	1823
28353	1838
28354	1823
28355	1865
28356	1848
28357	1857
28358	1862
28359	1878
28360	1826
28361	1826
28363	1916
28364	1852
28365	1887
28366	1877
28367	1894
28368	2016
28369	1830
28370	1830
28371	1826
28372	1826
28373	1849
28374	1958
28376	1855
28377	1894
28378	1884
28379	1869
28380	1843
28381	1828
28382	1828
28383	1823
28384	2014
28385	2061
28386	1848
28387	1857
28388	1862
28389	1861
28390	2212
28392	1938
28393	1896
28394	1827
28395	1827
28396	1822
28397	1832
28398	1822
28399	1832
28400	1834
28401	1896
28402	1869
28403	1864
28404	1994
28405	1859
28406	1842
28407	1842
28408	1984
28409	1855
28410	2022
28411	2344
28412	1852
28413	1877
28414	1840
28415	2371
28416	1845
28417	1924
28418	1842
28419	1846
28420	1823
28421	1838
28422	1978
28423	1847
28424	2234
28425	1835
28426	1878
28427	1827
28428	1827
28429	1843
28430	1835
28432	1864
28434	2118
28435	1876
28436	1915
28437	1989
28438	1924
28439	2297
28441	1847
28442	1845
28443	2023
28444	1906
28445	1860
28446	1846
28447	1838
28448	2050
28449	1827
28450	1860
28451	1867
28452	1930
28453	1822
28454	1822
28455	1834
28456	1944
28457	1903
28458	2233
28460	1927
28461	1859
28462	1834
28463	2064
28464	1830
28465	1830
28467	1861
28468	1835
28469	1828
28470	1828
28471	2010
28472	2009
28473	2049
28474	1997
28475	1901
28476	1920
28477	1947
28478	1947
28479	1947
28480	1839
28481	1931
28482	1931
28483	1931
28484	1912
28485	1912
28486	1912
28487	1839
28488	1839
28489	2021
28491	1839
28492	1839
28493	1865
28494	1861
28495	1828
28496	1828
28497	1936
28498	1886
28499	1886
28500	1874
28501	1914
28502	1903
28503	1905
28504	1854
28505	1877
28506	1918
28508	1881
28509	2145
28510	2149
28511	1909
28512	1985
28513	2003
28514	2005
28515	1949
28516	1822
28517	1832
28518	1834
28519	1959
28520	1993
28521	2108
28522	2107
28523	2107
28524	1919
28525	1823
28526	1872
28527	1934
28528	1960
28529	1934
28530	1960
28531	2285
28533	1984
28534	1984
28535	1984
28536	2482
28538	2458
28540	2274
28541	2274
28542	2274
28548	1875
28550	2441
28551	1883
28552	2436
28553	1842
28554	1827
28555	1827
28556	1827
28557	1822
28558	1826
28559	1860
28560	1855
28561	2022
28562	1861
28563	1907
28564	1872
28565	2419
28566	2389
28578	2387
28579	2387
28580	2387
28581	2387
28582	2462
28583	2462
28584	2389
28585	2389
28588	2159
28589	2380
28590	2380
28591	2380
28592	2380
28593	2380
28594	2380
28595	2380
28596	2380
28597	2380
28598	2380
28599	2380
28600	2380
28601	2380
28602	2380
28603	2392
28604	2160
28605	2392
28611	2466
28613	2161
28621	2392
28623	2161
28624	2392
28630	2384
28631	2384
28632	2384
28633	2384
28634	2384
28635	2384
28636	2384
28637	2384
28638	2161
28639	2161
28640	2161
28641	2161
28642	2495
28643	2495
28680	1870
28681	1870
28682	1870
28683	1870
28684	1835
28685	1973
28686	1850
28687	1880
28688	1907
28689	1908
28690	1965
28691	1974
28695	2394
28696	2394
28697	2394
28698	1853
28699	1825
28700	1825
28701	1844
28702	1858
28703	1833
28704	1858
28705	1833
28706	1851
28707	1851
28708	1851
28709	1851
28711	1837
28717	2266
28720	1823
28721	1823
28722	1823
28723	1823
28724	1823
28725	1823
28726	1823
28727	1823
28728	1823
28729	1823
28730	1823
28731	1867
28732	1845
28733	1854
28734	1854
28735	1859
28736	2413
28737	2444
28738	2477
28739	2485
28740	2480
28741	2404
28742	1839
28743	1839
28744	1947
28745	1859
28746	2505
28747	2425
28748	2445
28749	2483
28750	2421
28751	2446
28752	2408
28753	2440
28754	1916
28755	2259
28756	2268
28757	2390
28758	2390
28759	2390
28760	2405
28761	2501
28762	2397
28763	2382
28764	2382
28765	2382
28766	2382
28767	2382
28768	2382
28769	2382
28770	2382
28771	2382
28772	2382
28773	2382
28774	2432
28775	2439
28776	2481
28777	2434
28778	2479
28779	2508
28780	2433
28781	2423
28782	2426
28783	2319
28784	2406
28785	2496
28786	2430
28787	1838
28788	1936
28789	2407
28790	2499
28791	1919
28792	2500
28793	2427
28794	2452
28795	2297
28796	2457
28797	2391
28798	2414
28799	2486
28800	2464
28801	2403
28802	2460
28803	2507
28804	2399
28805	1869
28806	2399
28807	1841
28808	2416
28809	2372
28810	2494
28811	2472
28812	2438
28813	2438
28814	2422
28815	2411
28816	1894
28817	1894
28818	2487
28819	2503
28820	2415
28821	2488
28822	2461
28823	2396
28824	2396
28825	2410
28826	2437
28827	2381
28828	2381
28829	2381
28830	2381
28831	2381
28832	2381
28833	2381
28834	2381
28835	2381
28836	2381
28837	2381
28838	2381
28839	2270
28840	2270
28841	2270
28842	2270
28843	2270
28844	2270
28845	2270
28846	2270
28847	2420
28848	2344
28849	2371
28850	1855
28851	1855
28852	2475
28853	2429
28854	2401
28855	2401
28856	1850
28857	1850
28858	1933
28859	1849
28860	1849
28861	1927
28862	1896
28863	1938
28864	1840
28865	1840
28866	1905
28867	1924
28868	1924
28869	1926
28870	1877
28871	1877
28872	2093
28873	2017
28874	1878
28875	1877
28876	1871
28877	1978
28878	1827
28879	1828
28880	1828
28881	1937
28882	2482
28883	2458
28884	2022
28885	1822
28886	1897
28887	2014
28888	1884
28889	1903
28890	1903
28891	1827
28892	1852
28893	1852
28894	1861
28895	1861
28896	1840
28897	1942
28898	1929
28899	1859
28900	1998
28901	1998
28902	1822
28903	1907
28904	1863
28905	1875
28906	1898
28907	1865
28908	1865
28909	1939
28910	1872
28911	1862
28912	1864
28913	1864
28914	1857
28915	1980
28916	2024
28917	2025
28918	1830
28919	1839
28920	1855
28921	1855
28922	1892
28923	1892
28924	1892
28925	1892
28926	2470
28927	1892
28928	1826
28929	1826
28930	1984
28931	1984
28932	1984
28933	1984
28934	1984
28935	1984
28936	1984
28937	1984
28938	1839
28939	1986
28940	1964
28941	2023
28942	1931
28943	1931
28944	2020
28945	2019
28946	2016
28947	2015
28948	1918
28949	2013
28950	1891
28951	2011
28952	2010
28953	2009
28954	2008
28955	1860
28956	1860
28957	1993
28958	2028
28959	1882
28960	1882
28961	1983
28962	1839
28963	1988
28964	1889
28965	1889
28966	2107
28967	2107
28968	1935
28969	1912
28970	1912
28971	1912
28972	1912
28973	1839
28974	1989
28975	1947
28976	1947
28977	1839
28978	1839
28979	1958
28980	1839
28981	1839
28982	1947
28983	2012
28984	1919
28985	2361
28986	2145
28987	1985
28988	2061
28989	1963
28990	2030
28991	1997
28992	1970
28993	1954
28994	1954
28995	1949
28996	1949
28997	1949
28998	1969
28999	2106
29000	1839
29001	1995
29002	1950
29003	2038
29004	2021
29005	2039
29006	1839
29007	1839
29008	2134
29009	1932
29010	2048
29011	2135
29012	2312
29013	1839
29014	1931
29015	1839
29016	2277
29017	1994
29018	1960
29019	1960
29020	1960
29021	2003
29022	2251
29023	2036
29025	2331
29026	1841
29027	1841
29028	1841
29029	1841
29030	1841
29031	1841
29032	1841
29033	1841
29034	1841
29035	1841
29036	1841
29037	1841
29038	1841
29039	1841
29040	1841
29041	1841
29042	1841
29043	1841
29044	1841
29045	1841
29046	1841
29047	1841
29048	1841
29049	1841
29050	1841
29051	1841
29052	1841
29053	1841
29054	1841
29055	1841
29056	1841
29057	1841
29058	1841
29059	1841
29060	1841
29061	1841
29062	1841
29063	1841
29064	1934
29065	1839
29066	1931
29067	2250
29068	1919
29069	2133
29070	2133
29071	2133
29072	2133
29073	2133
29074	2133
29075	2133
29076	2133
29077	2133
29078	2133
29079	2133
29080	2133
29081	2133
29082	2133
29083	2133
29084	2133
29085	2133
29086	2133
29087	2284
29088	2150
29089	2150
29090	2150
29091	2175
29092	2175
29093	2314
29094	2301
29095	2364
29096	2395
29097	2289
29098	2333
29099	2351
29100	2468
29101	2435
29102	2325
29103	2424
29104	2388
29105	2368
29106	2223
29107	2348
29108	2350
29109	2398
29110	2306
29111	2343
29112	2133
29113	2328
29114	2280
29115	2232
29116	2296
29117	2346
29118	2281
29119	2376
29120	2493
29121	2233
29122	2453
29123	2156
29124	2316
29125	2463
29126	2293
29127	2208
29128	2315
29129	2298
29130	2335
29131	2341
29132	2329
29133	2473
29134	2278
29135	2402
29136	2459
29137	2158
29138	2320
29139	2484
29140	2366
29141	2370
29142	2443
29143	2431
29144	2336
29145	2288
29146	2363
29147	2342
29148	2465
29149	2340
29150	2359
29151	2412
29152	2474
29153	2409
29154	2307
29155	2491
29156	2282
29157	2302
29158	2469
29159	2417
29160	2360
29161	2271
29162	2149
29163	2249
29164	2224
29165	1839
29166	2311
29167	2455
29168	1934
29169	2276
29170	2276
29171	2118
29172	2219
29173	2172
29174	2173
29175	2212
29176	1843
29177	1843
29178	2476
29179	2245
29180	1947
29181	2210
29182	2358
29183	2489
29184	2170
29185	2169
29186	2205
29187	2216
29188	2239
29189	2244
29190	2345
29191	2323
29192	2367
29193	2327
29194	2201
29195	2235
29196	2235
29197	2201
29198	1835
29199	2308
29200	2349
29201	2497
29202	2326
29203	2318
29204	2355
29205	2418
29206	2330
29207	2373
29208	2283
29209	2303
29210	2353
29211	2324
29212	2502
29213	2354
29214	1846
29215	1859
29217	1870
29218	1870
29219	1823
29220	1843
29221	1840
29222	1854
29224	1870
29225	1870
29227	1885
29228	1891
29229	1860
29230	2097
29232	1834
29233	1834
29234	1846
29235	1842
29236	1838
29237	1850
29238	1927
29239	1880
29240	1897
29241	1907
29242	1865
29244	2007
29245	1945
29246	1977
29248	1908
29249	1971
29251	1979
29252	2111
29254	2266
29255	2400
29256	1972
29257	2261
29258	1835
29259	1835
29265	1834
29266	2042
29267	1977
29268	1840
29269	1974
29270	1843
29271	1973
29272	1834
29273	2125
29274	1870
29275	2047
29276	1835
29277	1870
29278	2001
29279	1830
29280	1870
29281	1992
29282	2385
29283	1961
29284	2043
29285	2379
29286	1870
29287	2122
29288	1908
29289	1835
29290	1842
29291	1859
29292	1907
29293	2111
29294	1880
29295	1996
29296	2059
29297	1860
29298	1972
29299	1870
29300	1943
29301	2044
29302	1971
29303	1945
29304	1943
29305	2083
29306	2073
29307	2130
29308	2007
29309	1870
29310	1908
29311	1965
29312	1870
29313	1961
29314	2004
29315	1945
29316	1835
29317	2126
29318	1835
29319	1962
29320	2002
29321	1891
29322	1940
29323	2078
29324	1979
29325	2065
29326	2041
29327	1823
29328	1850
29329	1885
29330	1976
29331	1834
29332	2071
29333	1940
29334	1838
29335	1865
29336	2379
29337	1854
29338	1940
29339	1885
29340	1846
29341	1992
29342	1996
29343	1885
29344	2126
29345	2043
29346	1870
29347	2379
29348	1823
29349	1961
29350	1846
29351	2379
29352	1850
29353	2044
29354	2059
29355	1834
29356	2130
29357	2073
29358	2111
29359	2002
29360	1840
29361	2071
29362	1870
29363	1908
29364	2007
29365	1940
29366	1835
29367	1943
29368	1835
29369	1860
29370	1971
29371	1940
29372	1870
29373	1880
29374	1940
29375	2047
29376	1830
29377	2004
29378	1943
29379	1977
29380	2078
29381	1885
29382	1870
29383	2379
29384	2083
29385	2379
29386	1972
29387	1835
29388	2379
29389	1838
29390	1979
29391	1908
29392	2065
29393	1945
29394	1976
29395	2001
29396	2122
29397	1974
29398	1859
29399	1870
29400	2385
29401	1843
29402	1961
29403	1962
29404	1870
29405	1965
29406	1945
29407	1834
29408	1973
29409	1891
29410	1907
29411	1842
29412	2385
29413	2125
29414	1854
29415	1870
29416	2042
29417	1865
29418	2379
29419	1870
29420	1835
29421	2041
29422	1977
29423	1846
29424	1979
29425	1974
29426	2001
29427	1865
29428	2111
29429	2043
29430	1943
29431	1992
29432	1880
29433	1870
29434	1940
29435	2126
29436	1834
29437	1940
29438	2071
29439	1945
29440	1945
29441	1961
29442	1972
29443	1961
29444	1830
29445	1835
29446	1835
29447	2078
29448	1885
29449	1965
29450	1961
29451	1908
29452	1835
29453	1940
29454	2044
29455	2073
29456	2130
29457	1840
29458	2122
29459	2044
29460	2125
29461	1823
29462	1940
29463	1976
29465	1961
29466	2004
29467	2043
29468	2042
29469	1854
29470	2002
29471	1940
29472	1891
29473	1962
29474	1870
29475	1835
29476	1870
29477	1973
29478	1859
29479	1838
29480	2047
29481	1940
29482	2122
29483	1885
29484	1907
29485	1838
29486	1971
29487	1842
29488	1870
29489	1870
29490	2059
29491	1870
29492	1996
29493	1860
29494	1850
29495	1943
29496	1843
29497	2083
29498	2126
29499	1823
29500	1908
29501	1834
29502	2007
29503	1870
29504	2073
29505	2047
29506	2122
29507	2001
29508	1945
29509	2002
29510	1834
29511	1974
29513	1870
29514	1846
29515	1865
29516	1885
29517	1996
29518	1908
29519	2044
29520	2065
29521	1971
29522	1979
29523	1908
29524	1840
29525	2130
29526	1870
29527	1830
29528	1870
29529	1943
29530	1945
29531	2083
29532	1860
29533	2125
29534	1834
29535	2043
29536	1961
29537	1870
29538	1973
29539	2059
29540	2007
29541	2111
29542	1835
29543	1907
29544	1961
29545	1838
29546	1835
29547	1965
29548	1870
29549	1940
29550	1880
29551	2042
29552	1976
29553	1885
29554	1850
29555	1940
29556	2071
29557	1972
29558	2004
29559	1835
29560	2078
29561	1977
29562	1823
29563	1962
29564	1842
29565	1870
29566	1992
29567	1835
29568	2126
29569	1843
29570	1854
29571	1859
29572	1891
29573	1834
29574	1870
29575	2111
29576	1961
29577	1823
29578	1880
29579	1977
29580	2002
29581	1907
29582	1945
29583	1870
29584	1940
29585	2047
29586	2044
29587	1840
29588	1870
29589	1850
29590	1996
29591	2126
29592	1860
29593	1971
29594	1835
29595	1846
29596	1865
29597	2065
29598	1974
29599	2059
29600	1885
29601	1859
29602	1838
29603	1976
29604	1908
29605	1870
29606	1962
29607	1842
29608	1992
29609	1838
29610	1973
29611	2004
29612	1943
29613	1870
29614	1870
29615	2071
29616	1870
29617	1965
29618	1838
29619	1972
29620	1843
29621	1870
29622	1891
29623	2007
29624	1835
29625	1965
29626	1835
29627	1835
29628	2041
29629	2078
29630	1945
29631	2122
29632	1885
29633	2042
29634	1854
29635	1908
29636	1979
29637	1834
29638	2043
29639	1823
29640	1940
29641	2083
29642	2130
29643	1961
29644	1943
29645	1940
29646	2001
29647	1846
29648	1834
29649	2073
29650	1940
29651	2001
29652	2059
29653	1943
29654	1835
29655	2043
29656	1843
29657	1840
29658	1973
29659	1834
29660	1974
29661	1907
29662	1870
29663	1945
29664	2379
29665	1870
29666	1976
29667	1908
29668	1870
29669	1854
29670	1834
29671	1870
29672	1860
29673	2071
29674	1965
29675	1979
29676	1945
29677	1971
29678	1992
29679	1977
29680	2065
29681	1846
29682	2044
29683	2047
29684	2379
29685	1835
29686	2125
29687	1891
29688	1908
29689	1961
29690	2130
29691	2042
29692	2041
29693	2004
29694	1830
29695	2385
29696	2111
29697	1835
29698	2002
29699	1859
29700	1962
29701	1870
29702	2078
29703	1870
29704	2073
29705	1870
29706	2007
29707	1880
29708	1885
29709	1865
29710	1885
29711	1838
29712	1835
29713	2083
29714	2126
29715	1870
29716	1943
29717	2379
29718	1972
29719	1850
29720	1870
29721	2122
29722	1961
29723	1823
29724	1996
29725	1842
29726	1940
29727	1940
29728	1860
29729	2379
29730	2122
29731	1835
29732	1973
29733	1870
29734	1838
29735	1842
29736	2002
29737	1907
29738	1977
29739	1943
29740	2001
29741	1870
29742	1870
29743	1972
29744	1870
29745	2379
29746	1870
29747	2044
29748	1979
29749	1974
29750	1961
29751	1965
29752	2065
29753	2071
29754	1891
29755	1859
29756	1865
29757	2073
29758	1962
29759	1943
29760	1846
29761	2041
29762	2379
29763	2385
29764	1823
29765	1992
29766	1870
29767	1885
29768	1834
29769	2007
29770	1870
29771	2125
29772	1971
29773	2111
29774	1870
29775	1940
29776	1885
29777	1854
29778	1830
29779	1840
29780	2126
29781	1976
29782	1945
29783	1996
29784	1961
29785	1945
29786	2004
29787	2042
29788	1834
29789	2043
29790	1940
29791	1850
29792	1843
29793	2047
29794	1880
29795	1908
29796	1940
29797	2078
29798	2065
29799	1870
29800	1870
29801	1870
29802	2001
29803	1870
29804	2130
29805	2004
29806	2071
29807	1838
29808	2379
29809	1943
29810	2083
29811	1943
29812	2078
29813	1940
29814	1835
29815	1835
29816	1908
29817	1907
29818	1835
29819	2043
29820	1843
29821	1971
29823	2379
29824	1996
29825	1850
29826	1976
29827	1870
29828	1842
29829	1979
29830	1891
29831	1945
29832	1945
29833	1962
29834	1940
29835	2073
29836	1977
29837	1908
29838	1965
29839	1880
29840	2044
29841	1870
29842	2042
29843	2111
29844	1870
29845	1840
29846	1860
29847	2122
29848	1961
29849	1961
29850	1859
29851	1854
29852	2126
29853	1834
29854	1972
29855	2059
29856	1974
29857	1885
29858	1992
29859	1830
29860	1940
29861	2007
29862	2002
29863	1885
29864	1846
29865	1973
29866	1835
29867	2125
29868	2047
29869	1865
29870	1834
29871	1823
29872	1835
29873	1973
29874	1860
29876	1974
29877	2130
29878	1859
29879	1880
29880	1870
29881	1834
29882	1835
29883	2047
29884	1908
29885	1823
29886	1979
29887	1834
29889	2073
29890	2004
29891	1943
29892	2043
29893	1972
29894	1870
29895	1945
29896	1843
29897	2130
29898	1870
29899	2071
29900	2125
29901	1865
29902	1835
29903	1840
29904	1996
29905	2078
29906	1870
29907	2001
29908	1945
29909	1907
29911	1940
29912	2083
29913	1965
29914	1835
29915	2065
29916	1971
29917	1842
29918	2059
29919	1976
29920	1870
29921	2111
29922	1838
29923	1854
29924	1835
29925	2078
29926	1870
29927	1962
29928	1885
29929	1870
29930	1992
29931	1973
29932	1940
29933	1943
29934	1940
29935	1977
29936	2126
29937	1891
29938	2002
29939	1885
29940	2007
29941	1961
29942	1835
29943	1908
29944	1835
29945	1846
29946	2122
29947	2042
29948	1850
29949	2083
29950	1973
29951	2111
29952	1965
29953	1870
29954	1974
29955	2122
29956	1846
29957	1908
29958	2004
29959	1891
29960	1996
29961	2059
29962	1840
29963	1979
29964	2130
29965	1835
29966	1971
29967	1850
29968	2125
29969	1961
29970	1870
29971	2002
29972	2065
29973	1940
29974	2078
29975	2073
29976	1860
29977	1854
29978	1859
29979	1962
29980	1961
29981	1870
29982	1976
29983	2047
29984	1830
29985	1870
29986	1972
29987	2379
29988	2379
29989	1908
29990	1870
29991	2042
29992	1907
29993	1838
29994	1940
29995	1870
29996	1823
29997	1977
29998	1992
29999	2126
30000	2043
30001	1885
30002	1885
30003	1842
30004	1870
30005	1865
30006	2385
30007	2044
30008	1962
30009	1835
30010	1943
30011	1834
30012	1835
30013	1870
30014	1835
30015	1943
30016	2007
30017	1940
30018	2073
30019	2379
30020	1945
30021	2041
30022	1943
30023	1843
30024	1834
30025	1880
30026	2071
30027	1835
30028	1945
30037	2384
30038	2450
30041	1829
30042	1829
30043	1829
30044	1831
30045	1948
30046	1856
30047	1856
30048	1831
30050	2449
30051	2449
30053	1927
30054	1897
30057	2428
30058	2266
30061	2400
30063	1972
30065	2389
