""	"logFC"	"Fold Change"	"AveExpr"	"t"	"P.Value"	"adj.P.Val"
"hsa-miR-29a-3p"	20740.3192115106	Inf	20740.3192115106	13893.9027149394	6.25005494767965e-27	4.79379214487029e-24
"hsa-let-7a-5p"	12220.6978173774	Inf	12220.6978173774	8186.62359300044	2.3967092024816e-25	9.19137979151693e-23
"hsa-miR-130a-3p"	1557.6782131189	Inf	1533.52792149177	215.860935805236	1.8402748191325e-14	4.70496928758209e-12
"hsa-miR-933"	8995.27731408914	Inf	8955.29110351993	170.444036919138	9.37681562699109e-14	1.79800439647554e-11
"hsa-miR-628-5p"	234.52332157624	3.96784297791194e+70	233.879036436867	132.614276040518	5.28760808482558e-13	8.11119080212244e-11
"hsa-miR-510-5p"	483.168283091151	2.80637797907538e+145	489.184667983344	127.699916382167	6.85931868478818e-13	8.59017272457234e-11
"hsa-miR-132-5p"	527.320507351747	5.48643251534163e+158	522.21578987491	124.87654743904	8.00195525946288e-13	8.59017272457234e-11
"hsa-miR-340-3p&hsa-miR-340-5p"	1520.27372062953	Inf	1512.94880964298	122.844595584982	8.95976294609892e-13	8.59017272457234e-11
"hsa-miR-24-1-5p"	464.374164860501	6.1738039519593e+139	462.961405830452	115.026062463755	1.40963996594179e-12	1.20132650430817e-10
"hsa-miR-518c-5p"	3274.46109853102	Inf	3219.01985332204	106.189682841103	2.44519223935896e-12	1.87546244758832e-10
"hsa-miR-186-5p"	269.500541053285	1.34198204335106e+81	271.536737838966	101.777019059131	3.27581287276763e-12	2.2841349758298e-10
"hsa-miR-487b-3p"	1255.15999584726	Inf	1244.02032958876	97.2648929602819	4.47720407816756e-12	2.43553231092586e-10
"hsa-miR-30e-3p"	603.900657625464	6.1974402225367e+181	612.400910315322	96.9112678331909	4.59097917543215e-12	2.43553231092586e-10
"hsa-miR-342-3p"	2264.1960011523	Inf	2275.54346698222	96.8426527900311	4.61343686332112e-12	2.43553231092586e-10
"hsa-miR-885-5p"	1687.41239205128	Inf	1682.4227021244	96.3949357106784	4.76310099920312e-12	2.43553231092586e-10
"hsa-miR-128-3p"	5140.44271982838	Inf	5223.28444634165	94.8433402202362	5.3265170314177e-12	2.55339910193586e-10
"hsa-miR-433-3p"	275.319457968042	7.57556865336515e+82	275.791765217506	93.5595111927659	5.85088086285381e-12	2.63977977753463e-10
"hsa-miR-382-5p"	391.085717769234	5.35219495484711e+117	393.206734258754	89.7301775423195	7.80289571731279e-12	3.32490056398828e-10
"hsa-miR-411-5p"	518.868724505924	1.56693105597867e+156	528.586923208202	86.979670974793	9.66935787632606e-12	3.36802727903463e-10
"hsa-miR-28-5p"	936.04025264628	5.97300936155563e+281	964.89234122354	86.1781730655584	1.03060679404992e-11	3.36802727903463e-10
"hsa-miR-125b-5p"	44432.6232838957	Inf	44432.6232838957	85.8492104960344	1.05811933103372e-11	3.36802727903463e-10
"hsa-miR-124-3p"	44432.6232838957	Inf	44432.6232838957	85.8492104960344	1.05811933103372e-11	3.36802727903463e-10
"hsa-miR-938"	231.181083168419	3.91237489796755e+69	231.267179532627	85.0989950170785	1.12406772793552e-11	3.36802727903463e-10
"hsa-miR-374a-5p"	1468.75717949971	Inf	1500.36182132481	84.6937845378338	1.1616392711456e-11	3.36802727903463e-10
"hsa-miR-133a-3p"	233.982917211538	2.72820219267895e+70	232.834409242466	84.5732019681969	1.17309597084959e-11	3.36802727903463e-10
"hsa-miR-9-3p"	14823.159332863	Inf	15011.5958610643	84.3191703874282	1.19765777662102e-11	3.36802727903463e-10
"hsa-miR-146b-5p"	1110.42250957208	Inf	1105.92250879288	84.0673892093287	1.22258470862512e-11	3.36802727903463e-10
"hsa-miR-129-2-3p"	6027.03231297504	Inf	6082.28273321226	83.9983064007421	1.22952755949113e-11	3.36802727903463e-10
"hsa-miR-584-5p"	282.397396313858	1.0234979753213e+85	284.096871667753	83.5330961416565	1.27747453536301e-11	3.37798786557494e-10
"hsa-miR-185-5p"	3021.44556153815	Inf	3015.56411045328	83.1255218612306	1.32124688353648e-11	3.37798786557494e-10
"hsa-miR-376a-5p"	575.637249376262	1.92344017865343e+173	568.909844786459	81.6243378719586	1.49796072432575e-11	3.60558650728959e-10
"hsa-miR-200b-5p"	406.001493064539	1.65435114663329e+122	420.208451409206	81.5744156161929	1.50428641764364e-11	3.60558650728959e-10
"hsa-miR-30c-5p"	7768.13857850359	Inf	7744.32285551018	79.3461483678375	1.82044046004954e-11	4.16142583180949e-10
"hsa-miR-130b-3p"	278.934834389277	9.28436031870626e+83	278.365566820291	79.193787679961	1.84469984721672e-11	4.16142583180949e-10
"hsa-miR-658"	4580.20482767108	Inf	4585.35966992144	77.8404770918731	2.07721732479333e-11	4.55207339461852e-10
"hsa-let-7b-3p"	265.846523305197	1.06605045006344e+80	268.815402605552	77.4568449414878	2.14911536432764e-11	4.57880967899806e-10
"ebv-miR-BART19-3p"	299.376516570123	1.32224363471762e+90	305.401695538267	76.5989701045394	2.32044745927337e-11	4.81022486827749e-10
"hsa-miR-338-5p"	582.588133375653	2.3795961848514e+175	576.743675422612	75.936598577343	2.46347348381169e-11	4.93048570945856e-10
"hsa-miR-32-3p"	5045.31402138028	Inf	5038.25259225054	75.6283819272838	2.53345020033549e-11	4.93048570945856e-10
"hsa-miR-330-3p"	205.684607304527	8.26487795828087e+61	207.424361552629	75.4656651364595	2.57130936608008e-11	4.93048570945856e-10
"hsa-miR-583"	1820.52480993942	Inf	1843.46703499931	74.6785003602062	2.76385465200658e-11	5.17043053192451e-10
"hsa-miR-30c-2-3p"	2056.18164270769	Inf	2110.9906526395	74.3428477371003	2.85094035594999e-11	5.18541243859858e-10
"hsa-miR-30a-5p"	7177.45147100049	Inf	7172.9641728346	74.0299173814733	2.93497080432614e-11	5.18541243859858e-10
"hsa-miR-23a-3p"	2816.12684802271	Inf	2753.20222637191	73.8855802348185	2.97468249411131e-11	5.18541243859858e-10
"hsa-miR-125a-5p"	8120.12198606364	Inf	7885.02007223206	73.1031754430719	3.20095457428303e-11	5.38675351209589e-10
"ebv-miR-BHRF1-1"	423.487907653512	3.03782676859438e+127	426.356340496567	73.0052207052797	3.23064747791931e-11	5.38675351209589e-10
"hsa-miR-101-3p"	3470.50918463721	Inf	3470.50918463721	72.1463388493846	3.50495164401293e-11	5.71978278927216e-10
"hsa-miR-500a-3p&hsa-miR-500a-5p"	183.754235624574	2.06793437885699e+55	178.277567698557	71.3146647054026	3.79626229416021e-11	6.04418118415315e-10
"hsa-miR-142-5p"	309.363338963179	1.34166653288851e+93	314.13479223702	71.1388435890952	3.86134130408741e-11	6.04418118415315e-10
"hsa-miR-17-5p"	853.425482148157	8.06620379877478e+256	852.517241767486	69.8546704122818	4.37737310232628e-11	6.4806091676617e-10
"hsa-miR-888-3p"	2133.90246864768	Inf	2116.43855554096	69.7753349429213	4.41175829569541e-11	6.4806091676617e-10
"hsa-miR-218-2-3p"	176.581368141501	1.43313956547513e+53	176.962060328951	69.7186214488377	4.43652835609011e-11	6.4806091676617e-10
"hsa-miR-487a-3p"	358.766659209751	9.98908862516732e+107	368.865003994517	69.5667968245516	4.50362641573586e-11	6.4806091676617e-10
"hsa-miR-381-3p"	736.33795354719	4.56889274969188e+221	735.260490271749	69.4354361688558	4.56261923146977e-11	6.4806091676617e-10
"sv40-miR-S1-5p"	1554.02793288809	Inf	1546.68263404065	69.0725500753975	4.73024043569762e-11	6.59653529850923e-10
"hsa-miR-363-3p"	356.702991585159	2.38946135051359e+107	357.066764232749	68.2142333635981	5.15553247044524e-11	7.06123822291339e-10
"hsa-miR-425-3p&hsa-miR-425-5p"	401.171397554844	5.81599556190776e+120	395.202231780409	67.7221034834314	5.41906176175908e-11	7.17209959491304e-10
"hsa-miR-378a-5p&hsa-miR-378a-3p"	363.257929837949	2.24663770868922e+109	374.476975699477	67.7047028731999	5.42865804188531e-11	7.17209959491304e-10
"hsa-miR-195-3p"	299.813997170178	1.79063169790185e+90	299.248172752638	67.5461516286273	5.51699968839465e-11	7.17209959491304e-10
"hsa-miR-622"	179.503699588464	1.08642039226987e+54	183.046824954932	66.4273061589621	6.18935185322977e-11	7.91205478571206e-10
"hsa-miR-525-5p"	501.188279864176	7.45943122816277e+150	499.37299238905	65.6857890679873	6.68665389301101e-11	8.05364287274942e-10
"hsa-miR-127-5p"	351.769792738965	7.82094412052681e+105	354.50211314103	65.6821175797481	6.68922750863717e-11	8.05364287274942e-10
"hsa-miR-889-3p"	161.700951283956	4.75156488194765e+48	160.659453734287	65.5170650081949	6.80610502146447e-11	8.05364287274942e-10
"hsa-miR-146b-3p"	756.254504229005	4.52157906023775e+227	768.011474606918	65.4562578802486	6.84975196787799e-11	8.05364287274942e-10
"hsa-miR-103a-3p"	2904.12495868863	Inf	2839.74727638979	65.3596870781751	6.91973009557605e-11	8.05364287274942e-10
"hsa-let-7e"	9790.35580909084	Inf	9790.35580909084	65.3454401952738	6.93012294134892e-11	8.05364287274942e-10
"hsa-miR-629-3p&hsa-miR-629-5p"	113.723776474439	1.71501506372001e+34	115.305313260528	65.0254605589529	7.16831718121707e-11	8.11592932782382e-10
"hsa-miR-16-5p"	4969.6284530784	Inf	4756.59461017627	64.9749651465587	7.20675614029755e-11	8.11592932782382e-10
"hsa-let-7d"	876.604786834969	7.6618770741425e+263	897.157380223387	64.7237537600891	7.40152978303474e-11	8.11592932782382e-10
"hsa-miR-140-3p"	1430.43637933053	Inf	1425.43537992856	64.6861322806812	7.43121491882237e-11	8.11592932782382e-10
"hsa-miR-485-5p"	179.449186780488	1.04613544835188e+54	180.333727118061	64.5264911786182	7.55870505039669e-11	8.11592932782382e-10
"hsa-miR-100-5p"	3816.74368642298	Inf	3846.00586705472	64.4525478644632	7.61860380186852e-11	8.11592932782382e-10
"hsa-miR-340-3p"	254.440162654721	3.92754401432091e+76	251.822769529369	64.2204916583591	7.81014262628758e-11	8.20599917035969e-10
"hsa-miR-920"	404.085082845469	4.38258892435261e+121	413.122821012773	63.725458850516	8.23746162695222e-11	8.53801765928696e-10
"hsa-miR-323a-3p"	255.900725170425	1.08092158270168e+77	264.635864686036	63.5138762361039	8.42822326950068e-11	8.61926299694269e-10
"hsa-miR-379-5p"	762.369718754129	3.1343907060735e+229	768.840090728939	62.8966889395952	9.0142268770235e-11	8.68590041421865e-10
"hsa-miR-184"	570.144364860537	4.2712567861368e+171	575.07174954461	62.8669025590233	9.04366715627464e-11	8.68590041421865e-10
"hsa-miR-214-3p"	480.980414770903	6.15931156186089e+144	482.814854274049	62.8620575238428	9.0484662962075e-11	8.68590041421865e-10
"hsa-miR-152-3p"	211.343635017702	4.17612541804139e+63	210.738796466969	62.8538346764595	9.05661792619551e-11	8.68590041421865e-10
"hsa-miR-136-5p"	727.469331061045	9.77438800855363e+218	727.056612996518	62.8508192954764	9.05960929775087e-11	8.68590041421865e-10
"hsa-miR-335-5p"	2463.36470704028	Inf	2466.29933079771	62.2855055675876	9.64094810989437e-11	9.06857422878464e-10
"hsa-miR-31-5p"	259.080655870245	9.79599857419422e+77	262.094048187082	62.1941361318013	9.73886261108738e-11	9.06857422878464e-10
"hsa-miR-212-3p"	386.853789243419	2.84835750951467e+116	388.68746092321	62.1252368173886	9.81345059959746e-11	9.06857422878464e-10
"hsa-miR-329-3p"	696.811392000095	5.76939551246616e+209	669.934451151597	61.1847764477412	1.08998421558984e-10	9.95259396854056e-10
"hsa-miR-374b-5p"	473.255509235099	2.91141351028789e+142	482.05364724384	60.7440573541366	1.14559083975534e-10	1.03372726363805e-09
"hsa-miR-1-3p"	792.768032017857	4.43564969919909e+238	786.496091511224	60.5916073996795	1.16557667014668e-10	1.03953175116571e-09
"hsa-miR-30b-3p"	2316.64810137011	Inf	2303.18798277605	60.3520989810195	1.19778733329661e-10	1.04848472052028e-09
"hsa-miR-876-3p"	186.46888479238	1.35746168578572e+56	183.818393184218	60.3143600853712	1.2029550900363e-10	1.04848472052028e-09
"hsa-miR-411-3p"	277.535078166779	3.51870920516906e+83	279.343040989514	60.2012973257706	1.21859072769216e-10	1.05017875071897e-09
"hsa-miR-154-3p"	230.153342010758	1.91893183370805e+69	229.088313591525	59.3698949117503	1.34098746166138e-10	1.1428193145492e-09
"hsa-miR-301a-3p"	823.374586825378	7.2518414751813e+247	818.424421962779	59.0747461690555	1.38778007738784e-10	1.15739404267298e-09
"hsa-miR-598-3p"	349.397993254283	1.51104150750338e+105	351.5625971202	59.0717210825726	1.38826925587893e-10	1.15739404267298e-09
"hsa-miR-218-5p"	547.80703959616	8.06029161145189e+164	547.606815883475	58.8583776161061	1.42327162584865e-10	1.17381649142571e-09
"hsa-miR-26b-5p"	15796.0620767898	Inf	15468.2720047287	58.6518266132003	1.45812533093794e-10	1.18976822215893e-09
"hsa-miR-890"	168.20088925666	4.3004407017499e+50	167.7354137709	58.4731948856708	1.48905748669049e-10	1.19564245799864e-09
"hsa-miR-376b-3p"	168.354179594053	4.78253275576926e+50	169.80516277222	58.2815056849544	1.52308938865325e-10	1.19564245799864e-09
"hsa-miR-369-3p"	240.527029869078	2.54595520735042e+72	238.078704250437	58.2435462820416	1.52993372392002e-10	1.19564245799864e-09
"hsa-miR-34b-5p"	99.2214644673261	7.38987374121726e+29	99.4464770905499	58.1983477942811	1.53812928362061e-10	1.19564245799864e-09
"hsa-miR-486-5p"	284.329099813292	3.90470010339607e+85	285.784704927439	58.1701519198748	1.54326731866839e-10	1.19564245799864e-09
"hsa-miR-361-5p"	1547.55995558125	Inf	1537.62338786964	57.826259377445	1.6075414100009e-10	1.23298426147069e-09
"hsa-miR-23b-3p"	7750.00243362084	Inf	7786.58603358827	57.3704541062303	1.69751110839422e-10	1.28910001993898e-09
"hsa-miR-191-5p"	2873.59128164641	Inf	2870.16862873688	57.1413241557124	1.74490720711162e-10	1.30803587887979e-09
"hsa-miR-151a-3p"	551.044844728342	7.6037393157739e+165	560.228827045362	57.0861086905596	1.75655404856087e-10	1.30803587887979e-09
"hsa-miR-576-5p"	162.228788649928	6.85064627568381e+48	163.349606940105	57.0056718156258	1.77368057223518e-10	1.30808942202345e-09
"hsa-let-7c"	15736.5116201919	Inf	16044.9939362106	56.6568937225904	1.8501878891486e-10	1.34502334574148e-09
"hsa-miR-379-3p"	220.090118046397	1.79360696280967e+66	216.894492624945	56.5542510608602	1.87341805718234e-10	1.34502334574148e-09
"hsa-miR-451a"	8120.37732335481	Inf	8127.21234125699	56.541316911555	1.8763689438636e-10	1.34502334574148e-09
"hsa-miR-1296-5p"	141.399581534326	3.67718446061464e+42	143.915218867068	56.3511870909102	1.92036635977527e-10	1.3638157388404e-09
"hsa-miR-708-5p"	1072.74193515025	Inf	1072.69262742923	55.9925146567753	2.00662110416093e-10	1.40174146054404e-09
"hsa-miR-29a-5p"	223.009239136852	1.35665771966929e+67	222.648794828651	55.9775292995268	2.01032021720788e-10	1.40174146054404e-09
"hsa-miR-337-3p"	203.210191959782	1.48717886392427e+61	199.941850541496	55.8068923190682	2.05299694694463e-10	1.40650497065206e-09
"hsa-miR-657"	157.913788166785	3.44181059483571e+47	162.387891756403	55.8036125041791	2.05382733654538e-10	1.40650497065206e-09
"hsa-miR-337-5p"	184.501879858255	3.47216291106437e+55	185.909252349362	55.73084097874	2.07235104521956e-10	1.40663119618e-09
"hsa-miR-219a-2-3p"	782.512287477916	3.62802696694068e+235	793.065994627415	55.6545228367681	2.09198330002588e-10	1.40750104484198e-09
"hsa-miR-623"	182.868435290878	1.11913965015391e+55	178.836831042976	55.466998830438	2.14113333551626e-10	1.42055746589109e-09
"hsa-miR-106a-5p"	807.498793862246	1.2060308442237e+243	814.818416211844	55.4094285449011	2.15648677174602e-10	1.42055746589109e-09
"hsa-miR-500a-3p"	223.047175611346	1.39280496783488e+67	224.031493419996	55.3704554249221	2.16695206661352e-10	1.42055746589109e-09
"hsa-miR-18b-5p"	198.236025058796	4.73140107152109e+59	197.721989819502	55.247824536076	2.20026289885983e-10	1.42229278658764e-09
"hsa-miR-377-3p"	1193.74725262159	Inf	1166.49061279503	55.2244216886834	2.20668633121160e-10	1.42229278658764e-09
"hsa-miR-557"	290.59440559401	3.00353471522812e+87	284.669230406167	55.0781677854209	2.24731867548491e-10	1.43524662827157e-09
"hsa-miR-146a-5p"	227.686505252436	3.47110450227097e+68	223.045967684655	55.0182596854909	2.26420915281433e-10	1.43524662827157e-09
"hsa-miR-553"	193.121683701351	1.36590220852483e+58	193.977388154463	54.8668439723825	2.30755099882581e-10	1.45073083286836e-09
"hsa-miR-129-1-3p"	6960.81324466924	Inf	6875.2859420555	54.778575140141	2.33325535476935e-10	1.45496492447812e-09
"hsa-miR-625-3p"	783.494442270037	7.16685403299301e+235	774.086938729693	54.4712101170947	2.42535441145081e-10	1.49677140179616e-09
"hsa-miR-127-3p"	466.258143299149	2.27869844327834e+140	471.414876550806	54.4124033439217	2.44344585325471e-10	1.49677140179616e-09
"hsa-miR-194-3p"	114.363084696384	2.67127678739799e+34	117.112448720811	54.3627483032507	2.45884219851782e-10	1.49677140179616e-09
"hsa-miR-376a-3p"	340.538668593847	3.25352336710217e+102	346.234000547056	54.0734819607341	2.55077300756866e-10	1.54050621795682e-09
"hsa-miR-20b-3p"	168.200087927566	4.29805273250694e+50	169.208582650601	53.9636650410616	2.5866993496891e-10	1.54999875094652e-09
"hsa-miR-183-3p"	247.793183786005	3.91905213270691e+74	250.960274068841	53.8666726641985	2.61891254391078e-10	1.55713637300742e-09
"hsa-miR-34c-5p"	218.155387695026	4.69153987514222e+65	213.343099084143	53.5039382416625	2.74352222531285e-10	1.61867811293458e-09
"hsa-miR-181a-3p"	269.16251371294	1.06167193220492e+81	263.383358647475	53.1282118848973	2.879805900551e-10	1.67854027447371e-09
"hsa-miR-495-3p"	416.638388147677	2.6342208175428e+125	422.919403041089	53.1042619217824	2.88875249322724e-10	1.67854027447371e-09
"hsa-miR-497-5p"	259.133929131912	1.01644892986693e+78	256.658481169626	53.0036478616535	2.92668646682311e-10	1.68779587973935e-09
"hsa-miR-640"	164.142787031603	2.58168034514326e+49	165.562455504251	52.9216157910195	2.9580369221486e-10	1.69314501439401e-09
"hsa-miR-576-3p"	1525.01569840952	Inf	1518.05526425445	52.8249662205125	2.995468249461e-10	1.70186973876784e-09
"hsa-miR-345-5p"	148.444416073952	4.85536548866795e+44	149.929836945308	52.6620082590405	3.05981476288709e-10	1.72564553171647e-09
"hsa-miR-22-5p"	432.358510229978	1.42193734294194e+130	428.383965959419	52.52033650707	3.11704430190616e-10	1.74508976610367e-09
"hsa-miR-520a-5p"	139.227836635114	8.16121949996065e+41	141.561479336348	52.33683779871	3.19300083648589e-10	1.7679550075419e-09
"ebv-miR-BART18-3p"	160.37440580077	1.89455266705406e+48	164.151591944377	52.3107127998638	3.20398625877867e-10	1.7679550075419e-09
"hsa-miR-298"	924.814676118032	2.49435315562466e+278	951.196344708158	52.216851825511	3.24381279865807e-10	1.77714601183624e-09
"hsa-miR-106b-5p"	1998.14611817655	Inf	1990.97622744472	51.9330652075878	3.36771826084418e-10	1.83194319579255e-09
"kshv-miR-K12-5-3p"	198.962262432598	7.82724625312813e+59	200.265717445277	51.7194553861838	3.46456263449828e-10	1.87135178919731e-09
"hsa-miR-199a-5p"	198.336638394474	5.07314640703368e+59	191.258069602421	51.6375801336671	3.50252469852579e-10	1.87862688375474e-09
"hsa-miR-32-5p"	227.067178935729	2.25960168777936e+68	227.386955001744	51.4788157876179	3.57750199528168e-10	1.90551668776462e-09
"hsa-miR-509-5p"	666.296872103293	3.76135669515064e+200	675.952844309036	51.3479782675309	3.64067368628528e-10	1.92579083957297e-09
"hsa-miR-675-5p"	355.174294705794	8.28164090188961e+106	357.560613503355	51.2035360186941	3.71190203566719e-10	1.95001976805256e-09
"hsa-miR-26a-5p"	16074.7691645096	Inf	15905.6403923507	51.1319794484513	3.74777855836137e-10	1.95547357432869e-09
"hsa-miR-410-3p"	474.145643118769	5.39586272241546e+142	474.375142330518	51.0230837316995	3.80314030201187e-10	1.96701888944859e-09
"hsa-miR-422a"	570.941955495895	7.4242807653656e+171	587.842097719954	50.9499434702048	3.84084981374387e-10	1.96701888944859e-09
"hsa-miR-362-3p"	121.671891387829	4.23534640743568e+36	123.271464554286	50.9383956059489	3.84684267819152e-10	1.96701888944859e-09
"hsa-miR-659-3p"	403.209233109472	2.38821650054115e+121	410.590962953962	50.8757167599202	3.8795577247696e-10	1.97060978470085e-09
"hsa-miR-671-5p"	288.255024092508	5.93483504734273e+86	292.951107703092	50.6108750435989	4.02135323660104e-10	2.02919600820592e-09
"hsa-miR-208b-3p"	104.947603237906	3.91179914700071e+31	103.270332425268	50.5515847037296	4.05390430766523e-10	2.03225137514982e-09
"hsa-miR-877-5p"	309.576642050242	1.55544698719057e+93	317.201629475205	50.4556909431679	4.10719159235755e-10	2.04559477359626e-09
"hsa-miR-27b-3p"	2816.66190236547	Inf	2799.88232846465	50.4079922461637	4.13399564574698e-10	2.0456610711535e-09
"ebv-miR-BART16"	474.70743838328	7.96485948022549e+142	482.214393239785	50.2962321976268	4.19758659658687e-10	2.06381340998855e-09
"hsa-miR-208a-3p"	256.814287888989	2.03612281223786e+77	257.170931231211	50.1611155020973	4.27596796919938e-10	2.08896014801014e-09
"hsa-miR-873-5p"	278.060131694382	5.06337669409764e+83	277.841071474234	49.9762010089594	4.38596790648388e-10	2.129137584983e-09
"hsa-miR-222-3p"	3978.40465306889	Inf	3952.26784720936	49.9078961379532	4.42741698635384e-10	2.13574140159333e-09
"hsa-miR-939-5p"	2729.04403881807	Inf	2682.33763730472	49.81710719776	4.48320590814519e-10	2.1491368322171e-09
"hsa-miR-600"	331.42477441896	5.87216711066024e+99	330.544097160445	49.2030633626571	4.88237230305227e-10	2.32595003505658e-09
"hsa-miR-34b-5p&hsa-miR-34b-3p"	2125.58228098678	Inf	2055.59301069056	49.1537623779114	4.9161473993141e-10	2.32758336745304e-09
"hsa-miR-409-3p"	229.358506325584	1.10608923272572e+69	231.884972675648	48.8028954683018	5.16439445008771e-10	2.41484772775471e-09
"hsa-miR-324-3p"	113.289391640212	1.2691269726371e+34	111.055777691197	48.7227424568754	5.22309947376371e-10	2.41484772775471e-09
"hsa-miR-506-3p"	109.601560409625	9.84820895915498e+32	109.079081915672	48.7223538926064	5.2233859174138e-10	2.41484772775471e-09
"hsa-miR-615-3p"	267.293179097276	2.90579213982884e+80	262.149119744451	48.7182695094165	5.22639795055126e-10	2.41484772775471e-09
"hsa-miR-519e-5p"	649.148370536331	2.58899473846454e+195	647.235740266899	48.5836651368503	5.3267834791494e-10	2.44649277156143e-09
"hsa-miR-203a-3p"	156.230543359355	1.07171618646621e+47	156.895948164068	48.4140677800973	5.45642400267506e-10	2.49111738693558e-09
"kshv-miR-K12-10a-3p"	106.963268348598	1.5818023163814e+32	106.594125195291	48.286173235455	5.5565777762255e-10	2.52183145228696e-09
"ebv-miR-BART7-5p"	157.836377654616	3.26200093349698e+47	160.519713328571	48.0319912391441	5.76193941157864e-10	2.58462947552811e-09
"hsa-miR-145-3p"	113.907691473048	1.94819251402335e+34	111.772213988861	48.0289592251602	5.76444097199427e-10	2.58462947552811e-09
"ebv-miR-BART2-3p"	2553.274668908	Inf	2542.86916917295	47.9376395701729	5.84036996424068e-10	2.58462947552811e-09
"hsa-miR-320a-3p"	1654.30212505879	Inf	1674.56617972719	47.9155896731947	5.85887483439915e-10	2.58462947552811e-09
"hsa-miR-520g-3p"	102.684816446654	8.15098041626654e+30	104.359036630418	47.9101671510308	5.86343583757355e-10	2.58462947552811e-09
"hsa-let-7e-3p"	139.845568453731	1.25230716463999e+42	141.686712450585	47.8514004328369	5.91312741467739e-10	2.59163927260432e-09
"hsa-miR-758-3p"	145.159186964203	4.98045960962497e+43	146.017975862798	47.6918708416925	6.05047009380872e-10	2.6352777867972e-09
"hsa-miR-99b-3p"	297.576042091074	3.79589910517137e+89	301.792587473513	47.6565043096953	6.08141027722432e-10	2.6352777867972e-09
"hsa-miR-33a-5p"	661.018145412631	9.68923406489243e+198	656.041108045934	47.5473254917167	6.17807328358486e-10	2.64462784478667e-09
"hsa-miR-126-3p"	6392.26730562124	Inf	6394.67139536319	47.5406049780583	6.18408061095746e-10	2.64462784478667e-09
"hsa-miR-139-5p"	335.433682031589	9.45365714047174e+100	338.440654773523	47.5156701920722	6.2064277974133e-10	2.64462784478667e-09
"hsa-miR-24-3p"	5860.84444470018	Inf	5892.34609670888	47.3609908564038	6.34713849199837e-10	2.68964376981367e-09
"hsa-miR-498-5p"	512.826133709883	2.37710741668443e+154	506.197015096477	47.2018622997188	6.49572089438868e-10	2.73748237692094e-09
"hsa-miR-30c-1-3p"	108.879492848176	5.97026020988698e+32	111.593039137318	46.9238036110257	6.76501294639746e-10	2.82289835850093e-09
"ebv-miR-BHRF1-2-3p"	1280.90244457943	Inf	1262.33929789921	46.9167467790501	6.77201170748592e-10	2.82289835850093e-09
"ebv-miR-BART5-5p"	214.682634933616	4.22583623977125e+64	216.337313074139	46.8495517054221	6.83907065504118e-10	2.83544172563059e-09
"hsa-miR-346"	83.0665304772024	1.01278511388456e+25	80.8782940248528	46.6225668179179	7.07128162604967e-10	2.88241845951052e-09
"hsa-miR-550a-3p&hsa-miR-550a-5p"	1646.54425277914	Inf	1674.69132728489	46.5876940016184	7.10775125979094e-10	2.88241845951052e-09
"hsa-let-7g"	270.783977142636	3.26662638140324e+81	271.034892563421	46.5527050375693	7.14455889450507e-10	2.88241845951052e-09
"hsa-miR-135b-3p"	82.0740507619421	5.09039103062348e+24	82.5198850171805	46.5466258506627	7.15097629066485e-10	2.88241845951052e-09
"hsa-miR-186-3p"	123.207188405419	1.22760709971152e+37	126.364396551288	46.5156684041712	7.18375854753022e-10	2.88241845951052e-09
"hsa-miR-592"	124.164441917134	2.38353433270089e+37	126.167280850961	46.4973271079994	7.20326212380573e-10	2.88241845951052e-09
"hsa-miR-885-3p"	145.400167367487	5.88588472477539e+43	147.129716138846	46.4859025779367	7.21544125457653e-10	2.88241845951052e-09
"ebv-miR-BART3-3p"	82.7939444493818	8.38418279909879e+24	82.7178490662376	46.2339824456812	7.49008557983696e-10	2.96224933858045e-09
"hsa-miR-30a-3p"	150.688086592609	2.29950338695826e+45	150.373255638476	46.2317959412005	7.49252114321521e-10	2.96224933858045e-09
"hsa-miR-551a"	156.632223808189	1.41578613146068e+47	159.831390825684	45.9244867029842	7.84403166213354e-10	3.07780651884303e-09
"hsa-miR-143-3p"	3291.27439636999	Inf	3318.99501897448	45.9066048794475	7.86505968309301e-10	3.07780651884303e-09
"hsa-let-7b"	6550.85825871639	Inf	6577.54619353048	45.8478201474042	7.93464332108547e-10	3.08927483617896e-09
"hsa-miR-574-5p"	1367.21348448706	Inf	1391.83183341237	45.6511077568588	8.17266923193679e-10	3.16587742469471e-09
"hsa-miR-148b-3p"	795.998966032955	4.16452327297446e+239	802.98756405263	45.5572134733078	8.2891579729123e-10	3.19486641468529e-09
"hsa-miR-193b-3p"	486.284072353657	2.43272037243641e+146	479.039573619751	45.4591671834905	8.4128309933397e-10	3.22632068594578e-09
"ebv-miR-BART13-3p"	310.219623236514	2.4289123202501e+93	310.824775890608	45.2372792051532	8.70059352845324e-10	3.32007723200181e-09
"hsa-miR-519e-3p"	264.624189114287	4.5689720534266e+79	261.298531223303	45.1374155045837	8.83376995680924e-10	3.35420869152113e-09
"hsa-miR-151a-5p"	1261.01907620548	Inf	1258.72655517228	45.0568183695596	8.94295591432815e-10	3.36613954802668e-09
"hsa-miR-516a-5p"	500.901857250085	6.11623151310148e+150	516.110019795995	45.0494859356417	8.95296568184411e-10	3.36613954802668e-09
"hsa-miR-181b-5p"	691.357173077121	1.31597249935616e+208	682.24384696674	44.8773277254724	9.1917110753281e-10	3.43788264019687e-09
"hsa-miR-582-5p"	277.42915666026	3.26962410491688e+83	276.48048329466	44.8477723647927	9.23342664772563e-10	3.43788264019687e-09
"hsa-miR-20b-5p"	220.331370991649	2.12007709621428e+66	221.721597324924	44.78672523381	9.32027885102707e-10	3.45345598006655e-09
"hsa-let-7a-3p"	112.408309419565	6.89085160048751e+33	108.550769147024	44.5635357351752	9.64586811983142e-10	3.55691386918784e-09
"hsa-miR-95-3p"	639.23518686498	2.68513131945431e+192	640.626167813967	44.4775301494365	9.77479387359632e-10	3.58720904356382e-09
"kshv-miR-K12-3-5p"	279.784362847489	1.6729599137159e+84	283.963197028976	44.4220202061166	9.8590526861257e-10	3.60090162393258e-09
"hsa-miR-331-3p"	1264.99988339903	Inf	1283.37613831723	44.2945769633418	1.00556637935585e-09	3.65530527472007e-09
"hsa-miR-539-5p"	170.865902013366	2.72748105205509e+51	168.881870739681	44.1545696303242	1.02768505390164e-09	3.71808696387998e-09
"hsa-miR-656-3p"	184.310359931575	3.04051290485048e+55	185.563004900858	44.0468581522073	1.04508094574019e-09	3.76327270132736e-09
"hsa-miR-136-3p"	539.523583012532	2.58691318819653e+162	540.196202695509	44.0110891518853	1.05093216986297e-09	3.76665875834066e-09
"hsa-miR-630"	427.540707541962	5.04170391881458e+128	434.899736498938	43.9381264966561	1.06298430782424e-09	3.79213471674971e-09
"hsa-miR-921"	5574.56742612449	Inf	5492.23018810039	43.8967824487355	1.06988379814179e-09	3.79907811654977e-09
"hsa-miR-365a-3p"	678.918085304197	2.36978133926001e+204	702.580562083605	43.8541237263162	1.07705646461774e-09	3.80001815990537e-09
"hsa-miR-550a-3p"	161.197633970435	3.35214699917227e+48	158.295255829464	43.8363728566136	1.08005731272408e-09	3.80001815990537e-09
"hsa-miR-221-5p"	262.117864914955	8.04154948516837e+78	262.12538648443	43.58221007671	1.12409130160145e-09	3.93688597410189e-09
"ebv-miR-BART12"	109.021552062601	6.58805694913207e+32	109.66791139378	43.5228573182237	1.13466799433935e-09	3.94883165425985e-09
"hsa-miR-196a-3p"	282.80442072018	1.35710528928373e+85	283.539502900349	43.4840486638021	1.14164530353457e-09	3.94883165425985e-09
"hsa-miR-29c-5p"	399.71128868566	2.11391489992455e+120	397.071058398782	43.476836509034	1.14294736277143e-09	3.94883165425985e-09
"hsa-miR-125a-3p"	145.652192031354	7.00936596799484e+43	145.898139706531	43.3458189021589	1.16689931805176e-09	4.0135057262139e-09
"hsa-miR-92b-3p"	358.933513066744	1.12138277837233e+108	363.731916245938	43.1709567896344	1.19976719344002e-09	4.10813141682365e-09
"hsa-miR-629-3p"	170.572241324276	2.22515908739759e+51	172.389814692808	43.1212214729099	1.20930834490471e-09	4.12239778018627e-09
"hsa-miR-421"	214.587935777403	3.95735833152886e+64	212.380918685454	42.9116630304185	1.25047527012455e-09	4.23827529509404e-09
"hsa-miR-142-3p"	451.256003582649	6.94372962331853e+135	461.711810376022	42.8923332565763	1.25435266230293e-09	4.23827529509404e-09
"hsa-miR-106b-3p"	137.477185421958	2.42525010169497e+41	137.707630815627	42.8371228604601	1.26550341458744e-09	4.25719789030075e-09
"hsa-miR-342-5p"	191.991013636785	6.23812398982356e+57	192.157926403827	42.7124192452219	1.29110969478529e-09	4.31529679531703e-09
"hsa-miR-647"	176.317320769101	1.19344471776931e+53	178.86475724961	42.6983944909447	1.29402641841319e-09	4.31529679531703e-09
"hsa-miR-18a-5p"	214.204412804222	3.03356606648468e+64	216.734962030386	42.6090573747643	1.31278384118499e-09	4.35473548374091e-09
"hsa-miR-891a-5p"	373.779702158012	3.30295091653011e+112	387.087679176102	42.5718209121229	1.32069384086507e-09	4.35473548374091e-09
"hsa-miR-181d-5p"	171.729216972316	4.96187067291992e+51	172.366702140101	42.5615476292486	1.32288574669053e-09	4.35473548374091e-09
"hsa-miR-376c-3p"	804.413945502667	1.42143343499842e+242	806.149985002592	42.5156228775969	1.33273529169096e-09	4.36356785846494e-09
"hsa-miR-551b-3p"	4450.5857643397	Inf	4573.00848362957	42.4961030928672	1.33694712743059e-09	4.36356785846494e-09
"hsa-miR-15b-5p"	634.031309340262	7.28521379907406e+190	635.533652216433	42.3519778589036	1.36852126440695e-09	4.44769410932257e-09
"hiv1-miR-N367"	88.0338974696867	3.1684274966461e+26	87.4249042261022	42.1476793176825	1.41475139699314e-09	4.55799283090389e-09
"hsa-miR-875-5p"	76.4309474987563	1.01860966855301e+23	76.6339352371065	42.1252301621979	1.41993948628491e-09	4.55799283090389e-09
"hsa-miR-552-3p"	131.109270658787	2.93645383758586e+39	132.718192421311	42.1237289197464	1.42028720545767e-09	4.55799283090389e-09
"hsa-miR-502-5p"	115.823051763385	7.3487381031718e+34	113.810359010097	42.0949123406748	1.42698065514478e-09	4.56039234373352e-09
"hsa-miR-21-5p"	733.948717787144	8.7212619898461e+220	730.404281378933	42.0469830488736	1.43819368938905e-09	4.57715584963236e-09
"hsa-miR-888-5p"	103.378916751371	1.31872688844484e+31	104.103954313637	41.8732381021478	1.47969513844828e-09	4.68977756690012e-09
"hsa-miR-423-5p"	1420.43438052659	Inf	1408.76415882841	41.7832411801265	1.50173010509732e-09	4.74002876794093e-09
"hsa-miR-182-5p"	110.320289505726	1.62075090044784e+33	109.460454928263	41.7369032603397	1.5132218727742e-09	4.75672613285987e-09
"ebv-miR-BART17-5p"	2895.41950670118	Inf	2937.60720511965	41.6174699840371	1.54330819152077e-09	4.83149952202624e-09
"hsa-miR-149-5p"	783.452710721116	6.96251447876776e+235	777.542305167266	41.4674936818997	1.58206315206592e-09	4.93269283591286e-09
"hsa-miR-526b-5p"	485.63677914491	1.55323625910227e+146	497.80994751282	41.4361369919531	1.59030605106542e-09	4.93831879015051e-09
"hsa-miR-302c-5p"	283.112339737242	1.6799888661553e+85	274.075810695537	41.4075495713127	1.59786383607288e-09	4.94178049301571e-09
"hsa-miR-483-3p"	95.0924791680224	4.22365650786554e+28	95.4093466079748	41.3611110325224	1.61022880234184e-09	4.96002205379998e-09
"ebv-miR-BHRF1-3"	141.902988690962	5.21262005200845e+42	145.337432785175	41.2964359249576	1.62763244475987e-09	4.99357634052329e-09
"hsa-miR-424-5p"	905.328540361084	3.39661700364925e+272	910.20100572915	41.2621369143312	1.63694938843934e-09	5.00215211527082e-09
"hsa-miR-361-3p"	167.78971826387	3.23398619308581e+50	165.613909949394	41.1781222711909	1.66003004284825e-09	5.05097572284008e-09
"hsa-miR-744-5p"	2402.70408329905	Inf	2362.70484128852	41.1562578818759	1.66609759827711e-09	5.05097572284008e-09
"hsa-miR-579-3p"	87.8280245670366	2.74707081261915e+26	89.2549087862575	41.0669697544156	1.69114071830218e-09	5.10671232652665e-09
"hsa-miR-155-5p"	188.580198434182	5.86538220116851e+56	188.825159499332	40.9282188754623	1.73091677821409e-09	5.1844629173825e-09
"hsa-miR-135a-5p"	1821.26794383748	Inf	1782.59486375324	40.9231426807681	1.73239215950344e-09	5.1844629173825e-09
"hsa-miR-92a-1-5p"	77.2852841408402	1.84157219784932e+23	79.5987785596177	40.9067487603223	1.73716684454668e-09	5.1844629173825e-09
"hsa-miR-502-3p"	140.912421591495	2.62340692544397e+42	142.387483241789	40.7695580027716	1.77771910361657e-09	5.2804823045197e-09
"hsa-miR-147a"	193.05184366518	1.30135462967314e+58	193.797192308501	40.7515922642207	1.78310940921852e-09	5.2804823045197e-09
"hsa-miR-137-3p"	542.72157245091	2.37395565217506e+163	549.566666010213	40.5809161264755	1.8352616256269e-09	5.41402179559934e-09
"hsa-miR-431-3p"	104.771704123205	3.46278587971845e+31	103.216595609265	40.447191453564	1.87734445641513e-09	5.51694711904371e-09
"hsa-miR-19a-5p"	71.3922601037536	3.0989298798396e+21	72.3639769586331	40.4137182510646	1.88805051960469e-09	5.52723186464426e-09
"hsa-miR-573"	97.9609846503861	3.08457109483154e+29	94.9704920371598	40.2885338561346	1.92871349527907e-09	5.62480323528154e-09
"hsa-miR-20a-5p"	1577.09390393585	Inf	1582.08903485463	40.1956665519702	1.95952713628935e-09	5.68313093742717e-09
"hsa-miR-765"	2793.37979051549	Inf	2873.09050559285	40.1837168298699	1.96353285321799e-09	5.68313093742717e-09
"hsa-miR-569"	75.0733525803903	3.97494388255828e+22	76.7803257403044	40.0852626773858	1.99689516772861e-09	5.74207500590762e-09
"hsa-miR-10a-5p"	104.234616723161	2.38641637403297e+31	102.170283826429	40.0794911434274	1.99887096033551e-09	5.74207500590762e-09
"hsa-miR-23a-5p"	108.04602194418	3.35037575599937e+32	111.766931684077	39.9838737786665	2.03193183281571e-09	5.81526759615542e-09
"hsa-miR-493-5p"	103.636722927482	1.57674787182931e+31	99.1329321641843	39.8648079229241	2.07397879161252e-09	5.91353804151227e-09
"hsa-miR-299-3p"	166.684301833183	1.50305425747704e+50	166.153537263224	39.8010233547633	2.09691285450956e-09	5.95678577558825e-09
"hsa-miR-601"	149.256228845054	8.5231851359004e+44	152.18218307081	39.7457694336481	2.11701452302232e-09	5.99169793047277e-09
"hsa-miR-551b-5p"	493.293868617433	3.13509807210355e+148	504.556116747754	39.5121349470284	2.20448600674456e-09	6.21632634990103e-09
"hsa-miR-193a-3p"	261.996204872594	7.39122489311807e+78	263.19329117676	39.4704031238734	2.22054189367785e-09	6.23866532033301e-09
"hsa-miR-423-3p"	611.695237876834	1.37598850474732e+184	617.705437290127	39.4099008435491	2.24405777393395e-09	6.28172376863992e-09
"hsa-miR-769-5p"	824.118452725707	1.21443493158384e+248	821.061469278913	39.2422141286516	2.31073789334239e-09	6.42545495158583e-09
"hsa-miR-491-5p"	427.626608953701	5.35101587162949e+128	432.673157440182	39.2387020802709	2.31215849626817e-09	6.42545495158583e-09
"hsa-miR-513a-5p"	452.334399334306	1.46629809477803e+136	449.049662485846	39.1677872750243	2.3410580791588e-09	6.46813608822603e-09
"hsa-miR-455-5p"	117.080380341269	1.75673553595435e+35	113.269579450014	39.1596925550559	2.34438309325533e-09	6.46813608822603e-09
"hsa-miR-665"	8359.09916034522	Inf	8726.44641978868	39.1243344132587	2.35897043028906e-09	6.47525238742082e-09
"hsa-miR-93-3p"	98.7467702087732	5.31789560849195e+29	96.9157084575794	39.1125698463159	2.36384702539482e-09	6.47525238742082e-09
"hsa-miR-138-5p"	5740.24300455666	Inf	5839.61022511209	39.0574471797592	2.38685045058524e-09	6.51499749323445e-09
"hsa-miR-490-3p"	451.019905467936	5.89549380549559e+135	445.265169328625	38.811152093182	2.49281275403537e-09	6.77703244438276e-09
"hsa-miR-133b"	302.985181048861	1.61297537590665e+91	300.913340699461	38.7937029858014	2.50052174936157e-09	6.77703244438276e-09
"hsa-miR-613"	72.9722850340082	9.2650261062792e+21	73.5454040479433	38.6862248072062	2.54861150069395e-09	6.88304584870514e-09
"hsa-miR-486-3p"	82.6322088677656	7.49503175428814e+24	83.5601754561959	38.5879104578269	2.59352987417389e-09	6.97442200669913e-09
"hsa-miR-651-5p"	95.4832582570466	5.5376412764095e+28	94.9325153133395	38.5716268909083	2.60105672704171e-09	6.97442200669913e-09
"hsa-miR-767-5p"	84.548422171003	2.82885807673822e+25	86.6689777070844	38.5529405483649	2.60972505335417e-09	6.97442200669913e-09
"hsa-miR-509-3-5p"	173.673283882494	1.90927239804078e+52	171.802587126183	38.3972573516649	2.68324363135195e-09	7.14599953210745e-09
"hsa-miR-19a-3p"	653.631234935679	5.7890569041329e+196	652.96227850267	38.3638479992269	2.69932783975264e-09	7.16396004529508e-09
"kshv-miR-K12-1-5p"	144.579366221546	3.33216107463752e+43	144.817514543416	38.3107059882902	2.72513979466713e-09	7.20752490520581e-09
"hsa-miR-548d-3p"	89.1925265771856	7.07336206266363e+26	91.3195044157745	38.2041449133093	2.77775409226704e-09	7.27989823883979e-09
"hsa-miR-542-5p"	103.030647607598	1.03589420267921e+31	103.756281133357	38.1985866729435	2.78053020177921e-09	7.27989823883979e-09
"hsa-miR-610"	122.636588926775	8.26593208854309e+36	124.116465606347	38.1976905488565	2.7809780755933e-09	7.27989823883979e-09
"hsa-miR-296-3p"	160.364364390499	1.88141203214152e+48	161.745269284213	38.1571794104448	2.80131163270072e-09	7.30818374925663e-09
"hsa-miR-708-3p"	116.387599974878	1.0868227375759e+35	116.185817256407	38.0725158803395	2.84435820995676e-09	7.39533134588757e-09
"hsa-miR-15a-5p"	1517.39214573339	Inf	1532.27195081512	37.920431257925	2.92360017192028e-09	7.55762310209123e-09
"hsa-miR-135a-3p"	109.970738445183	1.27201114741435e+33	112.775618848024	37.9149836902593	2.92648508646818e-09	7.55762310209123e-09
"hsa-miR-563"	70.3908306452646	1.54793045146308e+21	71.0172049541409	37.858817637753	2.9564201541323e-09	7.58866287565946e-09
"hcmv-miR-US33-3p"	80.3414228219289	1.53171569946784e+24	80.4434041277046	37.855326632689	2.95829230746047e-09	7.58866287565946e-09
"ebv-miR-BART4-5p"	88.2924555440327	3.79033424771697e+26	94.0137768375693	37.8255824870749	2.97429861806158e-09	7.60429013351078e-09
"hsa-miR-124-5p"	296.86396718767	2.31717457874767e+89	288.324928405336	37.8009465575699	2.98763109931743e-09	7.61300017666601e-09
"hsa-miR-7-2-3p"	207.365187476198	2.64936312196545e+62	209.487137799752	37.685039036506	3.05128302613075e-09	7.74945059947777e-09
"ebv-miR-BART6-5p"	77.6291848201804	2.337293061476e+23	76.4712550097546	37.6490101589908	3.07138386554218e-09	7.77475717779159e-09
"hsa-miR-645"	107.471452873706	2.24973307148057e+32	108.349575862008	37.5572326013099	3.12327574910695e-09	7.88010690646391e-09
"hsa-miR-646"	67.1598626626623	1.64866783904303e+20	66.556362276109	37.3660382487421	3.23463451608613e-09	8.13431040602643e-09
"hsa-miR-602"	246.723690723389	1.86737503607993e+74	248.294882350688	37.3445208662434	3.24744914314851e-09	8.13984801566964e-09
"hsa-miR-944"	108.829407624904	5.76655057656463e+32	109.005360507073	37.2454162312989	3.30722576944585e-09	8.20773817222077e-09
"hsa-miR-135b-5p"	99.5471591618675	9.26149061247991e+29	96.8690888494731	37.2396269489986	3.31075641531253e-09	8.20773817222077e-09
"ebv-miR-BART14-5p"	96.7983856254097	1.37789969846318e+29	98.2846090065837	37.2390989862489	3.31107861271017e-09	8.20773817222077e-09
"hsa-miR-505-3p"	130.63092574194	2.10778839801752e+39	131.008998966445	37.2208699597262	3.32222519643847e-09	8.20773817222077e-09
"ebv-miR-BART9-5p"	107.60232849132	2.46336336978272e+32	105.852675381085	37.2113884697496	3.32803985861885e-09	8.20773817222077e-09
"hsa-miR-223-3p"	426.906292159757	3.24787478648715e+128	429.121799806805	37.0898206423262	3.40363458697795e-09	8.36726835965412e-09
"hsa-miR-532-3p"	129.08602854174	7.22381494876966e+38	132.321541785281	37.0602455037105	3.42232131893709e-09	8.37077598874038e-09
"hsa-miR-639"	79.8058862737519	1.05673380058723e+24	80.5177650493667	37.0530448396288	3.42688873593804e-09	8.37077598874038e-09
"hsa-miR-107"	2054.81660794351	Inf	2104.39331994778	36.9286596986939	3.50689845265765e-09	8.53901940694735e-09
"hsa-miR-99b-5p"	2410.04888647521	Inf	2340.50223038839	36.8867564190244	3.53433222830034e-09	8.56094746536943e-09
"hsa-miR-145-5p"	494.233042298271	6.01133014181093e+148	491.702349355792	36.8780592507533	3.54005693209851e-09	8.56094746536943e-09
"hsa-miR-297"	173.352489589807	1.52861877545815e+52	172.014500117792	36.8639162333725	3.54938891002279e-09	8.56094746536943e-09
"hsa-miR-624-5p&hsa-miR-624-3p"	84.5610981670235	2.85382287375425e+25	84.7615997536892	36.8295159349919	3.57220498657187e-09	8.58896935642829e-09
"hsa-miR-194-5p"	126.702755092168	1.38461749907018e+38	127.410993181914	36.7914176833146	3.59766985672092e-09	8.62316493782797e-09
"hsa-miR-593-5p"	87.6658696969326	2.45502757636631e+26	91.1633767031056	36.7694248936117	3.61246438580013e-09	8.63165166326697e-09
"hsa-miR-33a-3p"	97.7141194763819	2.59944697147598e+29	93.2390446062717	36.6277850714618	3.70943061285425e-09	8.83581763993544e-09
"hsa-miR-374b-3p"	564.444101082951	8.21495713306812e+169	566.276093666797	36.5517789151533	3.76269047102303e-09	8.9349337191166e-09
"hsa-miR-574-3p"	553.942283965541	5.66556648390776e+166	563.034606328017	36.3336855651376	3.9204400943577e-09	9.2807949147295e-09
"hsa-miR-198"	296.934873473928	2.43390528843262e+89	304.084262879154	36.2927739354465	3.95086791645259e-09	9.30982744261346e-09
"hsa-miR-10b-3p"	76.7320565763742	1.25502003376654e+23	77.7240058770827	36.27265319672	3.96593170135423e-09	9.30982744261346e-09
"hcmv-miR-UL70-5p"	80.6114595458097	1.84700179514792e+24	82.173500784124	36.268408337054	3.96911808831108e-09	9.30982744261346e-09
"hsa-miR-25-3p"	187.445784035928	2.67179760102293e+56	187.194644494137	36.1900931881295	4.02843391338483e-09	9.4201488157505e-09
"hsv1-miR-H1-5p"	219.707473704674	1.37575106177472e+66	227.254565376685	36.1699177863945	4.04387864638241e-09	9.42752255858756e-09
"hsa-miR-522-3p"	79.2578420252836	7.2274956874925e+23	77.031213028869	36.1180543340025	4.08389327726118e-09	9.48052575254864e-09
"hsa-miR-26b-3p"	93.5708839935317	1.47110205735081e+28	93.3662564418912	36.1084730316982	4.09133510312073e-09	9.48052575254864e-09
"hsa-miR-339-5p"	277.761921105276	4.1178441528107e+83	273.397736733413	36.0032680332785	4.1740771323196e-09	9.55141791155715e-09
"ebv-miR-BART8-3p"	460.776105982441	5.0983445955958e+138	469.3954190532	35.9992338449052	4.17728787367018e-09	9.55141791155715e-09
"hsa-miR-519d-3p"	5175.28691452164	Inf	5200.09148430936	35.9975631151421	4.17861840638652e-09	9.55141791155715e-09
"hsa-miR-299-5p"	217.560446165137	3.10613384473722e+65	219.495549265598	35.9752727115109	4.19641647643794e-09	9.55141791155715e-09
"hsa-miR-96-3p"	75.8248498996521	6.69197387000833e+22	75.2750119438074	35.9697233699102	4.20086089912145e-09	9.55141791155715e-09
"hsa-miR-760"	100.458738017559	1.74218178932668e+30	101.29052962581	35.9627037068654	4.20649060894212e-09	9.55141791155715e-09
"hsa-miR-125b-1-3p"	248.029317446825	4.61598464586682e+74	248.48323479649	35.9518989523512	4.2151728102699e-09	9.55141791155715e-09
"kshv-miR-K12-10b"	99.4825175250024	8.85567804798371e+29	100.149914102049	35.9439759826373	4.22155237551222e-09	9.55141791155715e-09
"hsa-miR-330-5p"	249.554185635554	1.32829769740401e+75	248.736740335855	35.9163888432304	4.2438518787116e-09	9.57363056168177e-09
"hsa-miR-16-2-3p"	88.7403773973878	5.17029618981893e+26	93.6256563686224	35.8997763251489	4.2573452877152e-09	9.57590567647377e-09
"hsa-miR-654-3p"	276.266443578294	1.46044872021312e+83	271.744144229497	35.7572004271273	4.37519249167718e-09	9.8122007050187e-09
"ebv-miR-BART1-5p"	110.846419570091	2.33398038865965e+33	114.571039798815	35.6460371456747	4.4696688699596e-09	9.99485721066768e-09
"hsa-miR-93-5p"	588.419548975982	1.35498434276558e+177	588.72127089414	35.5360993034836	4.56540681396687e-09	1.01792646113738e-08
"hsa-miR-34a-5p"	1478.2803697636	Inf	1518.61455031566	35.5189219986071	4.58057643817913e-09	1.01834844292272e-08
"hsa-miR-99a-3p"	167.452702313035	2.56027285225004e+50	166.913232817453	35.5020881269268	4.59549875690081e-09	1.01871316374073e-08
"hsa-miR-183-5p"	172.036489842365	6.1396525030867e+51	170.844493453387	35.3802013233584	4.70521983648277e-09	1.03731992135222e-08
"hsa-miR-606"	74.3068973573637	2.3367109262782e+22	74.9386542986115	35.3788158639489	4.70648412816915e-09	1.03731992135222e-08
"hsa-miR-488-5p"	102.149636492362	5.62476820973352e+30	101.983785577034	35.2768931847327	4.80056826627043e-09	1.05502460178493e-08
"hsa-miR-378a-5p"	87.313971450408	1.92364286997214e+26	87.6506967997751	35.2327942512445	4.84194143941114e-09	1.06107688115096e-08
"hsa-miR-204-5p"	407.969600776948	6.47272495429096e+122	414.084862000098	35.1910789168146	4.88145428605962e-09	1.06154980794662e-08
"hsa-miR-217-5p"	100.558502545274	1.86691947094335e+30	100.486745210355	35.179614162661	4.89237827595969e-09	1.06154980794662e-08
"hsa-miR-497-3p"	74.5484989886286	2.76270381435631e+22	74.7955077144997	35.1761466722188	4.89568772143321e-09	1.06154980794662e-08
"hsa-miR-380-3p"	93.5522133072425	1.45218640349328e+28	95.1451316020834	35.1721968331671	4.8994606520613e-09	1.06154980794662e-08
"hsa-miR-148a-3p"	102.841161398429	9.08394236008104e+30	103.350372891878	35.1243537068972	4.94542618765562e-09	1.06849067209348e-08
"hsa-miR-185-3p"	2196.58787249169	Inf	2196.44876724199	35.0754292060568	4.99294173275186e-09	1.07572649129794e-08
"hsa-miR-187-5p"	704.065749499008	8.80865333911557e+211	720.373199655643	34.9790129975304	5.08811879616681e-09	1.09316165732772e-08
"hsa-miR-126-5p"	453.246702361961	2.75964264002863e+136	453.88368566657	34.9293028768509	5.13800021321918e-09	1.10079501774836e-08
"hsa-miR-590-5p"	145.597268001045	6.74753203383769e+43	144.821216436213	34.8647335844544	5.20362973577486e-09	1.11175041987168e-08
"hsa-miR-450b-5p"	75.8846198893089	6.97504150528748e+22	75.2345662557315	34.7556819058657	5.31666256618642e-09	1.13274449674027e-08
"hsa-miR-542-3p"	129.186335044928	7.7439381993792e+38	130.405994178674	34.7213482889935	5.35282926155757e-09	1.13609056476029e-08
"hsa-miR-192-5p"	168.540123071213	5.44042111292123e+50	168.075106452163	34.7126921147186	5.36199197448795e-09	1.13609056476029e-08
"hcmv-miR-US25-1-3p"	122.3599376611	6.82356768127114e+36	125.522653826237	34.6578422621057	5.42047042999647e-09	1.14386395965202e-08
"hsa-miR-302d-5p"	2624.39376909947	Inf	2646.73144534438	34.6503573801901	5.42850692716211e-09	1.14386395965202e-08
"hsa-miR-125b-2-3p"	199.18704277612	9.14691457673189e+59	197.986602231949	34.4368676420905	5.663574247738e-09	1.19012642411371e-08
"hsa-miR-452-5p"	113.318044753784	1.29458485161689e+34	113.985533252843	34.3709299754804	5.73851531467414e-09	1.20257957550685e-08
"hsa-miR-7-1-3p"	125.129732589152	4.65374795889401e+37	124.962009827024	34.3145108906093	5.80353991181599e-09	1.21289240118879e-08
"hsa-miR-150-5p"	243.675579574145	2.25766064547528e+73	255.007302561923	34.2774724762662	5.84668615646744e-09	1.21624640089919e-08
"hsa-miR-631"	107.527134550518	2.33826025380846e+32	101.801149061499	34.2735279340889	5.85130276312646e-09	1.21624640089919e-08
"hsa-let-7d-3p"	237.487227739908	3.09584448752205e+71	236.463049559404	34.0872694734446	6.07412039086544e-09	1.25914874048481e-08
"hsa-miR-22-3p"	7190.98765979178	Inf	6991.54100051875	33.9693198589982	6.22023995279053e-09	1.28596335412138e-08
"hsa-miR-521"	97.5829675720134	2.37356049506045e+29	101.060376900902	33.8990445056127	6.30921002684689e-09	1.30085056198698e-08
"ebv-miR-BART6-3p"	221.847604363746	6.06433773031092e+66	228.663543751084	33.8408471019699	6.38399255366709e-09	1.30863250893318e-08
"hsa-miR-34c-3p"	96.7448966233706	1.32774847428997e+29	98.1456640261516	33.8307067120469	6.39712626026913e-09	1.30863250893318e-08
"hsa-miR-130b-5p"	134.629644835879	3.36946850411808e+40	132.143366735433	33.8299264845691	6.39813808148557e-09	1.30863250893318e-08
"hsa-miR-202-5p"	69.0596686141845	6.15221838906016e+20	70.0449519653059	33.7058020308661	6.56146346520973e-09	1.33846874409996e-08
"hsa-miR-188-5p"	83.5324955522094	1.39890033405559e+25	86.2452456193807	33.5426438376382	6.78345909574621e-09	1.38008305741044e-08
"hsa-miR-122-3p"	105.296596173866	4.98234606581953e+31	105.331515081708	33.4617370296972	6.89672206040536e-09	1.39681495320481e-08
"hsa-miR-548a-3p"	91.8681336796891	4.5192241575048e+27	92.4151223575599	33.4579167331439	6.90212343239405e-09	1.39681495320481e-08
"hsa-miR-603"	105.486798834289	5.68447807423942e+31	105.115150614244	33.264766363401	7.18162777723333e-09	1.44955486977315e-08
"hsa-let-7f-2-3p"	89.3826605884361	8.06978435387145e+26	87.0937741657976	33.0525186472717	7.50381629194048e-09	1.51061078633028e-08
"hsa-miR-744-3p"	119.129894293899	7.27229625679564e+35	120.837806889608	32.9853534274008	7.60919431377334e-09	1.52781466980737e-08
"hsa-miR-589-3p&hsa-miR-589-5p"	189.054039712673	8.14585649655994e+56	189.674769112971	32.9214437469351	7.7110394995838e-09	1.54422122615686e-08
"hsa-miR-409-5p"	238.085683239144	4.6874019152163e+71	247.134636379061	32.8883589509695	7.76437498415734e-09	1.55085302417934e-08
"hsa-miR-98-5p"	1007.65968891383	2.16666508305632e+303	971.921144914173	32.8352735201876	7.85083766855475e-09	1.56404999786532e-08
"hsa-miR-532-5p"	107.590528839072	2.44329794609905e+32	106.893862343181	32.7848054115867	7.93406036276178e-09	1.57653479228971e-08
"hsa-miR-92b-5p"	83.7160054828955	1.58865197689051e+25	86.647945674747	32.7715494298437	7.95608676815678e-09	1.57682649901195e-08
"hsa-miR-373-5p"	102.498109176832	7.16152250567324e+30	101.994530269701	32.7101383405526	8.05904590525934e-09	1.59311551786957e-08
"hsa-miR-105-5p"	188.28649123229	4.78499666301552e+56	188.116409816388	32.6173003879738	8.21760204931736e-09	1.62028297476257e-08
"hsa-miR-221-3p"	1039.71738718799	Inf	1058.88717523397	32.5816200026766	8.27948718311394e-09	1.62829914601241e-08
"hsa-miR-504-5p"	206.38181846793	1.34004048239545e+62	206.832146526894	32.5040743406321	8.4158325793826e-09	1.64883441341143e-08
"hsa-miR-490-5p"	115.189302844088	4.73625782380351e+34	117.176313762219	32.4960654802517	8.43006002784715e-09	1.64883441341143e-08
"hsa-miR-593-5p&hsa-miR-593-3p"	100.962472377407	2.47020287017165e+30	98.0039864611147	32.485767001932	8.44839536467655e-09	1.64883441341143e-08
"hsa-miR-33b-5p"	87.5775863335471	2.30930041842313e+26	88.5174444213976	32.4443142605837	8.52266045704483e-09	1.65910674379528e-08
"hsa-miR-31-3p"	123.862002187763	1.93276023386060e+37	125.060971173428	32.4307273643564	8.54716453714199e-09	1.65966460759187e-08
"hsa-miR-454-5p"	76.0827271250396	8.0017138514266e+22	77.5963800624665	32.3959927019936	8.61017611756377e-09	1.66767805105339e-08
"hsa-miR-491-3p"	2839.19418918323	Inf	2833.6044439494	32.3636187445847	8.66938415254943e-09	1.67224243473222e-08
"hsa-miR-483-5p"	360.699702689917	3.81443252370015e+108	366.27486262645	32.3592842829759	8.67734666262611e-09	1.67224243473222e-08
"hsa-miR-326"	231.408723124373	4.58106990266373e+69	232.082916685896	32.3448996878958	8.703831536869e-09	1.67314255357858e-08
"hsa-miR-541-5p"	83.5112350484191	1.37843637343422e+25	88.7685339742855	32.1861215518228	9.00240297685708e-09	1.72426318981113e-08
"hsa-miR-138-1-3p"	1132.78056418667	Inf	1180.55565270071	32.1796978543332	9.0147267159617e-09	1.72426318981113e-08
"hsa-miR-508-5p"	107.548756498213	2.37356813145489e+32	106.320629023782	32.1452135647776	9.08121502677312e-09	1.7326596829689e-08
"hsa-miR-181a-5p"	2702.09776807809	Inf	2722.75188903384	31.8821448702737	9.60731279772336e-09	1.82848856472799e-08
"hsa-miR-449b-5p"	93.1232895759062	1.07870690130113e+28	92.6198043083472	31.6541764889112	1.00915615302569e-08	1.91589794398689e-08
"hsa-miR-802"	86.2628271050437	9.28321629384051e+25	82.9177690343115	31.6156671723259	1.01760910106631e-08	1.92717575436508e-08
"hsa-miR-517a-3p"	82.0341051737949	4.95138076009424e+24	82.2116431766749	31.5488662886864	1.03246505033309e-08	1.95049431922533e-08
"hsa-miR-215-5p"	158.777919761941	6.2649339615769e+47	158.14912304872	31.2482472427967	1.10246642847937e-08	2.07762100895253e-08
"hsa-miR-375-3p"	94.4525584727031	2.71052406521599e+28	89.4807626770281	31.2345018324671	1.10579470214114e-08	2.07878562878003e-08
"hsa-miR-129-5p"	1667.17384530052	Inf	1625.66199995747	31.2008924608583	1.11398131024343e-08	2.08905541554208e-08
"hsa-miR-936"	133.918753035547	2.05855106935004e+40	136.732816638711	31.1207968945848	1.13377215355356e-08	2.12098351652581e-08
"hsa-miR-323b-5p"	94.9583308444766	3.84862788663282e+28	94.4358774929782	31.0861947649047	1.14244622166561e-08	2.12818253133354e-08
"hsa-miR-148a-5p"	70.9795169722397	2.32789660201256e+21	70.6854090234908	31.0833220707648	1.14316975607486e-08	2.12818253133354e-08
"hsa-miR-875-3p"	101.507073780104	3.60308062156442e+30	101.310750022618	30.9871988702465	1.16768492226383e-08	2.16855771277569e-08
"hsa-miR-181a-2-3p"	173.87936625899	2.20244398111758e+52	176.128380927321	30.9248706470347	1.18390246695633e-08	2.19336519844325e-08
"hsa-miR-200b-3p"	104.566480455579	3.00363501257515e+31	103.806644793104	30.8753664751612	1.19696701249948e-08	2.21222577972796e-08
"hsa-miR-197-3p"	576.294054893198	3.03247232211167e+173	562.365485628656	30.7753439104196	1.22387033500401e-08	2.25434315748153e-08
"hcmv-miR-UL148D"	358.963056964771	1.14458350180865e+108	377.216914295947	30.7609870891641	1.22778842082528e-08	2.25434315748153e-08
"hsa-miR-210-3p"	110.398239680374	1.71073055500521e+33	108.192850895933	30.7581187428462	1.22857293328198e-08	2.25434315748153e-08
"ebv-miR-BART10-5p"	96.5517499647573	1.16137607008409e+29	94.5228366217005	30.7309100906054	1.23604327895336e-08	2.26263769679529e-08
"hsa-miR-575"	114.279832822309	2.5214919093097e+34	111.439167990466	30.7102224263121	1.2417580248369e-08	2.26768667869023e-08
"hsa-miR-612"	99.1788619649939	7.17484275231721e+29	99.1374649438502	30.6834196944413	1.24920700219621e-08	2.27587118927434e-08
"hsa-miR-200c-5p"	107.601618344184	2.46215111083991e+32	107.647925479067	30.6616704412271	1.25528911210618e-08	2.28153258053422e-08
"hsa-miR-19b-1-5p"	75.2647527892956	4.53887482562985e+22	74.6433711019486	30.6052884059813	1.27121456423851e-08	2.30501553373744e-08
"hsa-miR-874-3p"	308.167855502518	5.85825410749334e+92	308.316890446382	30.5523041676202	1.28639128434779e-08	2.32703329031782e-08
"hsa-miR-662"	117.653382848916	2.61334850268031e+35	115.47319889838	30.5146966689846	1.29728933385032e-08	2.34122569191341e-08
"hsa-miR-450a-5p"	96.2271131638728	9.27358076122983e+28	93.6387355839906	30.4952951917536	1.30295285185216e-08	2.34342850632873e-08
"hsa-miR-149-3p"	1577.81541267264	Inf	1482.55453683427	30.4896005059727	1.30462056349722e-08	2.34342850632873e-08
"hsa-miR-324-5p"	286.628608466586	1.92224510598985e+86	285.431333670919	30.411208446762	1.32782799318084e-08	2.37954222142454e-08
"hsa-let-7i-3p"	109.357805265838	8.31724787976102e+32	108.429278181232	30.3866532593884	1.33519427247716e-08	2.38716551745916e-08
"hsa-miR-616-5p"	95.3966118740308	5.21484805364435e+28	92.2069092797688	30.3623541647658	1.34252978720449e-08	2.39469848089731e-08
"hsa-miR-148b-5p"	90.609036739306	1.8881562772469e+27	92.5160387577044	30.2362922284837	1.38133395604625e-08	2.45819755055099e-08
"hsa-miR-503-5p"	5444.19015856072	Inf	5273.71800582948	30.2081634218376	1.39016667562993e-08	2.46444014102256e-08
"hsa-miR-572"	74.5378362850269	2.74236042941385e+22	76.3933648739143	30.204670366603	1.39126803267636e-08	2.46444014102256e-08
"hsa-miR-132-3p"	1058.39026310977	Inf	1044.93369654345	30.1332291645794	1.41401385346423e-08	2.49895996683655e-08
"hsa-miR-425-3p"	133.608073908461	1.65973177822894e+40	133.444631703039	30.0799117404404	1.43126673390521e-08	2.5236358273685e-08
"hsa-miR-892a"	76.1823668005305	8.57388289819212e+22	79.821078321116	30.0432550760688	1.44326811811252e-08	2.5389601986062e-08
"hsa-miR-769-3p"	116.079691947544	8.77948747598193e+34	113.361850546961	29.9988317839977	1.45796690479468e-08	2.5589487779806e-08
"hsa-miR-370-3p"	101.835313522514	4.52359784103268e+30	102.474945500451	29.9854701930297	1.46242144062375e-08	2.56090695195986e-08
"hsa-miR-339-3p"	152.831584968549	1.01599450810278e+46	156.936662004351	29.9550525411741	1.47262038152667e-08	2.57204390143798e-08
"hsa-miR-941"	75.2125388193959	4.37754112406033e+22	74.7009096210339	29.946543375059	1.47548802690054e-08	2.57204390143798e-08
"hcmv-miR-UL36-5p"	102.942408241143	9.74434622616311e+30	102.478329156527	29.9272974200691	1.48199763890165e-08	2.57753330847521e-08
"hsa-miR-153-3p"	1152.95857713079	Inf	1094.64437366171	29.7715318750987	1.53590891956815e-08	2.66525371336826e-08
"hsa-miR-516b-5p"	305.521020660077	9.35387419485384e+91	311.786277797427	29.6889060123811	1.56541502995916e-08	2.70459689760551e-08
"hsa-miR-371a-5p"	9581.15278424252	Inf	9516.53748238756	29.6883004315078	1.56563366693201e-08	2.70459689760551e-08
"hsa-miR-524-3p"	73.7061156457061	1.540819170623e+22	74.250883868503	29.6194541560569	1.59071900299981e-08	2.74175612427158e-08
"hsa-miR-485-3p"	934.347840591294	1.84810397802494e+281	914.769863470554	29.5593124177187	1.61300952416126e-08	2.77394238796342e-08
"hsa-miR-25-5p"	392.929422837477	1.92106674008033e+118	375.005071413504	29.5059938853299	1.63307037052297e-08	2.80215877895104e-08
"hcmv-miR-UL112-3p"	97.7372357357829	2.64143330701131e+29	93.6750482253287	29.4918238892828	1.63844967098346e-08	2.80285720746111e-08
"hsa-miR-27a-3p"	1441.06110796668	Inf	1449.97002753345	29.4778187362871	1.64378632091962e-08	2.80285720746111e-08
"hsa-miR-520d-5p"	4320.98467969196	Inf	4385.63118874974	29.4761059415398	1.6444403433605e-08	2.80285720746111e-08
"hsa-miR-512-3p"	92.854342599703	8.95245919461325e+27	96.5071226337813	29.4457412191778	1.65608453146836e-08	2.81644531183199e-08
"hsa-miR-499a-3p"	78.6775498028892	4.83395358460421e+23	78.9818200723824	29.425797682909	1.66378375067079e-08	2.82327906363826e-08
"hsa-miR-33b-3p"	70.5178739561343	1.69042260347229e+21	70.1992464297624	29.2053553459061	1.75167103210422e-08	2.96585360181885e-08
"hsa-miR-154-5p"	766.726168816207	6.42059496993291e+230	789.129997590177	29.1518799922464	1.77378387203188e-08	2.99667892037105e-08
"hsa-miR-328-3p"	108.60330316176	4.93005631180033e+32	114.157002173085	29.0539890753988	1.81509581241509e-08	3.05422857693107e-08
"hsa-miR-190a-5p"	428.714123460396	1.13713159467325e+129	418.730921019146	29.052313271985	1.81581255681951e-08	3.05422857693107e-08
"hsa-miR-195-5p"	2805.90568661492	Inf	2848.21028424756	29.0312413873702	1.82485273150815e-08	3.06271782290318e-08
"hsa-miR-548b-3p"	96.6440635557548	1.2381179875641e+29	95.6704769259252	29.0176108396162	1.8307278778128e-08	3.06586961197034e-08
"hsa-miR-625-5p"	736.480149007502	5.04215349326201e+221	744.148168292204	28.9957733236995	1.84018561919947e-08	3.07499426999127e-08
"hsa-miR-296-5p"	124.806389691669	3.71934913722703e+37	124.334779409853	28.9350310951282	1.86678819176728e-08	3.11266639801196e-08
"hsa-miR-641"	86.9704132813539	1.5160137244682e+26	86.9074773196829	28.7057464274926	1.97124764046824e-08	3.2797113671131e-08
"hsa-miR-605-5p"	162.173412117919	6.59267317645203e+48	163.845738642959	28.6714283840112	1.98745091523181e-08	3.29951266662944e-08
"hsa-miR-604"	78.4031142848367	3.99658591251193e+23	80.4678509145198	28.5913162992937	2.02587235163038e-08	3.35603475961232e-08
"hsa-miR-940"	103.834672435491	1.80863525879554e+31	102.622979081273	28.5421142022332	2.04989048822966e-08	3.38608737843029e-08
"ebv-miR-BART17-3p"	94.0707706570919	2.08028904963955e+28	91.6214755056695	28.5361112806205	2.05284306515004e-08	3.38608737843029e-08
"hsa-miR-384"	70.8132943386623	2.07455850865304e+21	70.8110034753774	28.5030477758408	2.06919302435126e-08	3.40573186626055e-08
"hsa-miR-34a-3p"	128.245922993759	4.03524253474163e+38	127.765127027425	28.4534191258324	2.09401488954124e-08	3.43920646740499e-08
"hsa-miR-374a-3p"	99.4657924990204	8.75360780560422e+29	97.0211512370881	28.3239252763099	2.16040156955758e-08	3.53784783574795e-08
"hsa-miR-591"	69.1362819616184	6.48775825772563e+20	70.5823515313744	28.3183768282797	2.16329939369724e-08	3.53784783574795e-08
"hsa-miR-586"	95.3873046572885	5.18131394052877e+28	97.909833431575	28.2720266822501	2.18768147789882e-08	3.57010998627318e-08
"hsa-miR-18b-3p"	100.178813526716	1.43492037240998e+30	101.617876857855	28.2222163501763	2.21423489730054e-08	3.60577105356584e-08
"hsa-miR-492"	101.907851122425	4.75685574692285e+30	99.8817028583841	28.0861621809843	2.28866334928456e-08	3.71907794258742e-08
"hsa-miR-455-3p"	108.422868455288	4.35046441815174e+32	110.307498015694	27.9889731533599	2.34358427063137e-08	3.80027301389907e-08
"hsa-miR-935"	107.224674544107	1.89602174167609e+32	108.084271008145	27.9527554108893	2.36443513383237e-08	3.82599524820555e-08
"hsa-miR-372-3p"	96.2022100990252	9.1148786055146e+28	95.2320113593563	27.9333884695648	2.37567188145157e-08	3.83608491173338e-08
"hsa-miR-96-5p"	98.5917064534088	4.77596313828881e+29	102.897901710966	27.800908765883	2.45419590907088e-08	3.95455517280959e-08
"hsa-miR-301b-3p"	103.859771985397	1.84037663288779e+31	104.606993664273	27.7465598640874	2.4872656444046e-08	3.99915453347216e-08
"hiv1-miR-H1"	106.132994618061	8.89641245987363e+31	109.52105852756	27.7365009285455	2.49344196262755e-08	3.99915453347216e-08
"hsa-miR-377-5p"	150.978446028066	2.81216600005795e+45	151.896806405684	27.7298808900409	2.49751632533659e-08	3.99915453347216e-08
"hsa-miR-595"	107.008184508197	1.63182400864258e+32	103.664453451547	27.7161334337548	2.50600167459145e-08	4.00438184252425e-08
"hsa-miR-934"	701.456811140854	1.44391230080192e+211	704.33710852504	27.6891522688192	2.52275132867056e-08	4.02276563220441e-08
"hsa-miR-567"	87.2736621333102	1.87063964214108e+26	85.3692054683296	27.5859618160836	2.58800323736536e-08	4.11825411423077e-08
"hsa-miR-488-5p&hsa-miR-488-3p"	1113.87067389182	Inf	1153.10383261756	27.5511664133402	2.61043960401092e-08	4.1453564726219e-08
"hsa-miR-652-3p"	161.730465632114	4.84977251551881e+48	159.074651265072	27.5342723009671	2.62141325473702e-08	4.15418174872582e-08
"hsa-miR-218-1-3p"	82.9103963377566	9.0890030687184e+24	83.2354762159175	27.4563333379009	2.67272702643687e-08	4.22676624593211e-08
"hsa-miR-615-5p"	87.4604924724454	2.12927458185542e+26	92.3282153208862	27.4153286901577	2.70018456150621e-08	4.25744609630057e-08
"hsa-miR-937-3p"	269.553785501723	1.39243483871122e+81	265.999835034795	27.4108123288305	2.70322848617781e-08	4.25744609630057e-08
"hsa-miR-122-5p"	111.608920937243	3.95943288512834e+33	107.939325875396	27.311246479634	2.77134108423372e-08	4.35416058429494e-08
"hsa-miR-7-5p"	4071.3242507858	Inf	4106.85493752659	27.3045526901827	2.77599025517631e-08	4.35416058429494e-08
"hsa-miR-496"	83.7627172309976	1.6409313218897e+25	81.2861987354775	27.2676276459472	2.80179744839232e-08	4.38567069983042e-08
"hsa-let-7i"	2824.44660657727	Inf	2812.04243540163	27.1546444839784	2.88248315463592e-08	4.5027791845331e-08
"hsa-miR-589-3p"	77.0524053607527	1.56705865223218e+23	77.6302623735935	27.0370474773572	2.96929977208879e-08	4.62896936014655e-08
"hsa-miR-19b-3p"	677.294264260786	7.68934653524055e+203	691.656732957981	26.9504086974245	3.0351766002772e-08	4.72206988318988e-08
"ebv-miR-BART10-3p"	103.742241147203	1.69639273046631e+31	108.03960985592	26.8631366367783	3.1032306013575e-08	4.81817382842348e-08
"hsa-miR-139-3p"	121.03285885075	2.71969983576809e+36	122.17704741916	26.7443689580834	3.19866727529216e-08	4.95631878817997e-08
"hsa-miR-30e-5p"	1389.55703720695	Inf	1407.8568867728	26.6359299608301	3.28874579885422e-08	5.08562102363143e-08
"hsa-miR-10b-5p"	91.9263021611458	4.70515940068146e+27	92.096482970922	26.5818410242848	3.33475903164611e-08	5.1463987470273e-08
"hsa-miR-634"	2256.03525527953	Inf	2297.0507803848	26.481022371503	3.42250464488556e-08	5.27120695306671e-08
"hsa-miR-519a-3p"	105.866547397539	7.3961601094497e+31	106.679014485843	26.3304783089182	3.55848970587084e-08	5.46966253387361e-08
"hsa-miR-556-3p"	72.0691223380084	4.95413212532923e+21	69.8924387774778	26.3143447658111	3.57342618927964e-08	5.48163577435496e-08
"hsa-miR-501-5p"	99.8183619804232	1.11768925069667e+30	97.1408060920858	26.2950717655788	3.59136327826803e-08	5.49815495894526e-08
"hsa-miR-548b-5p"	101.073163638995	2.66719035490971e+30	99.587173486796	26.1666037918021	3.71359184205128e-08	5.67395406942894e-08
"hsa-miR-628-3p"	4293.99101600299	Inf	4407.79191280235	26.0843382509217	3.79435999654818e-08	5.78583323529315e-08
"hsa-miR-432-5p"	408.76245324546	1.12139735673126e+123	416.713336130533	26.0109624425688	3.86809905609021e-08	5.88657138099443e-08
"hsa-miR-187-3p"	99.1263187708848	6.91823499449673e+29	93.0516958614868	25.5337294055633	4.38971376316928e-08	6.66714941851651e-08
"kshv-miR-K12-6-3p"	999.314419705116	6.66216570941121e+300	1024.0856774338	25.492577301894	4.43834136388539e-08	6.7276834507907e-08
"ebv-miR-BART9-3p"	99.5553782243172	9.31440409085198e+29	98.9695488436524	25.4824936164488	4.45035059302306e-08	6.73258166636822e-08
"hsa-miR-507"	91.4952282371329	3.48986124106969e+27	91.1665864585053	25.3224258373886	4.64605069904317e-08	7.01480489402777e-08
"hsa-miR-371a-3p"	83.9662143843601	1.88950981437673e+25	89.5056430767784	25.166524841476	4.84617290890929e-08	7.30258275271792e-08
"hsa-miR-202-3p"	168.354387263303	4.78322122869709e+50	163.690776495935	25.1330712251659	4.89038978412506e-08	7.35476267534102e-08
"hsa-miR-193b-5p"	282.491954327551	1.09282793088493e+85	283.224189687917	25.0746597319286	4.9687052147439e-08	7.45791956890132e-08
"hsa-miR-655-3p"	89.5993958502833	9.37790317251634e+26	85.4679127893788	25.0625755054058	4.98508568628104e-08	7.46789203394054e-08
"hsa-miR-323a-5p"	94.8680283668221	3.61511542264591e+28	94.0787961203993	24.9984270372192	5.07308145647822e-08	7.58489956553371e-08
"hsa-miR-526b-3p"	111.49919076881	3.66944948714737e+33	116.473061805475	24.9364635782909	5.15977044093175e-08	7.69950180582617e-08
"hsa-miR-20a-3p"	96.3709119636603	1.02455484303244e+29	96.8067628434281	24.8963246633916	5.2168301859781e-08	7.76953155853437e-08
"hsa-miR-632"	92.5888749575707	7.44781065371589e+27	93.2932703115355	24.6439984084343	5.59250286388561e-08	8.31288700891524e-08
"hsa-miR-373-3p"	89.3540513423174	7.91133342127461e+26	90.2095758606769	24.6018971097482	5.65815147842978e-08	8.3942015163552e-08
"hsa-miR-638"	473.745912805815	4.09006375516745e+142	476.656917340052	24.5895440844236	5.67758048086214e-08	8.40676492050437e-08
"hsa-miR-549a-3p"	1050.44272958854	Inf	1042.70549862077	24.5554786139677	5.73155562391912e-08	8.47033364845079e-08
"hsa-miR-224-5p"	91.2744487988676	2.9946558933455e+27	88.7799606505149	24.5313662282695	5.77011530734326e-08	8.51092007833131e-08
"hsa-miR-1180-3p"	89.6649190265804	9.81364143142305e+26	87.7799934550961	24.5215295060484	5.78593098414736e-08	8.51786768683498e-08
"hsa-miR-525-3p"	94.9556892134304	3.84158734616528e+28	88.345427201618	24.4732566192208	5.86426726846735e-08	8.61665324696257e-08
"hsa-miR-99a-5p"	1125.89022489112	Inf	1155.33089987677	24.3670105560901	6.04099201168228e-08	8.85935157353788e-08
"hsa-miR-767-3p"	107.77288268225	2.77249266942928e+32	100.572899750405	24.3466956176851	6.07547231944309e-08	8.87886407647701e-08
"hsa-miR-766-3p"	461.872203159322	1.08990166080038e+139	478.399848241901	24.3455348080959	6.07744933526783e-08	8.87886407647701e-08
"hsa-miR-484"	118.854100708932	6.00688643107668e+35	121.232347346999	24.3023658807748	6.15149694599899e-08	8.96995847448901e-08
"hsa-miR-642a-5p"	4317.3370456103	Inf	4290.48984459626	24.2540914444506	6.2355268755509e-08	9.0591618839796e-08
"hsa-miR-449a"	98.3358377979386	3.99978664446625e+29	99.7188703009385	24.2536541887325	6.23629396967565e-08	9.0591618839796e-08
"hsa-miR-200a-5p"	101.117862344891	2.7511208178962e+30	100.933591234862	24.1384194098092	6.44226919166068e-08	9.34068141777645e-08
"hsa-miR-29b-2-5p"	147.120733285582	1.93978547502127e+44	143.14762194776	23.9926324010111	6.7140965378644e-08	9.71643781989055e-08
"ebv-miR-BART20-5p"	107.738241607344	2.7067142159141e+32	106.838558854538	23.918770498802	6.85680750393797e-08	9.90427750568818e-08
"hsa-miR-155-3p"	86.8541109548812	1.39859716683607e+26	88.6376298831473	23.906103497248	6.8816287122508e-08	9.92144590657211e-08
"hsa-miR-548a-5p"	91.7797642586966	4.25071548225322e+27	90.3210437634947	23.6741033682655	7.35492009140897e-08	1.05839093998324e-07
"hsa-miR-508-3p"	90.7457233330329	2.07579614685442e+27	87.7636030049128	23.5974202220875	7.51946331447179e-08	1.0800427644569e-07
"hsa-miR-30b-5p"	4545.59292222972	Inf	4458.18079101673	23.5731599952005	7.57239339012202e-08	1.0856122860231e-07
"hsa-miR-616-5p&hsa-miR-616-3p"	85.5571105483965	5.69189155931331e+25	88.2925084245471	23.3726013560494	8.02666515243916e-08	1.14859182311956e-07
"hsa-miR-541-3p"	85.3182976704045	4.8235499231717e+25	85.0765105979886	23.334766910079	8.11581320255128e-08	1.15712569220923e-07
"hsa-miR-138-2-3p"	145.528708159771	6.43437526701782e+43	144.717245869974	23.3344878782542	8.11647486842979e-08	1.15712569220923e-07
"kshv-miR-K12-8-3p"	307.602423215301	3.95873222830212e+92	306.744425024468	23.2516907481986	8.31556409893313e-08	1.183309399607e-07
"hsa-miR-196a-5p"	94.0578371521803	2.06172297276986e+28	94.0305745022695	23.2362038144051	8.35341990042254e-08	1.18646263524156e-07
"kshv-miR-K12-12-5p&kshv-miR-K12-12-3p"	94.4099002461524	2.63155142769984e+28	92.3603495153634	23.2299913427205	8.36866083006109e-08	1.18646263524156e-07
"kshv-miR-K12-9-5p"	90.6735626361782	1.97452286485955e+27	88.0905177107749	23.2028364247359	8.4356537455442e-08	1.1937539525521e-07
"hsa-miR-380-5p"	76.8307916080275	1.34391829041398e+23	78.2152616040673	23.1306572501958	8.61672602036064e-08	1.2171323863014e-07
"hsa-miR-429"	76.7450435091193	1.26636854535582e+23	76.5503333477937	23.1160865598129	8.65381560963925e-08	1.220124369962e-07
"hsa-miR-561-3p"	90.6590648130326	1.95478000269722e+27	91.4814683183194	23.0807937293	8.74441226676666e-08	1.23063563460734e-07
"hcmv-miR-US4-5p"	72.4205917484658	6.32077629470917e+21	74.3784044614173	22.9535689576166	9.08011877174774e-08	1.27554049412647e-07
"hsa-let-7f-5p"	422.292258283065	1.32628445643459e+127	404.287551901158	22.7789495552332	9.56515828025312e-08	1.3412205486205e-07
"hsa-miR-363-5p"	121.227200244102	3.11188517639308e+36	116.88832464226	22.7377639734078	9.68383518509453e-08	1.35538350127144e-07
"hsa-miR-643"	99.3075089314216	7.84402525054385e+29	96.1567423065355	22.6783208263163	9.85810223069745e-08	1.37726127703915e-07
"hsa-miR-545-3p"	91.8334020191918	4.41172681124269e+27	94.1374367166684	22.6125403821544	1.00551416150955e-07	1.39993035745011e-07
"hsa-let-7g-3p"	95.6750687101992	6.32507266142752e+28	92.3823675666006	22.6001680127992	1.00927029891725e-07	1.39993035745011e-07
"hsa-miR-517b-3p"	91.2346027730178	2.91307775718551e+27	90.0888613933496	22.6001493450372	1.00927597838571e-07	1.39993035745011e-07
"hsa-miR-663a"	93.9029273139194	1.85181587203768e+28	98.3113340961948	22.5941763918945	1.0110950636856e-07	1.39993035745011e-07
"hsa-miR-1307-3p"	105.888001203826	7.50696763103785e+31	104.577549254052	22.5939561399948	1.01116221385575e-07	1.39993035745011e-07
"hsa-miR-609"	83.2527135452542	1.15229584938682e+25	85.811954148374	22.5833056436126	1.01441541894674e-07	1.40190383122909e-07
"ebv-miR-BART11-3p"	91.4914581383367	3.48075332502235e+27	90.6608902772001	22.5675860084727	1.01923888733261e-07	1.4060363787484e-07
"hsa-miR-338-3p"	2080.74740448166	Inf	1996.9757392001	22.5201957806018	1.03393972094052e-07	1.42375541465239e-07
"hsa-miR-205-5p"	83.6759801709296	1.54518309469068e+25	79.6146988986624	22.3617711153649	1.08487360968808e-07	1.49121515883648e-07
"hsa-miR-28-3p"	97.5389042931924	2.30216229351083e+29	98.2588709150962	22.2860316472403	1.11023362312319e-07	1.52334380847135e-07
"hsa-miR-27a-5p"	110.206856615783	1.49819922883045e+33	107.486053751053	22.2758970297243	1.11367815999886e-07	1.52484543809389e-07
"hsa-miR-668-3p"	259.258877204081	1.10840552162279e+78	270.291656266858	22.2711254082651	1.11530416006606e-07	1.52484543809389e-07
"hsa-miR-660-5p"	140.732386685701	2.3156331265001e+42	138.257904458439	22.2493735161169	1.12275090767241e-07	1.53229527790879e-07
"hsa-miR-543"	99.4845280380724	8.86802775994575e+29	98.9112078427858	22.2347868149731	1.12777649781983e-07	1.53642020218084e-07
"hsa-miR-501-3p"	85.4773996732572	5.38593680036432e+25	85.9551444368485	22.2080792888758	1.13704490552173e-07	1.5463004300269e-07
"ebv-miR-BART1-3p"	103.47141300735	1.40604431556098e+31	104.760991248435	22.1822802415784	1.14608081771699e-07	1.55388344963678e-07
"hsa-miR-144-3p"	622.427498311049	2.34070734387267e+187	589.758178832821	22.1805981743008	1.14667279334344e-07	1.55388344963678e-07
"hsa-miR-518e-3p"	102.784637130094	8.73491874910453e+30	99.9883727496891	22.1685169739368	1.15093485775702e-07	1.55690835255668e-07
"hsa-miR-193a-5p"	4279.26239607807	Inf	4409.65490863526	22.1091262959495	1.17215213864961e-07	1.58242315621801e-07
"hsa-miR-548c-5p"	103.911918260345	1.90811393559923e+31	105.667699054596	22.1042256124618	1.17392278473018e-07	1.58242315621801e-07
"hsa-miR-199b-5p"	94.3067103005977	2.44990132665169e+28	96.6585536680969	22.0877248469154	1.17990713006968e-07	1.58769959432183e-07
"hsa-miR-191-3p"	96.859276969666	1.43730099489428e+29	90.9952101811279	22.0532470043519	1.19252415593131e-07	1.60186694851018e-07
"kshv-miR-K12-3-3p"	92.7806835650962	8.50684992710717e+27	92.7261883517848	21.9090849429914	1.24697769868011e-07	1.67208373232105e-07
"hsa-miR-505-5p"	393.864978810927	3.67428520166755e+118	403.395786312722	21.849433581668	1.27033689308279e-07	1.7004335026082e-07
"hsa-miR-29b-3p"	5978.16449858263	Inf	6026.80909376237	21.8309191932873	1.27768847919987e-07	1.70729453579495e-07
"hsa-miR-424-3p"	85.9927640918826	7.69841646638495e+25	87.9142922528276	21.5673043876604	1.38782202373432e-07	1.85123389948561e-07
"hsa-miR-216a-5p"	90.749936189379	2.08186659935555e+27	93.2161958545071	21.5317228305415	1.40350287648743e-07	1.86890053171156e-07
"hsa-miR-620"	5343.06816606899	Inf	5487.36345463893	21.4557426291857	1.43767034524151e-07	1.91107999098828e-07
"hcmv-miR-US5-2-3p"	89.3568973278152	7.92695540805067e+26	90.1783528177921	21.3818459362669	1.47181589265965e-07	1.95308441119369e-07
"hsa-miR-143-5p"	102.363604621341	6.52402257735375e+30	100.891411033155	21.3390833479465	1.49199834059488e-07	1.97644685187613e-07
"hsa-miR-585-3p"	146.972695205079	1.75061159363615e+44	145.89051854396	21.3025918403639	1.50947150434065e-07	1.99614593763668e-07
"hsa-miR-571"	91.1134590474839	2.67845393729253e+27	93.9715053734653	21.2754222111798	1.52263306590598e-07	2.01008530387244e-07
"hsa-miR-661"	94.9474041983004	3.81958935330102e+28	92.9453781046939	21.2472260323297	1.53643081320163e-07	2.02481517822277e-07
"hsa-miR-9-5p"	8047.82694888212	Inf	8131.1057723406	21.2188759685919	1.55044814897543e-07	2.03978341383218e-07
"hsa-miR-518d-3p"	89.8653945258888	1.12766298321408e+27	92.4754483595024	21.192313413749	1.56371446187669e-07	2.05371402784148e-07
"hsa-miR-618"	86.2593948465758	9.26115721303139e+25	88.3837170368128	21.1828357505401	1.56847932649601e-07	2.05645067251699e-07
"hsa-miR-493-5p&hsa-miR-493-3p"	130.9383715765	2.6084194380173e+39	129.274654541725	21.1735961098546	1.57314050916421e-07	2.05695102109554e-07
"sv40-miR-S1-3p"	87.466974239695	2.13886254887223e+26	87.4072965099129	21.1714517018917	1.57422457546686e-07	2.05695102109554e-07
"hsa-miR-671-3p"	103.760622901373	1.71814519578046e+31	104.052430639756	21.1383793917954	1.59105229160364e-07	2.07540324431972e-07
"hsa-miR-335-3p"	102.067485629896	5.31342746884451e+30	100.223656002802	21.1037836075573	1.60887560058617e-07	2.09508927954091e-07
"hsa-miR-517-5p"	102.377290427835	6.58620574751439e+30	104.790861374834	21.094767443951	1.61355803087916e-07	2.09762544014291e-07
"hsa-miR-223-5p"	90.2490041241504	1.47115123325077e+27	89.186154815336	21.0341651437632	1.64543836990175e-07	2.13545047329043e-07
"hsa-miR-596"	87.0536458477335	1.60604841111143e+26	93.497934206178	21.0200165278929	1.65298465817734e-07	2.14162032571287e-07
"hsa-miR-15b-3p"	94.7217885130697	3.26662728589144e+28	92.4232449238034	20.935867200748	1.69869230104171e-07	2.19645500097954e-07
"hsa-miR-196b-5p"	93.4005387834696	1.30726545521452e+28	91.0999791225686	20.9316231359971	1.70103555486551e-07	2.19645500097954e-07
"hsa-miR-146a-3p"	88.0285050248483	3.15660678686359e+26	92.9018798010353	20.8179228338237	1.76520922805766e-07	2.27548819818525e-07
"hsa-miR-544a"	105.619309986902	6.23132535224689e+31	109.620251180417	20.7996393585569	1.77578481261489e-07	2.28528011958997e-07
"hsa-miR-29b-1-5p"	143.328311277659	1.39997706981546e+43	139.006990377082	20.7499236916456	1.80490963326378e-07	2.3172705582729e-07
"hsa-miR-578"	91.4254673436865	3.32512547358517e+27	93.5487567147565	20.7469219857251	1.80668552000938e-07	2.3172705582729e-07
"hcmv-miR-UL22A-3p"	88.6692416776358	4.92154474308235e+26	87.7928965524634	20.6962934131488	1.83694168363941e-07	2.35214402562843e-07
"hsa-miR-30d-5p"	1610.79559935459	Inf	1673.09828712133	20.6149739521617	1.88675941353784e-07	2.41190745030587e-07
"hsa-miR-383-5p"	232.899471933871	1.28744008336366e+70	238.872284952843	20.6023963221757	1.89460177218093e-07	2.41790276083657e-07
"ebv-miR-BHRF1-2-5p"	80.6359064118814	1.8785664313257e+24	78.0079368181304	20.5340571613238	1.93786908972525e-07	2.46901261099546e-07
"hsa-miR-597-5p"	104.469686578427	2.80872550355206e+31	102.670513171424	20.5290168460459	1.94110470817797e-07	2.46903368353649e-07
"hsa-miR-16-1-3p"	97.4406793956635	2.15063790497753e+29	100.229616057277	20.5181260895252	1.94811711120626e-07	2.4738507024755e-07
"hcmv-miR-UL70-3p"	92.5317125776127	7.15848362779898e+27	93.233583014853	20.3262706239265	2.07652517953132e-07	2.63255340942236e-07
"hsa-miR-519c-3p"	77.4677716114415	2.0898877112722e+23	76.5169423976607	20.285660249781	2.1049305353067e-07	2.66416125508291e-07
"hsa-miR-105-3p"	96.0530330411737	8.21947577651283e+28	91.1015506990388	20.2591951440194	2.12368081801082e-07	2.68346488865617e-07
"hsa-miR-633"	80.5665163993051	1.79035058435705e+24	77.6107587041643	20.2269044921747	2.14681753729379e-07	2.70823857089529e-07
"hsa-miR-134-5p"	116.946155470467	1.60066583072931e+35	117.533338520098	20.1179780050271	2.22701701365265e-07	2.80479811079078e-07
"hsa-miR-17-3p"	127.025489855888	1.73173988861881e+38	122.329490533729	19.952787290613	2.35526557445679e-07	2.96145687804649e-07
"kshv-miR-K12-6-5p"	139.434506968154	9.41822427505535e+41	138.337845823184	19.9049074049866	2.39400134362863e-07	3.00523572923594e-07
"hsa-miR-648"	98.3372866179413	4.00380542979077e+29	101.03184281198	19.878235418116	2.41589501179361e-07	3.02382562789411e-07
"hsa-miR-509-3p"	91.5181961262655	3.54586488707302e+27	93.8454591829139	19.8772659972944	2.41669505853858e-07	3.02382562789411e-07
"ebv-miR-BART19-5p"	100.524755400443	1.82375578424978e+30	100.733483917727	19.7335767623983	2.53869913390274e-07	3.17130657280684e-07
"ebv-miR-BART20-3p"	109.000600019834	6.4930709932566e+32	106.7541941362	19.6428544771232	2.61935225933981e-07	3.2667368827864e-07
"hsa-miR-626"	77.9896594230913	3.00072943190891e+23	83.7823840437198	19.6330307693392	2.62826002725909e-07	3.27252506640864e-07
"hsa-miR-599"	85.1694465672947	4.35068991258926e+25	83.7756869228004	19.5749454589729	2.6816425098247e-07	3.33358153166215e-07
"hsa-miR-520a-3p"	84.1842785645034	2.19782450467644e+25	82.1981076895012	19.3839060512126	2.86615600410509e-07	3.5571871442534e-07
"hcmv-miR-UL22A-5p"	84.6553898849241	3.04657342878716e+25	84.5390929371584	19.333525429165	2.91720508757434e-07	3.61469515697822e-07
"hsa-miR-494-3p"	2073.55709043231	Inf	2212.38946769462	19.11706137691	3.14869727812026e-07	3.89524324567458e-07
"hsa-miR-770-5p"	111.143625720477	2.86790769151454e+33	110.6378299607	18.9603287903983	3.32943872537052e-07	4.11220531780867e-07
"hsa-miR-892b"	87.9120437460349	2.91180406290835e+26	92.793033046284	18.856963045232	3.4551245493128e-07	4.26057962913652e-07
"ebv-miR-BART14-3p"	88.1063396654341	3.33158614599771e+26	90.0052651841761	18.7642440543276	3.57249407728807e-07	4.39823909675755e-07
"hsa-miR-515-3p"	84.7680987284537	3.29412740927236e+25	86.2338688316323	18.5531819363545	3.85706050066403e-07	4.74097019873286e-07
"ebv-miR-BART13-5p"	72.5432365718282	6.88161212906134e+21	74.9023676869253	18.5152475495188	3.91090722353052e-07	4.79946534471665e-07
"hsa-miR-302b-5p"	97.0153181944942	1.60147740418792e+29	92.4802118216133	18.3286555686391	4.18859452497658e-07	5.13203194993137e-07
"hsa-miR-559"	89.2218157948263	7.21843120578316e+26	85.2198636449912	18.3108612742822	4.21623272718614e-07	5.1576563026344e-07
"hsa-miR-590-3p"	66.6840673243328	1.18550802316705e+20	62.8205363290565	18.2687664901129	4.28244797616186e-07	5.22608920124594e-07
"hsa-miR-877-3p"	93.5367713247552	1.43672571941094e+28	96.5835380024725	18.266654088938	4.28580196555893e-07	5.22608920124594e-07
"hcmv-miR-US25-1-5p"	83.4346646569857	1.30718404961596e+25	89.0679842490155	18.2585710160375	4.29866369842071e-07	5.23345247093442e-07
"hsa-miR-637"	1014.81740391987	3.09370359318237e+305	1036.54390915085	18.2201794714328	4.36035732346099e-07	5.30014907621962e-07
"hsa-miR-325"	109.221538208237	7.56761750706144e+32	103.352469502764	18.1756706674385	4.43315104837094e-07	5.38010578180461e-07
"hsa-miR-942-5p"	92.6208417502503	7.61467882959183e+27	95.9583077392081	18.0926437762845	4.57268291635496e-07	5.54067582439851e-07
"hsa-miR-412-3p"	115.48950457969	5.83183278247232e+34	117.446438581656	18.0429900379571	4.65852425729332e-07	5.63578565511668e-07
"hsa-miR-206"	127.204966872979	1.96114915980093e+38	123.519349614411	18.0042508617719	4.72677602839092e-07	5.70934994295408e-07
"hsa-miR-518a-3p"	193.309862364793	1.55620579955127e+58	187.22762122094	17.9906801467516	4.75095492502138e-07	5.72953211869717e-07
"hsa-miR-519b-3p"	71.2756081310746	2.85822232208436e+21	73.9968510687926	17.8767842148166	4.95954722361614e-07	5.97169971823167e-07
"hsa-miR-141-5p"	83.8118564227271	1.6977853255287e+25	86.8290128895444	17.7411897486676	5.22165428137306e-07	6.27744331318673e-07
"ebv-miR-BART18-5p"	85.3350783090315	4.87998237372127e+25	84.1558025425033	17.5554357586904	5.60681654356962e-07	6.72993472444116e-07
"hsa-miR-520e-3p"	79.2883030018752	7.38171899963822e+23	82.811420396455	17.4517836841395	5.83579876131416e-07	6.99384007801244e-07
"hsa-miR-140-5p"	416.940018532415	3.2467733380181e+125	421.269308883543	17.4365303962629	5.87038894078247e-07	7.02431874817497e-07
"hsa-miR-26a-1-3p"	90.4530382874217	1.69464105453052e+27	94.4899414719853	17.3385254239194	6.09830505818642e-07	7.28566975020091e-07
"hsa-miR-362-5p"	106.370782617593	1.04905010155781e+32	103.801750591887	17.3121620002623	6.1613284041579e-07	7.34951615239363e-07
"hsa-miR-367-3p"	82.0498520185434	5.00572050854251e+24	83.3233610603284	17.2453190378705	6.32448221407922e-07	7.53241903447012e-07
"kshv-miR-K12-11-3p"	102.512678479761	7.23421077682291e+30	104.80986050345	17.1747235859007	6.50217639998941e-07	7.73204542448353e-07
"hsa-miR-200a-3p"	92.641619907523	7.7251414289153e+27	95.627377675685	17.1433217854091	6.58304448054343e-07	7.81609151172881e-07
"hsa-miR-219a-5p"	7110.60247249179	Inf	7080.72046681548	17.1142287202963	6.65899341749687e-07	7.89404629245765e-07
"hsa-miR-302d-3p"	77.444534384943	2.05649590993321e+23	76.6591071994568	17.0628886626894	6.79547358726863e-07	8.04340777999235e-07
"hsa-miR-568"	85.6788969441269	6.19324093406597e+25	82.9459507549579	16.9184336663867	7.19695238606986e-07	8.50548918353711e-07
"hsa-miR-518b"	451.899576256076	1.08474456025957e+136	455.925345352806	16.893766781983	7.26818257349809e-07	8.57645543672775e-07
"hsa-miR-924"	85.1053620497638	4.16166165357748e+25	81.0766249235025	16.7908050045261	7.57432769345917e-07	8.92397748215543e-07
"hsa-miR-554"	102.066062138602	5.30818735413921e+30	101.474638503305	16.7867603737174	7.58665118917461e-07	8.92478751855356e-07
"hsa-miR-887-3p"	213.171630241872	1.48270559847785e+64	201.812712080167	16.6705122085798	7.95082522829651e-07	9.33887128652898e-07
"hsa-miR-27b-5p"	111.875354789622	4.76252827654007e+33	109.79908970797	16.5968403498538	8.19194609989272e-07	9.60737409574574e-07
"kshv-miR-K12-2"	82.5681399794062	7.16946617276017e+24	86.5403464624235	16.493902710541	8.54296749442713e-07	1.00037497224818e-06
"hsa-miR-562"	77.6217687969159	2.3253092775509e+23	72.8187211466334	16.4514152700007	8.69283549550869e-07	1.01637268674621e-06
"hsa-miR-580-3p"	86.1889079773181	8.81955341191866e+25	90.8155865301875	16.256761169206	9.41898070722267e-07	1.09959789991473e-06
"hsa-miR-581"	86.3165005450227	9.63509020200132e+25	89.0021136726482	16.107872329424	1.00213102292877e-06	1.16813752976652e-06
"hsa-miR-627-5p"	96.4228960346528	1.06214540645894e+29	103.692111886347	15.5114792265923	1.2917885690402e-06	1.50349291722888e-06
"hsa-miR-943"	609.850561288433	3.83099707445354e+183	620.093841023158	15.5056523322022	1.29505600263713e-06	1.50501205154951e-06
"hsa-miR-520f-3p"	69.7935324641441	1.02316759032899e+21	70.9428360702263	15.4459614504132	1.32907663162212e-06	1.54221146210918e-06
"hsa-miR-511-5p"	82.538039177402	7.0214300836167e+24	79.3671338504252	15.3632750290061	1.3779022740093e-06	1.59645172834612e-06
"hsa-miR-26a-2-3p"	113.14242620245	1.14620967283019e+34	114.897597487576	15.3171252962286	1.40604193251596e-06	1.62659752977336e-06
"hsa-miR-636"	140.623039574748	2.14660923510356e+42	129.726993402889	15.1895077593491	1.48733404738051e-06	1.71805002159766e-06
"hsa-miR-300"	2282.54548263954	Inf	2295.41152616112	15.1167038002329	1.53610717712691e-06	1.77172060880653e-06
"hsa-miR-582-3p"	130.316460336277	1.69497575327021e+39	124.044465342734	15.1082712307932	1.54187340364947e-06	1.77570105195066e-06
"hsa-miR-432-3p"	91.7648691686356	4.20705478914588e+27	95.2462242861124	15.0579331631983	1.57681302153839e-06	1.81321677289347e-06
"hsa-miR-588"	66.2217092453548	86044050599200178176	63.578245836619	14.9053761221797	1.68834931466385e-06	1.93856874902271e-06
"hsa-miR-624-5p"	75.0453764834536	3.8986060949456e+22	69.7947412303388	14.5964912481551	1.94290207315431e-06	2.22751254126959e-06
"hsa-miR-548c-3p"	83.0142150530319	9.76717113968987e+24	84.2207419691783	14.5561287167919	1.9792941471005e-06	2.26584867287475e-06
"hsa-miR-650"	101.367416041476	3.2706405087853e+30	101.059564435792	14.4848244710819	2.04550142248994e-06	2.3381514024587e-06
"hsa-miR-649"	109.50514021667	9.2115324129448e+32	105.355861907559	14.4442792444157	2.08427359110614e-06	2.37729877127278e-06
"hsa-miR-190b-5p"	92.1604420323093	5.53423332748705e+27	96.4763921295683	14.442547745548	2.08594794402423e-06	2.37729877127278e-06
"hsa-miR-29c-3p"	4933.09043923841	Inf	4718.20110958357	14.3396743671517	2.18823638110828e-06	2.49017404200304e-06
"hsa-miR-524-5p"	326.091857186079	1.45690205130618e+98	312.152484094835	14.25949588541	2.27193588844448e-06	2.5815923354621e-06
"hcmv-miR-UL36-3p"	68.1820985903417	3.34855042311952e+20	69.2092831652655	14.2437958304745	2.28874972148392e-06	2.59685064552983e-06
"kshv-miR-K12-9-3p"	61.8036885655027	4024983467828569600	63.7215003613548	14.124078367387	2.42173220017068e-06	2.74367591954344e-06
"hsa-miR-188-3p"	55.6962978251146	58378951782997528	59.5385051272193	14.1149002749638	2.43228576472584e-06	2.75156811437275e-06
"hsa-miR-130a-5p"	80.8916382813087	2.24289798657278e+24	78.799906099569	13.8491305875241	2.7618882695573e-06	3.11983549742335e-06
"ebv-miR-BART3-5p"	74.8356426315324	3.37111196395225e+22	64.4988206859611	13.8219061860281	2.79843844535027e-06	3.15647395232891e-06
"hsa-miR-141-3p"	111.242193105392	3.07069660032706e+33	103.272795966107	13.7985237517072	2.83027140163389e-06	3.1876918723248e-06
"hsa-miR-518f-3p"	67.892570163863	2.73968165726152e+20	66.3193283099094	13.6038009900323	3.11202066473409e-06	3.49988247778746e-06
"hcmv-miR-US33-5p"	88.1194649521304	3.36203439743177e+26	88.5016763322207	13.5678040296848	3.16753887634916e-06	3.55710441897482e-06
"hsa-miR-192-3p"	45.205579828074	40572848530251.4	47.08607123188	13.4440248727372	3.36724657500805e-06	3.7758452091099e-06
"hsa-miR-558"	70.2631175242669	1.41679156855793e+21	75.8690974301176	13.1333707419698	3.93491823867738e-06	4.4059595460811e-06
"hsa-miR-216b-5p"	96.4392668495236	1.07426662040379e+29	93.9417550672396	13.121263629942	3.95915747198688e-06	4.42663816474335e-06
"hcmv-miR-US25-2-3p"	86.3197072278504	9.65652996573815e+25	84.5876433466811	13.0904370928376	4.02164643842214e-06	4.48996043416271e-06
"ebv-miR-BART7-3p"	80.9887701538166	2.39910429500345e+24	86.9758126995272	12.9971895038201	4.21762378671787e-06	4.70191489013461e-06
"hsa-miR-150-3p"	73.0936790722108	1.00783606227194e+22	75.0880946420795	12.9794521521042	4.25612235754857e-06	4.73794753010124e-06
"hsa-miR-564"	81.0087169842037	2.43250489284299e+24	81.7977461948911	12.7779536345079	4.72280135153167e-06	5.24983860380405e-06
"kshv-miR-K12-4-3p"	83.1170303105389	1.04886422832548e+25	83.0906439030014	12.4956262225909	5.47817765569058e-06	6.08069791883455e-06
"hsa-miR-19b-2-5p"	97.8738607574002	2.90380787980257e+29	94.0317198781873	12.4232672120675	5.69334879205823e-06	6.31040249061945e-06
"hsa-miR-92a-2-5p"	92.3836178993509	6.46011271654028e+27	97.4945597262759	12.409882549625	5.73419710304317e-06	6.34650675040997e-06
"hsa-miR-922"	231.995839501449	6.88187150120005e+69	216.978395823753	12.3064605401488	6.06133318234693e-06	6.69890857472637e-06
"hsa-miR-514a-3p"	269.244164508552	1.12349119871519e+81	279.74443453965	12.2299939912942	6.31690040549193e-06	6.97131310937023e-06
"hsa-miR-520d-3p"	103.34112874146	1.28463436912141e+31	91.8756545820195	12.1280147629152	6.67706620117323e-06	7.35820370158026e-06
"hsa-miR-587"	71.5467289044275	3.44914531481511e+21	68.974542170752	12.0568129336389	6.94241029318087e-06	7.63963944744581e-06
"hsa-miR-302a-5p"	83.847460140709	1.74020560283332e+25	78.3657543540398	12.0087317650703	7.12838595037747e-06	7.83305447555805e-06
"hsa-miR-654-5p"	111.26308319756	3.11548347851465e+33	120.959422362305	11.9183949413366	7.49336286902459e-06	8.22233093067505e-06
"hsa-miR-570-3p"	77.1119775282076	1.63312061493979e+23	81.2985738930487	11.7844574704511	8.07435916471091e-06	8.84719068476181e-06
"hcmv-miR-US5-1"	83.6908133359011	1.5611519491471e+25	87.890784722393	11.6490162860135	8.71462630578899e-06	9.53511893942961e-06
"hsa-miR-607"	76.0246912089477	7.68621387677011e+22	71.2491410166877	11.3676345779063	1.0238587756021e-05	1.11866051408378e-05
"hsa-miR-302c-3p"	85.0894178889996	4.11592164208357e+25	86.7592358108586	11.2786573528055	1.07820448616531e-05	1.17636250482048e-05
"hsa-miR-518c-3p"	58.6850542307848	463405965927387904	70.7888719518347	11.2365505767524	1.10506196661182e-05	1.20395245510123e-05
"hsa-miR-10a-3p"	92.9211103463773	9.37651482607668e+27	104.256799980984	10.8075458854353	1.42683752044558e-05	1.55231826692448e-05
"hsa-miR-614"	99.0395445758818	6.51438878687299e+29	96.4078842284897	10.6732386001558	1.54860110506643e-05	1.68240375012175e-05
"hsa-miR-545-5p"	86.5895677923085	1.16427940981238e+26	81.1118361920918	10.5228496923381	1.69919710696596e-05	1.84340053895741e-05
"hsa-miR-211-5p"	100.929753164012	2.41481106580851e+30	106.098938034214	10.5072687119403	1.7157300421548e-05	1.8587075456677e-05
"hsa-miR-181c-3p"	95.388413079764	5.18529627319962e+28	93.7921359429806	10.2719458059068	1.98906501580138e-05	2.15178119480911e-05
"hsa-miR-876-5p"	353.65160051791	2.88230390723008e+106	325.817994751212	10.2521434858095	2.01423953965159e-05	2.17594609424333e-05
"hsa-miR-431-5p"	102.024255148148	5.15657198561375e+30	93.4055928035257	10.0746673490116	2.25677718755571e-05	2.43452616435335e-05
"ebv-miR-BART8-5p"	67.9629699576166	2.876686608635e+20	69.485565472854	10.0478429744772	2.29624870316565e-05	2.47362746534839e-05
"hsa-miR-555"	76.7814735112809	1.29875322257698e+23	81.2941786764015	9.99933749899213	2.36963225363824e-05	2.54909949304422e-05
"hsa-miR-489-3p"	65.486035444159	51672677504167559168	62.2260448721357	9.89753128922813	2.53248904946621e-05	2.72047493128933e-05
"hsa-miR-219a-1-3p"	105.157097588128	4.52314625703795e+31	98.0448553544015	9.68036109001035	2.92423159125541e-05	3.13690297971035e-05
"hsa-miR-619-3p"	80.4721645123245	1.67700877169829e+24	70.3800439148642	9.67056253714337	2.94346646158542e-05	3.15312678217321e-05
"hsa-miR-144-5p"	95.5402917064273	5.76094326365448e+28	99.5245305652119	9.65785681282324	2.9686225425612e-05	3.1756394562684e-05
"hsa-let-7f-1-3p"	130.166768079115	1.52792357001771e+39	141.538658915179	9.44814520190048	3.42121984650694e-05	3.65470142377552e-05
"hsa-miR-448"	100.496402914664	1.78826441136382e+30	88.5972995211856	9.43263959768726	3.45768034328937e-05	3.68851296704165e-05
"hsa-miR-92a-3p"	112.530997758105	7.50249590733021e+33	125.911325067796	9.2232181281788	3.99595219165476e-05	4.25679907083222e-05
"hsa-miR-222-5p"	106.62405227922	1.25036841689888e+32	98.8833819205035	9.06565558391105	4.4639317859037e-05	4.7487318721056e-05
"hsa-miR-100-3p"	44.5649927416289	26025529356613.5	50.811198468839	8.90618447448565	5.00193444943317e-05	5.3136893666416e-05
"hsa-miR-454-3p"	96.9018092882539	1.48030508120669e+29	95.1690576668805	8.8261627893695	5.29936891071682e-05	5.62187545576736e-05
"hsa-miR-513a-3p"	115.651224136518	6.52360264816109e+34	113.888870732138	8.79159862367836	5.43400537604296e-05	5.7567432643991e-05
"hsa-miR-30d-3p"	98.5167730314042	4.53423221779085e+29	96.9017470268636	8.66463592071499	5.96293714540865e-05	6.30837626279784e-05
"hsa-miR-23b-5p"	94.029094636919	2.02105415529999e+28	86.5408145679288	8.29702408345376	7.85526235202844e-05	8.29887909642674e-05
"ebv-miR-BART2-5p"	76.225709269674	8.83537385930854e+22	73.4150527560653	8.28498766324863	7.92784260560095e-05	8.36403752200266e-05
"hsa-miR-106a-3p"	93.2063655758111	1.14264631962511e+28	84.3557475710647	8.22293492753576	8.31428602396736e-05	8.75969420382276e-05
"hsa-miR-548d-5p"	164.022649357761	2.37540368006318e+49	157.936423502815	8.00407681298279	9.85786030847954e-05	0.000103717131091959
"hsa-miR-891b"	78.9765658445607	5.9472373844559e+23	77.2691410203091	8.00099688417734	9.88178460942712e-05	0.000103826421855214
"hsa-miR-653-5p"	92.7740557783868	8.46785882088591e+27	90.8124828751821	7.89283414615716	0.000107651462668787	0.000112953039489685
"hsa-miR-518f-5p"	133.415360752457	1.45219677790268e+40	121.05205019115	7.77158517670593	0.000118633133887719	0.000124305483185629
"kshv-miR-K12-7-3p"	92.206475617329	5.71366739130202e+27	80.4618668622233	7.71659515654096	0.000124027174775025	0.000129780140589965
"hsa-miR-302b-3p"	102.102740764066	5.44487118289101e+30	90.0693026867091	7.52292972733896	0.000145355743177383	0.000151890810649936
"hsa-miR-369-5p"	170.110468224913	1.61567316640831e+51	185.117240434896	7.15084257841537	0.00019904598605551	0.000207711933747722
"hsa-miR-18a-3p"	128.071239855354	3.57507188194337e+38	114.473277990278	7.07680553719975	0.000212221685035391	0.000221160370138784
"hsa-miR-181c-5p"	250.526205887487	2.60556956093038e+75	226.216001564112	6.57372448071155	0.00033281275483015	0.000346360085420251
"hsa-miR-24-2-5p"	119.620588358579	1.02184540159648e+36	128.880829310435	6.47018740949512	0.000366293858211709	0.000380687519306749
"hsa-miR-200c-3p"	144.194276933925	2.55154105234272e+43	129.570675028141	6.35048543473321	0.000409814584638935	0.000425342065518354
"hsa-miR-608"	122.783863177911	9.15431389613472e+36	108.175809051823	6.02664685153007	0.000559743831104445	0.000580166916833931
"hsa-miR-611"	105.511440045581	5.78240277661219e+31	115.157119849827	5.80456022995526	0.000698099310545825	0.000722594023196556
"hsa-miR-523-3p"	111.631007671263	4.02051563411404e+33	125.81994037392	5.73584170702968	0.000748383380399647	0.000773598453863247
"hsa-miR-556-5p"	113.015740790421	1.0498517103694e+34	97.2033051112173	4.98546318382943	0.00166375987101543	0.00171750177801997
"hsa-miR-331-5p"	156.618502285639	1.40238437379886e+47	131.808650023779	4.60295703199722	0.00257511108340034	0.00265471801205385
"hsa-miR-452-3p"	42.3261809882131	5513788196548.76	53.9442511398825	4.57834355711225	0.00265042656988155	0.00272869420013308
"ebv-miR-BART11-5p"	55.1443030980322	39818905872822272	64.5138254816112	4.5430066615049	0.0027628500673839	0.00284062466713599
"hsa-miR-577"	37.2168756961153	159733471172.517	28.015648917803	4.53850376189081	0.00277755080787732	0.00285191629135463
"hsa-miR-515-5p"	104.56619503451	3.00304083577764e+31	113.828216376115	4.43959748257802	0.00312328200534849	0.0032026167086929
"hsa-miR-101-5p"	99.1401996432823	6.98511995691472e+29	117.213678793201	4.24424924568313	0.00395449190136807	0.00404952641969201
"hsa-miR-617"	592.05122651973	1.67949282216505e+178	477.097343082268	4.1452843643361	0.00446636088537965	0.00456759839878159
"hsa-miR-517c-3p"	58.453389198804	394660350328856448	70.2714611914868	4.10143065639943	0.00471610405401925	0.00481658030550302
"hsa-miR-15a-3p"	49.1513455175382	625214912281589	46.540676870339	4.06901652470699	0.00491054769877483	0.00500849745340464
"hsa-miR-302a-3p"	133.696980148739	1.76523022278183e+40	114.44213842901	3.93514901394245	0.00581199738701628	0.00592005577136984
"hsa-miR-182-3p"	65.0357260528727	37818502815050604544	89.2966696270195	3.8997938750104	0.00607929094552756	0.00618410630665734
"hsa-miR-214-5p"	156.755098319935	1.54165276990464e+47	132.356245723552	3.85792867674955	0.00641330723453253	0.00651524059455159
"hsa-miR-635"	490.106211865097	3.4408903448789e+147	393.924786827254	3.83493329376522	0.00660526094796604	0.00670136924218248
"hsa-miR-621"	92.5410796144599	7.20511297849613e+27	114.81841971221	3.33353682252766	0.0128127751195405	0.0129820323866414
"hsa-miR-367-5p"	156.543893590785	1.33170370756825e+47	117.4530115557	3.30851907919301	0.0132560983412941	0.0134134926487765
"hsa-miR-512-5p"	90.76250347899	2.10008091761555e+27	101.910201671084	3.2954356398251	0.0134944870472987	0.0136367214298789
"hsa-miR-450b-3p"	87.1573390897659	1.72573222267781e+26	102.469661071769	3.26601921192102	0.0140474657389497	0.0141768502918084
"hsa-miR-499a-5p"	241.039950925527	3.63291621499999e+72	177.999455407435	3.05823951209079	0.0187171946597682	0.0188647678108308
"hsa-miR-147b-3p"	218.635134531085	6.54234737527261e+65	158.495685225935	2.84461488885064	0.0252849833813608	0.0254508953458055
"hsa-miR-644a"	227.829070103886	3.83163371049157e+68	158.071970438892	2.52418425610803	0.0400644996523311	0.0402745363477561
"kshv-miR-K12-4-5p"	77.8943607734891	2.80891816007281e+23	106.807105593331	2.38599988544236	0.048988509216093	0.0491808724721771
"hsa-miR-21-3p"	96.9861462049454	1.56941995943278e+29	128.265002885787	2.33212366897212	0.0529999750065919	0.053138537032753
"hcmv-miR-US25-2-5p"	89.3289127898671	7.774674754226e+26	127.944539436105	1.62159616516046	0.149577067603787	0.14977233792703
"ebv-miR-BART15"	60.6404618918237	1797206498801464320	101.305729881745	1.47405582412527	0.184604323700871	0.184604323700871
