""	"logFC"	"Fold Change"	"AveExpr"	"t"	"P.Value"	"adj.P.Val"
"hsa-miR-29a-3p"	20740.3192115106	Inf	20740.3192115106	13893.9027149394	6.25005494767965e-27	4.79379214487029e-24
"hsa-let-7a-5p"	12220.6978173774	Inf	12220.6978173774	8186.62359300044	2.3967092024816e-25	9.19137979151693e-23
"hsa-miR-130a-3p"	1509.37762986464	Inf	1533.52792149177	209.167506434912	2.28655379946176e-14	5.8459558806239e-12
"hsa-miR-933"	8915.30489295073	Inf	8955.29110351993	168.928705948776	9.97212835067335e-14	1.91215561124162e-11
"hsa-miR-628-5p"	233.234751297495	1.62426232826133e+70	233.879036436867	131.885637142285	5.49224333859999e-13	7.40116935557774e-11
"hsa-miR-510-5p"	495.201052875536	1.17590110891464e+149	489.184667983344	130.880141055611	5.78970223382874e-13	7.40116935557774e-11
"hsa-miR-132-5p"	517.111072398073	4.63387038404639e+155	522.21578987491	122.458816722059	9.15609185995139e-13	9.18294812401354e-11
"hsa-miR-340-3p&hsa-miR-340-5p"	1505.62389865644	Inf	1512.94880964298	121.660827536336	9.57804237185245e-13	9.18294812401354e-11
"hsa-miR-24-1-5p"	461.548646800402	8.70937810132644e+138	462.961405830452	114.326178100095	1.47018927685249e-12	1.25292797260651e-10
"hsa-miR-186-5p"	273.572934624648	2.25766408278741e+82	271.536737838966	103.314960602806	2.95420015842202e-12	2.16173926657999e-10
"hsa-miR-518c-5p"	3163.57860811305	Inf	3219.01985332204	102.593800607108	3.10027795728551e-12	2.16173926657999e-10
"hsa-miR-30e-3p"	620.901163005179	8.12595489247634e+186	612.400910315322	99.6394326552516	3.79170730153991e-12	2.35965993887843e-10
"hsa-miR-128-3p"	5306.12617285492	Inf	5223.28444634165	97.9002699363568	4.28079230300074e-12	2.35965993887843e-10
"hsa-miR-342-3p"	2286.89093281213	Inf	2275.54346698222	97.8133449852775	4.30707159638827e-12	2.35965993887843e-10
"hsa-miR-885-5p"	1677.43301219752	Inf	1682.4227021244	95.8248547488652	4.96178367518947e-12	2.42812141869052e-10
"hsa-miR-487b-3p"	1232.88066333025	Inf	1244.02032958876	95.53842231139	5.0651815774509e-12	2.42812141869052e-10
"hsa-miR-433-3p"	276.264072466971	1.45805040159368e+83	275.791765217506	93.8805116459762	5.71443433643694e-12	2.57821831532184e-10
"hsa-miR-28-5p"	993.7444298008	1.40243064800621e+299	964.89234122354	91.4908084478179	6.82526332347697e-12	2.87833542071493e-10
"hsa-miR-382-5p"	395.327750748275	1.01277061866483e+119	393.206734258754	90.7034638451814	7.24399867456654e-12	2.87833542071493e-10
"hsa-miR-411-5p"	538.305121910481	1.11170232671763e+162	528.586923208202	90.2378582027734	7.50543786366343e-12	2.87833542071493e-10
"hsa-miR-374a-5p"	1531.96646314991	Inf	1500.36182132481	88.3386575808266	8.68991812282418e-12	3.17388914295531e-10
"hsa-miR-200b-5p"	434.415409753874	5.91655511613653e+130	420.208451409206	87.2833814424126	9.43994758426911e-12	3.17684961858768e-10
"hsa-miR-9-3p"	15200.0323892655	Inf	15011.5958610643	86.4629524748798	1.00744940666962e-11	3.17684961858768e-10
"hsa-miR-125b-5p"	44432.6232838957	Inf	44432.6232838957	85.8492104960344	1.05811933103372e-11	3.17684961858768e-10
"hsa-miR-124-3p"	44432.6232838957	Inf	44432.6232838957	85.8492104960344	1.05811933103372e-11	3.17684961858768e-10
"hsa-miR-129-2-3p"	6137.53315344949	Inf	6082.28273321226	85.538348493387	1.0848933215427e-11	3.17684961858768e-10
"hsa-miR-938"	231.353275896835	4.4083456569929e+69	231.267179532627	85.162380082745	1.11831733639984e-11	3.17684961858768e-10
"hsa-miR-584-5p"	285.796347021648	1.07962542783498e+86	284.096871667753	84.5385051148295	1.17641649189987e-11	3.22254089031142e-10
"hsa-miR-133a-3p"	231.685901273395	5.55144262577697e+69	232.834409242466	83.7429448059394	1.25558625442524e-11	3.30596351025028e-10
"hsa-miR-146b-5p"	1101.42250801368	Inf	1105.92250879288	83.3860209667251	1.29307568849424e-11	3.30596351025028e-10
"hsa-miR-185-5p"	3009.6826593684	Inf	3015.56411045328	82.8019027982531	1.35722810511395e-11	3.35804502136258e-10
"hsa-miR-376a-5p"	562.182440196656	1.71307956604924e+169	568.909844786459	79.7164698671188	1.76298429903311e-11	4.04638029831492e-10
"ebv-miR-BART19-3p"	311.426874506411	5.60829283798007e+93	305.401695538267	79.6821945935067	1.76821408338576e-11	4.04638029831492e-10
"hsa-let-7b-3p"	271.784281905908	6.53463303081598e+81	268.815402605552	79.1868658630226	1.84581072109115e-11	4.04638029831492e-10
"hsa-miR-130b-3p"	277.796299251305	4.21714718750339e+83	278.365566820291	78.8705404592252	1.89740430168603e-11	4.04638029831492e-10
"hsa-miR-30c-5p"	7720.50713251677	Inf	7744.32285551018	78.8596261795358	1.89921369933947e-11	4.04638029831492e-10
"hsa-miR-30c-2-3p"	2165.79966257131	Inf	2110.9906526395	78.3061725673095	1.99361074606898e-11	4.12827422457303e-10
"hsa-miR-658"	4590.51451217179	Inf	4585.35966992144	78.0156899459695	2.04529883355639e-11	4.12827422457303e-10
"hsa-miR-330-3p"	209.164115800731	9.21876772232557e+62	207.424361552629	76.7422965113355	2.2907644157221e-11	4.46480023234513e-10
"hsa-miR-583"	1866.4092600592	Inf	1843.46703499931	76.5606949373357	2.32844862182275e-11	4.46480023234513e-10
"hsa-miR-32-3p"	5031.1911631208	Inf	5038.25259225054	75.4166827319856	2.58283260474605e-11	4.83178684839078e-10
"hsa-miR-338-5p"	570.899217469571	7.20757150163752e+171	576.743675422612	74.413023921228	2.83247628648142e-11	5.16046021605724e-10
"ebv-miR-BHRF1-1"	429.224773339623	1.6200620818006e+129	426.356340496567	73.9942008815772	2.94474072589886e-11	5.16046021605724e-10
"hsa-miR-30a-5p"	7168.47687466871	Inf	7172.9641728346	73.9373512906181	2.96036831168864e-11	5.16046021605724e-10
"hsa-miR-487a-3p"	378.963348779283	1.20042557600669e+114	368.865003994517	73.4830442342384	3.08872346879608e-11	5.22298764947684e-10
"hsa-miR-142-5p"	318.906245510861	1.00079632828355e+96	314.13479223702	73.3332578935053	3.13243066331075e-11	5.22298764947684e-10
"hsa-miR-101-3p"	3470.50918463721	Inf	3470.50918463721	72.1463388493846	3.50495164401293e-11	5.71978278927216e-10
"hsa-miR-378a-5p&hsa-miR-378a-3p"	385.696021561005	1.27664955480727e+116	374.476975699477	71.8867570236183	3.59303567839863e-11	5.74137159444115e-10
"hsa-miR-23a-3p"	2690.27760472112	Inf	2753.20222637191	70.5837245780039	4.075353580757e-11	6.3791759111033e-10
"hsa-miR-218-2-3p"	177.3427525164	2.42933843374582e+53	176.962060328951	70.0192345291945	4.30702220100046e-11	6.60697205633471e-10
"hsa-miR-17-5p"	851.609001386815	2.29009761722202e+256	852.517241767486	69.7059876420247	4.44206793160578e-11	6.68052177165026e-10
"hsa-miR-381-3p"	734.183026996308	1.02591985100956e+221	735.260490271749	69.2322302031012	4.65562859177845e-11	6.84071252474377e-10
"hsa-miR-622"	186.5899503214	1.47629087778502e+56	183.046824954932	69.0496507013593	4.74105219287992e-11	6.84071252474377e-10
"hsa-miR-125a-5p"	7649.91815840047	Inf	7885.02007223206	68.8700625703024	4.82683124162265e-11	6.84071252474377e-10
"hsa-miR-888-3p"	2098.97464243425	Inf	2116.43855554096	68.6332486439096	4.94267397458867e-11	6.84071252474377e-10
"sv40-miR-S1-5p"	1539.3373351932	Inf	1546.68263404065	68.4195907408559	5.04992749076162e-11	6.84071252474377e-10
"hsa-miR-363-3p"	357.430536880338	3.95651637283789e+107	357.066764232749	68.3533657670786	5.0837107419869e-11	6.84071252474377e-10
"hsa-miR-323a-3p"	273.371004201647	1.9627826459161e+82	264.635864686036	67.8499528121286	5.34914654501033e-11	7.01859781864522e-10
"hsa-let-7d"	917.709973611804	1.81229702343844e+276	897.157380223387	67.7587383131762	5.39892139895786e-11	7.01859781864522e-10
"hsa-miR-146b-3p"	779.76844498483	5.41616158677324e+234	768.011474606918	67.4914650245198	5.54785088616033e-11	7.09200271614163e-10
"hsa-miR-195-3p"	298.682348335097	8.17233242795577e+89	299.248172752638	67.2911984759185	5.66252860466317e-11	7.11993350783057e-10
"hsa-miR-500a-3p&hsa-miR-500a-5p"	172.800899772539	1.0429274763154e+52	178.277567698557	67.0636961710531	5.79610861502803e-11	7.17034727052661e-10
"hsa-miR-629-3p&hsa-miR-629-5p"	116.886850046616	1.53620071428878e+35	115.305313260528	66.8340561067703	5.93461534124683e-11	7.19185627524958e-10
"hsa-miR-127-5p"	357.234433543095	3.45366317971237e+107	354.50211314103	66.7024700580928	6.0156872465376e-11	7.19185627524958e-10
"hsa-miR-920"	422.160559180077	1.21057388105574e+127	413.122821012773	66.5760169935026	6.09479345360134e-11	7.19185627524958e-10
"hsa-miR-425-3p&hsa-miR-425-5p"	389.233066005973	1.48193164516553e+117	395.202231780409	65.7067830256422	6.67195944217918e-11	7.74131616897677e-10
"hsa-miR-100-5p"	3875.26804768645	Inf	3846.00586705472	65.4408364438061	6.86087225355536e-11	7.74131616897677e-10
"hsa-let-7e"	9790.35580909084	Inf	9790.35580909084	65.3454401952738	6.93012294134892e-11	7.74131616897677e-10
"hsa-miR-525-5p"	497.557704913923	6.02273497449046e+149	499.37299238905	65.2099655302892	7.02984729445032e-11	7.74131616897677e-10
"hsa-miR-485-5p"	181.218267455635	3.56561350831015e+54	180.333727118061	65.1626187121398	7.06508646451596e-11	7.74131616897677e-10
"hsa-miR-889-3p"	159.617956184617	1.12148290557209e+48	160.659453734287	64.6730889879455	7.44153849894677e-11	8.03895778689038e-10
"hsa-miR-140-3p"	1420.43438052659	Inf	1425.43537992856	64.2338293142218	7.79898557128687e-11	8.30808601830143e-10
"hsa-miR-379-5p"	775.31046270375	2.46436609984801e+233	768.840090728939	63.9643204664303	8.02801850595304e-11	8.33059527871154e-10
"hsa-miR-184"	579.999134228683	3.95491234091655e+174	575.07174954461	63.9535375655105	8.03734094686642e-11	8.33059527871154e-10
"hsa-miR-31-5p"	265.107440503919	6.38692277937559e+79	262.094048187082	63.6409082294121	8.31309279436168e-11	8.50152289770055e-10
"hsa-miR-214-3p"	484.649293777196	7.83384193225049e+145	482.814854274049	63.3415641234026	8.58732102819346e-11	8.66641477450577e-10
"hsa-miR-374b-5p"	490.851785252581	5.76913612256005e+147	482.05364724384	63.0026030630976	8.91042851626176e-11	8.76441390377465e-10
"hsa-miR-340-3p"	249.205376404016	1.04302178250198e+75	251.822769529369	62.8992358344391	9.01171467164293e-11	8.76441390377465e-10
"hsa-miR-136-5p"	726.643894931991	5.51580038273596e+218	727.056612996518	62.7795044856665	9.13068707452526e-11	8.76441390377465e-10
"hsa-miR-212-3p"	390.521132603001	3.61888559784084e+117	388.68746092321	62.7141791543637	9.19635599005905e-11	8.76441390377465e-10
"hsa-miR-152-3p"	210.133957916235	1.80561203327096e+63	210.738796466969	62.4940753463945	9.42163099113341e-11	8.76441390377465e-10
"hsa-miR-103a-3p"	2775.36959409095	Inf	2839.74727638979	62.4619431933732	9.45504367753744e-11	8.76441390377465e-10
"hsa-miR-335-5p"	2469.23395455513	Inf	2466.29933079771	62.4339078921476	9.48430709274180e-11	8.76441390377465e-10
"hsa-miR-411-3p"	281.151003812249	4.31405282349248e+84	279.343040989514	60.9856429167088	1.11471755190888e-10	1.01784328846918e-09
"hsa-miR-598-3p"	353.727200986117	3.03737055924712e+106	351.5625971202	59.8036478725965	1.27546021813085e-10	1.14680759140091e-09
"hsa-miR-30b-3p"	2289.72786418199	Inf	2303.18798277605	59.650787107883	1.29812549700746e-10	1.14680759140091e-09
"hsa-miR-1-3p"	780.224151004591	7.42801537235324e+234	786.496091511224	59.6328730878412	1.30081173992019e-10	1.14680759140091e-09
"hsa-miR-16-5p"	4543.56076727415	Inf	4756.59461017627	59.4043810884974	1.3356388511906e-10	1.16162764788567e-09
"hsa-miR-376b-3p"	171.256145950387	3.57467755036852e+51	169.80516277222	59.2861197022723	1.35408296431071e-10	1.16162764788567e-09
"hsa-miR-151a-3p"	569.412809362382	2.57238242283144e+171	560.228827045362	58.9889585866331	1.40172944060102e-10	1.16162764788567e-09
"hsa-miR-657"	166.86199534602	1.70006581836564e+50	162.387891756403	58.9657321128213	1.40553371276966e-10	1.16162764788567e-09
"hsa-let-7c"	16353.4762522294	Inf	16044.9939362106	58.8781801443597	1.41998051648073e-10	1.16162764788567e-09
"hsa-miR-154-3p"	228.023285172293	4.38377793827036e+68	229.088313591525	58.8204297180194	1.42960286189594e-10	1.16162764788567e-09
"hsa-miR-218-5p"	547.406592170791	6.10666459962335e+164	547.606815883475	58.8153520905577	1.43045245762879e-10	1.16162764788567e-09
"hsa-miR-486-5p"	287.240310041587	2.93730663524088e+86	285.784704927439	58.7657488579365	1.4387826147215e-10	1.16162764788567e-09
"hsa-miR-876-3p"	181.167901576057	3.44328226654329e+54	183.818393184218	58.5997286557266	1.46707005852334e-10	1.16964448085312e-09
"hsa-miR-34b-5p"	99.6714897137738	1.00950416795119e+30	99.4464770905499	58.4623100926565	1.4909664640528e-10	1.16964448085312e-09
"hsa-miR-301a-3p"	813.47425710018	7.58843271398382e+244	818.424421962779	58.364426133844	1.50825983520279e-10	1.16964448085312e-09
"hsa-miR-1296-5p"	146.430856199809	1.20248593941902e+44	143.915218867068	58.3562729398495	1.50971060762007e-10	1.16964448085312e-09
"hsa-miR-890"	167.269938285141	2.25563485408939e+50	167.7354137709	58.1495599879767	1.54703212982726e-10	1.18657364357751e-09
"hsa-miR-23b-3p"	7823.1696335557	Inf	7786.58603358827	57.9120843214332	1.59121820811671e-10	1.20838056002526e-09
"hsa-miR-576-5p"	164.470425230281	3.23989841901287e+49	163.349606940105	57.7933618445838	1.61384901011125e-10	1.21355116740719e-09
"hsa-miR-219a-2-3p"	803.619701776914	8.1966301913126e+241	793.065994627415	57.1557428047189	1.74188039162151e-10	1.27588770217275e-09
"hsa-miR-361-5p"	1527.68682015803	Inf	1537.62338786964	57.0836780774561	1.75706878990231e-10	1.27588770217275e-09
"hsa-miR-369-3p"	235.630378631795	8.54696366792709e+70	238.078704250437	57.0578236914415	1.76255478459901e-10	1.27588770217275e-09
"hsa-miR-191-5p"	2866.74597582734	Inf	2870.16862873688	57.0052053411646	1.7737804494019e-10	1.27588770217275e-09
"hsa-miR-194-3p"	119.861812745238	1.20781653548558e+36	117.112448720811	56.9765809897464	1.77992156626446e-10	1.27588770217275e-09
"hsa-miR-451a"	8134.04735915917	Inf	8127.21234125699	56.636499905624	1.8547770623377e-10	1.31397460169146e-09
"hsa-miR-337-5p"	187.316624840469	2.44299604291393e+56	185.909252349362	56.5810659472875	1.86731723056544e-10	1.31397460169146e-09
"hsa-miR-329-3p"	643.057510303099	3.79838986286904e+193	669.934451151597	56.4648202693718	1.89393060314369e-10	1.316830244253e-09
"hsa-miR-106a-5p"	822.138038561442	3.07758589835142e+247	814.818416211844	56.4139528727105	1.90571260902324e-10	1.316830244253e-09
"hsa-miR-26b-5p"	15140.4819326676	Inf	15468.2720047287	56.2176140381171	1.95198271637146e-10	1.33675959237224e-09
"hsa-miR-708-5p"	1072.64331970821	Inf	1072.69262742923	55.9873673548912	2.00789082867978e-10	1.35918308576216e-09
"hsa-miR-376a-3p"	351.929332500265	8.73545310442373e+105	346.234000547056	55.8821836327285	2.03403982535802e-10	1.35918308576216e-09
"hsa-miR-500a-3p"	225.015811228647	5.45140789103472e+67	224.031493419996	55.859160338566	2.03981536264857e-10	1.35918308576216e-09
"hsa-miR-29a-5p"	222.288350520451	8.23116283526945e+66	222.648794828651	55.7965791119809	2.05560936047471e-10	1.35918308576216e-09
"hsa-miR-127-3p"	476.571609802463	2.89967705759926e+143	471.414876550806	55.6159866106536	2.10197729118082e-10	1.3779628908852e-09
"hsa-miR-553"	194.833092607576	4.4730630814215e+58	193.977388154463	55.3530638707964	2.17164090307917e-10	1.41156658700146e-09
"hsa-miR-183-3p"	254.127364351677	3.1619819676708e+76	250.960274068841	55.2436323767853	2.20141195492577e-10	1.41544961899439e-09
"hsa-miR-298"	977.578013298285	1.90679982934286e+294	951.196344708158	55.195973405767	2.21452352385042e-10	1.41544961899439e-09
"hsa-miR-18b-5p"	197.207954580208	2.32011607004028e+59	197.721989819502	54.961304175335	2.28040205823712e-10	1.44255017013587e-09
"hsa-miR-379-3p"	213.698867203493	2.13682554885086e+64	216.894492624945	54.9119583129127	2.29453873215876e-10	1.44255017013587e-09
"ebv-miR-BART18-3p"	167.928778087984	3.56122439481278e+50	164.151591944377	54.7747880188898	2.33436549620922e-10	1.45565718340852e-09
"hsa-miR-495-3p"	429.200417934502	1.59294195100693e+129	422.919403041089	54.7054041569821	2.35481180670506e-10	1.45656504495386e-09
"hsa-miR-20b-3p"	170.217077373636	1.73958664036163e+51	169.208582650601	54.6107761347604	2.38302850039091e-10	1.46222628783986e-09
"hsa-miR-520a-5p"	143.895122037581	2.07370971865214e+43	141.561479336348	54.0913070555252	2.54499561490976e-10	1.54921558463157e-09
"hsa-miR-337-3p"	196.673509123211	1.60186384265808e+59	199.941850541496	54.0117463587877	2.57089884664347e-10	1.54949266581311e-09
"hsa-miR-422a"	604.742239944013	1.11059028002362e+182	587.842097719954	53.9662265885346	2.58585477475982e-10	1.54949266581311e-09
"hsa-miR-640"	166.982123976898	1.84768552594535e+50	165.562455504251	53.83705229382	2.62884144929426e-10	1.56303983845636e-09
"hsa-miR-345-5p"	151.415257816664	3.80657511395643e+45	149.929836945308	53.7159414181909	2.66988926677616e-10	1.57523466739794e-09
"hsa-miR-129-1-3p"	6789.75863944176	Inf	6875.2859420555	53.4324497355129	2.76887372202524e-10	1.62116499602546e-09
"hsa-miR-625-3p"	764.679435189348	1.55398584792964e+230	774.086938729693	53.1631265510168	2.86682016867514e-10	1.66579626467715e-09
"hsa-miR-623"	174.805226795075	4.18424074464058e+52	178.836831042976	53.0212953086963	2.91999190226273e-10	1.67948458506572e-09
"hsa-miR-877-5p"	324.826616900168	6.06115062854082e+97	317.201629475205	52.9411756774912	2.95052689899321e-10	1.67948458506572e-09
"hsa-miR-509-5p"	685.608816514779	2.44804311660282e+206	675.952844309036	52.8362477513939	2.99107120167153e-10	1.67948458506572e-09
"hsa-miR-557"	278.744055218324	8.13432899796629e+83	284.669230406167	52.8320970636744	2.99268809869553e-10	1.67948458506572e-09
"hsa-miR-146a-5p"	218.405430116873	5.57937665667458e+65	223.045967684655	52.775576916906	3.01480535232917e-10	1.67948458506572e-09
"hsa-miR-659-3p"	417.972692798452	6.6422910394535e+125	410.590962953962	52.7385252768301	3.02940579597361e-10	1.67948458506572e-09
"hsa-miR-377-3p"	1139.23397296846	Inf	1166.49061279503	52.7025609375182	3.04365524542549e-10	1.67948458506572e-09
"kshv-miR-K12-5-3p"	201.569172457955	4.76833886248706e+60	200.265717445277	52.3971113652814	3.16782021460621e-10	1.73002372916346e-09
"hsa-miR-576-3p"	1511.09483009938	Inf	1518.05526425445	52.3427617428733	3.19051585040507e-10	1.73002372916346e-09
"hsa-miR-362-3p"	124.871037720743	3.88980601566324e+37	123.271464554286	52.2777302677888	3.21791708215185e-10	1.73002372916346e-09
"hsa-miR-671-5p"	297.647191313677	3.98779395370786e+89	292.951107703092	52.2599210684365	3.22546796962679e-10	1.73002372916346e-09
"hsa-miR-497-5p"	254.183033207339	3.28637701349549e+76	256.658481169626	51.9909840817122	3.34199612877447e-10	1.78004091888262e-09
"hsa-miR-675-5p"	359.946932300916	2.26372397157261e+108	357.560613503355	51.8915810845917	3.38628093187791e-10	1.78004091888262e-09
"ebv-miR-BART16"	489.72134809629	2.63521038901524e+147	482.214393239785	51.8869868984413	3.3883438612368e-10	1.78004091888262e-09
"hsa-miR-32-5p"	227.706731067759	3.52011025141411e+68	227.386955001744	51.6238098221838	3.50895607228656e-10	1.82300196325614e-09
"hsa-miR-106b-5p"	1983.8063367129	Inf	1990.97622744472	51.56036533392	3.53876275685047e-10	1.82300196325614e-09
"hsa-miR-22-5p"	424.40942168886	5.75395380325837e+127	428.383965959419	51.5547285793298	3.54142493513905e-10	1.82300196325614e-09
"hsa-miR-34c-5p"	208.53081047326	5.9433180624478e+62	213.343099084143	51.1434520271511	3.74199989125689e-10	1.91340927772935e-09
"hsa-miR-410-3p"	474.604641542266	7.41708379608221e+142	474.375142330518	51.0724768144679	3.77791404559368e-10	1.91898018077507e-09
"hsa-miR-181a-3p"	257.604203582009	3.52040222912145e+77	263.383358647475	50.846793342632	3.89476153297827e-10	1.96531716828575e-09
"hsa-miR-208a-3p"	257.527574573433	3.33829457892904e+77	257.170931231211	50.3004350705627	4.19517501196965e-10	2.10307139488936e-09
"hsa-miR-26a-5p"	15736.5116201919	Inf	15905.6403923507	50.0560213661092	4.33809263383639e-10	2.16059548711202e-09
"hsa-miR-873-5p"	277.622011254085	3.73725596763404e+83	277.841071474234	49.8974569076133	4.43379118801966e-10	2.18578474880056e-09
"hsa-miR-409-3p"	234.411439025713	3.67176158232456e+70	231.884972675648	49.8780583228363	4.44566389586554e-10	2.18578474880056e-09
"hsa-miR-27b-3p"	2783.10275456382	Inf	2799.88232846465	49.8074056934245	4.4892148342091e-10	2.19313871199897e-09
"ebv-miR-BART7-5p"	163.203049002526	1.34590105508108e+49	160.519713328571	49.6651503054922	4.57839239594425e-10	2.22254871372737e-09
"hsa-miR-520g-3p"	106.033256814182	8.30215503210345e+31	104.359036630418	49.472465680209	4.70243586778194e-10	2.26840774250865e-09
"hsa-miR-30c-1-3p"	114.306585426461	2.56868538834015e+34	111.593039137318	49.2627181270715	4.84185861790282e-10	2.31005865645979e-09
"hsa-miR-222-3p"	3926.13104134984	Inf	3952.26784720936	49.2521393178375	4.84901491121286e-10	2.31005865645979e-09
"hsa-let-7e-3p"	143.527856447439	1.6076444443528e+43	141.686712450585	49.1113805612329	4.94539622311583e-10	2.33422363646122e-09
"hsa-miR-320a-3p"	1694.83023439559	Inf	1674.56617972719	49.0894552131086	4.9606056420232e-10	2.33422363646122e-09
"hsa-miR-99b-3p"	306.009132855951	1.3119821814844e+92	301.792587473513	49.0070553270296	5.01824641616128e-10	2.33983647283678e-09
"hsa-miR-600"	329.66341990193	1.73211955061287e+99	330.544097160445	48.9415740456395	5.06459927253205e-10	2.33983647283678e-09
"hsa-miR-208b-3p"	101.593061612629	3.82436114121826e+30	103.270332425268	48.9357555672795	5.06874170946178e-10	2.33983647283678e-09
"hsa-miR-186-3p"	129.521604697156	9.76985460008394e+38	126.364396551288	48.8996144887603	5.0945592042209e-10	2.33983647283678e-09
"hsa-miR-203a-3p"	157.561352968781	2.69583558069383e+47	156.895948164068	48.8264705359718	5.14727178863511e-10	2.34997467969234e-09
"hsa-miR-139-5p"	341.447627515458	6.10910838782671e+102	338.440654773523	48.3675722683154	5.49259349647853e-10	2.48845562023487e-09
"hsa-miR-519e-5p"	645.323109997468	1.82647193937113e+194	647.235740266899	48.2973743818912	5.54772261321438e-10	2.48845562023487e-09
"hsa-miR-506-3p"	108.55660342172	4.77302662909873e+32	109.079081915672	48.2578279864331	5.57905872559736e-10	2.48845562023487e-09
"hsa-miR-758-3p"	146.876764761393	1.63799231281366e+44	146.017975862798	48.2561788967132	5.58036983937937e-10	2.48845562023487e-09
"hsa-miR-550a-3p&hsa-miR-550a-5p"	1702.83840179064	Inf	1674.69132728489	48.1804933350116	5.6409251644061e-10	2.50091884456617e-09
"hsa-miR-939-5p"	2635.63123579136	Inf	2682.33763730472	48.1119109620701	5.69644763117035e-10	2.51102030638371e-09
"hsa-miR-592"	128.170119784787	3.82869351838e+38	126.167280850961	47.9973806758789	5.79056885965185e-10	2.5257201637514e-09
"kshv-miR-K12-10a-3p"	106.224982041984	9.48212952630369e+31	106.594125195291	47.9528904080987	5.82761018536412e-10	2.5257201637514e-09
"hsa-miR-199a-5p"	184.179500810368	2.77686221047686e+55	191.258069602421	47.9517239429988	5.82858499327246e-10	2.5257201637514e-09
"hsa-miR-24-3p"	5923.84774871758	Inf	5892.34609670888	47.8701152553954	5.89725053099666e-10	2.54111862768227e-09
"hsa-miR-551a"	163.030557843179	1.19423039549463e+49	159.831390825684	47.8004749202684	5.95657882558568e-10	2.54381000116609e-09
"hsa-miR-516a-5p"	531.318182341905	8.76415655045032e+159	516.110019795995	47.7850314114768	5.96982790364923e-10	2.54381000116609e-09
"hsa-miR-885-3p"	148.859264910206	6.47297411733333e+44	147.129716138846	47.5918110118108	6.13847663319592e-10	2.57546973580686e-09
"hsa-miR-126-3p"	6397.07548510514	Inf	6394.67139536319	47.5763643965211	6.15219268241084e-10	2.57546973580686e-09
"ebv-miR-BART5-5p"	217.991991214662	4.18917178818575e+65	216.337313074139	47.5717426653404	6.15630343276137e-10	2.57546973580686e-09
"ebv-miR-BART2-3p"	2532.4636694379	Inf	2542.86916917295	47.5469138077466	6.1784410872029e-10	2.57546973580686e-09
"hsa-miR-574-5p"	1416.45018233769	Inf	1391.83183341237	47.2951156785728	6.40817087308857e-10	2.65679300522104e-09
"hsa-miR-135b-3p"	82.965719272419	9.44430736682663e+24	82.5198850171805	47.0523174810218	6.63899371775709e-10	2.73769257070951e-09
"hsa-miR-365a-3p"	726.243038863013	4.17771529298796e+218	702.580562083605	46.911037975081	6.77767959825906e-10	2.77993596356401e-09
"hsa-miR-615-3p"	257.005060391626	2.32397908540289e+77	262.149119744451	46.8431025427941	6.84554663305364e-10	2.78036859877511e-09
"hsa-miR-33a-5p"	651.064070679239	9.76819618783404e+195	656.041108045934	46.8313245247206	6.85739174732814e-10	2.78036859877511e-09
"hsa-miR-324-3p"	108.822163742182	5.73766885211843e+32	111.055777691197	46.8015070153162	6.88748414298919e-10	2.78036859877511e-09
"hsa-miR-143-3p"	3346.71564157898	Inf	3318.99501897448	46.679897844823	7.01178993675592e-10	2.81572925732555e-09
"hsa-let-7g"	271.285807984206	4.62557365904897e+81	271.034892563421	46.6389789131247	7.05419217916494e-10	2.81800281323933e-09
"hsa-miR-148b-3p"	809.976162072306	6.71615261891023e+243	802.98756405263	46.357166904022	7.35432192382229e-10	2.92267612205787e-09
"hsa-miR-145-3p"	109.636736504674	1.00912813482343e+33	111.772213988861	46.2281192697909	7.49661865854448e-10	2.95162483697386e-09
"hsa-let-7b"	6604.23412834457	Inf	6577.54619353048	46.2213845223726	7.50413094145898e-10	2.95162483697386e-09
"ebv-miR-BART3-3p"	82.6417536830935	7.54478299299199e+24	82.7178490662376	46.1489957324166	7.58542354748785e-10	2.96837748006285e-09
"hsa-miR-30a-3p"	150.058424684343	1.48623310955489e+45	150.373255638476	46.0386127804534	7.71133185997452e-10	3.00233072923881e-09
"hsa-miR-498-5p"	499.567896483071	2.42617270307859e+150	506.197015096477	45.981539373916	7.77736986973987e-10	3.01274883337903e-09
"hsa-miR-34b-5p&hsa-miR-34b-3p"	1985.60374039435	Inf	2055.59301069056	45.9167802183251	7.85308615505137e-10	3.02679250297709e-09
"kshv-miR-K12-3-5p"	288.142031210463	5.48775110528788e+86	283.963197028976	45.7489868354075	8.05322700329347e-10	3.08841255576305e-09
"hsa-miR-891a-5p"	400.395656194193	3.3970555447666e+120	387.087679176102	45.6032579379745	8.23179768719118e-10	3.13206662787592e-09
"hsa-miR-331-3p"	1301.75239323542	Inf	1283.37613831723	45.5814837029454	8.25886630979735e-10	3.13206662787592e-09
"ebv-miR-BHRF1-2-3p"	1243.77615121898	Inf	1262.33929789921	45.5568891944167	8.28956356530393e-10	3.13206662787592e-09
"hsa-miR-630"	442.258765455913	1.35879596189138e+133	434.899736498938	45.4506933212895	8.42361849326838e-10	3.16711538447885e-09
"ebv-miR-BART13-3p"	311.429928544702	5.62017759701604e+93	310.824775890608	45.4137700363222	8.47080820064974e-10	3.16932189751139e-09
"hsa-miR-20b-5p"	223.1118236582	1.45663690323356e+67	221.721597324924	45.3519074366074	8.55055137502522e-10	3.18362762361376e-09
"hsa-miR-151a-5p"	1256.43403413907	Inf	1258.72655517228	44.8929926102978	9.16968854514692e-10	3.38805500173643e-09
"hsa-miR-142-3p"	472.167617169395	1.36966938721908e+142	461.711810376022	44.8800029867833	9.18794576742084e-10	3.38805500173643e-09
"hsa-miR-551b-3p"	4695.43120291944	Inf	4573.00848362957	44.8339924293838	9.25295022012963e-10	3.3956999133203e-09
"hsa-miR-95-3p"	642.017148762953	1.84679847948259e+193	640.626167813967	44.6710970818178	9.48735957511143e-10	3.46229449439456e-09
"hsa-miR-656-3p"	186.815649870141	1.7262920494659e+56	185.563004900858	44.6455773484322	9.52469541482728e-10	3.46229449439456e-09
"hsa-miR-582-5p"	275.531809929059	8.77686762439261e+82	276.48048329466	44.5410570385368	9.6793757015377e-10	3.50192507692425e-09
"hsa-miR-92b-3p"	368.530319425133	8.68321308311665e+110	363.731916245938	44.3252187839427	1.00079849409787e-09	3.60381429564819e-09
"hsa-miR-346"	78.6900575725031	4.87604483014144e+23	80.8782940248528	44.1661936041342	1.02582762245391e-09	3.67668124496332e-09
"hsa-miR-136-3p"	540.868822378485	6.57263106857223e+162	540.196202695509	44.1208256889519	1.03309895041646e-09	3.67768805743425e-09
"hsa-miR-193b-3p"	471.795074885845	1.05796024174287e+142	479.039573619751	44.1046960098358	1.03569833168944e-09	3.67768805743425e-09
"hsa-miR-629-3p"	174.20738806134	2.76470802247344e+52	172.389814692808	44.0401984783035	1.04616752888537e-09	3.68151200742195e-09
"ebv-miR-BART12"	110.314270724959	1.61400337307061e+33	109.66791139378	44.0389278458393	1.04637499037547e-09	3.68151200742195e-09
"hsa-miR-519e-3p"	257.972873332318	4.54540871874528e+77	261.298531223303	44.0028888193711	1.05227888841658e-09	3.6853785726736e-09
"hsa-miR-647"	181.41219373012	4.07860729773294e+54	178.86475724961	43.9322091531792	1.06396866363673e-09	3.70938165913349e-09
"hsa-miR-196a-3p"	284.274585080518	3.75990709723828e+85	283.539502900349	43.7101013486431	1.10168227135353e-09	3.81579173520204e-09
"hsa-miR-181b-5p"	673.130520856358	4.29020233273312e+202	682.24384696674	43.6942005707938	1.10444037185769e-09	3.81579173520204e-09
"hsa-miR-18a-5p"	219.265511256549	1.01273519451786e+66	216.734962030386	43.6157996332986	1.11815564624829e-09	3.8458537249885e-09
"hsa-miR-221-5p"	262.132908053905	8.12583828155516e+78	262.12538648443	43.5847112921161	1.12364806780243e-09	3.84749137501993e-09
"hsa-miR-526b-5p"	509.98311588073	3.31295214239423e+153	497.80994751282	43.513447005445	1.13635535720898e-09	3.86953075957403e-09
"hsa-miR-125a-3p"	146.144087381709	9.85720958876568e+43	145.898139706531	43.4922060349437	1.14017464362938e-09	3.86953075957403e-09
"hsa-miR-92a-1-5p"	81.9122729783951	4.55041681461135e+24	79.5987785596177	43.3557928700619	1.16505585922178e-09	3.93655437895642e-09
"ebv-miR-BHRF1-3"	148.771876879387	6.09252685155515e+44	145.337432785175	43.2954114473603	1.17626720455538e-09	3.9570041486578e-09
"hsa-miR-552-3p"	134.327114183835	2.73206231164389e+40	132.718192421311	43.1575808180463	1.20232472353016e-09	4.02700027488048e-09
"hsa-miR-539-5p"	166.897839465996	1.74283346633039e+50	168.881870739681	43.1291567657281	1.20778024333611e-09	4.02768455060347e-09
"hsa-miR-106b-3p"	137.938076209297	3.33809339300967e+41	137.707630815627	42.9807338546908	1.23673189433571e-09	4.10637819461251e-09
"hsa-miR-29c-5p"	394.430828111903	5.43889251528257e+118	397.071058398782	42.9024776466347	1.25231606870172e-09	4.1389355896214e-09
"hsa-miR-181d-5p"	173.004187307887	1.20074214744859e+52	172.366702140101	42.8775376024168	1.25732984665161e-09	4.1389355896214e-09
"ebv-miR-BART17-5p"	2979.79490353812	Inf	2937.60720511965	42.8302443461376	1.26690058859601e-09	4.15261859595359e-09
"hsa-miR-342-5p"	192.324839170869	7.8622256054683e+57	192.157926403827	42.7866857220557	1.27578938180466e-09	4.16395938657097e-09
"hsa-miR-23a-5p"	115.487841423974	5.82511365112586e+34	111.766931684077	42.7378184904621	1.28584655417058e-09	4.16810928380775e-09
"ebv-miR-BART4-5p"	99.7350981311059	1.05500898409766e+30	94.0137768375693	42.7277524219863	1.28792946579196e-09	4.16810928380775e-09
"hsa-miR-376c-3p"	807.886024502518	1.57734412659203e+243	806.149985002592	42.6991323781273	1.29387277242681e-09	4.1697496489553e-09
"hsa-miR-921"	5409.89295007629	Inf	5492.23018810039	42.600057681165	1.31469063118283e-09	4.21620886004042e-09
"hsa-miR-665"	9093.79367923214	Inf	8726.44641978868	42.5630343852462	1.3225682751563e-09	4.21620886004042e-09
"hsa-miR-15b-5p"	637.035995092603	5.84713122324258e+191	635.533652216433	42.5526846419621	1.32478009813526e-09	4.21620886004042e-09
"hsa-miR-765"	2952.8012206702	Inf	2873.09050559285	42.4770482371138	1.34107334527741e-09	4.24422444660622e-09
"hsa-miR-888-5p"	104.828991875902	3.60305564927563e+31	104.103954313637	42.4605855310392	1.34464998764708e-09	4.24422444660622e-09
"hsa-miR-579-3p"	90.6817930054783	1.98581942799314e+27	89.2549087862575	42.4013459142499	1.35761085740994e-09	4.26757183456323e-09
"hsa-miR-875-5p"	76.8369229754567	1.34964201670734e+23	76.6339352371065	42.348985211113	1.36918586305718e-09	4.28639002842799e-09
"hsa-miR-550a-3p"	155.392877688494	5.99676868196094e+46	158.295255829464	42.2578170524782	1.38961037508594e-09	4.33264698248341e-09
"hsa-miR-421"	210.173901593505	1.85630222563734e+63	212.380918685454	42.0289780517967	1.44243198196108e-09	4.47913089135283e-09
"hsa-miR-569"	78.4872989002184	4.23673448376922e+23	76.7803257403044	41.9081323147883	1.47125132242788e-09	4.55020066250881e-09
"hsa-miR-424-5p"	915.073471097217	2.91449313453175e+275	910.20100572915	41.7062813860106	1.52087130697118e-09	4.68477225882287e-09
"hsa-miR-21-5p"	726.859844970721	6.40642844636187e+218	730.404281378933	41.6408705945234	1.53735982868131e-09	4.68869822188131e-09
"hsa-miR-483-3p"	95.7262140479273	6.55332640721361e+28	95.4093466079748	41.636758265219	1.53840326692247e-09	4.68869822188131e-09
"hsa-miR-502-3p"	143.862544892084	2.02740850985935e+43	142.387483241789	41.6231039262628	1.54187365684212e-09	4.68869822188131e-09
"hsa-miR-137-3p"	556.411759569516	3.13783115407128e+167	549.566666010213	41.6045723867325	1.54659797931678e-09	4.68869822188131e-09
"hiv1-miR-N367"	86.8159109825177	1.36205080314268e+26	87.4249042261022	41.5645482130742	1.5568581525059e-09	4.7012212715434e-09
"hsa-miR-19a-5p"	73.3356938135125	1.19191034915543e+22	72.3639769586331	41.513856869336	1.5699648562618e-09	4.71070642465123e-09
"hsa-let-7a-3p"	104.693228874483	3.27945921474406e+31	108.550769147024	41.5049427419539	1.57228271800615e-09	4.71070642465123e-09
"hsa-miR-551b-5p"	515.818364878075	1.89147298410773e+155	504.556116747754	41.3163149551009	1.62226031570752e-09	4.8325828013974e-09
"hsa-miR-601"	155.108137296565	4.9226833161417e+46	152.18218307081	41.3040870051179	1.6255624025561e-09	4.8325828013974e-09
"hsa-miR-423-5p"	1397.09393713022	Inf	1408.76415882841	41.0966629129066	1.68276501046641e-09	4.97033600268344e-09
"hsa-miR-182-5p"	108.600620350799	4.92089698252369e+32	109.460454928263	41.086309743222	1.68567998162813e-09	4.97033600268344e-09
"hsa-miR-147a"	194.542540951823	3.65712882705e+58	193.797192308501	41.0662657056204	1.69133989139554e-09	4.97033600268344e-09
"hsa-miR-155-5p"	189.070120564482	8.23716136255099e+56	188.825159499332	41.0345483859165	1.70034052800243e-09	4.9777144464804e-09
"hsa-miR-149-5p"	771.631899613416	1.92463063717198e+232	777.542305167266	40.8418280824122	1.75622331411065e-09	5.12176152822383e-09
"hsa-miR-502-5p"	111.797666256808	4.51285093554318e+33	113.810359010097	40.6319198926519	1.81949606986573e-09	5.28618744540536e-09
"hsa-miR-767-5p"	88.7895332431657	5.34949526190792e+26	86.6689777070844	40.4868300146095	1.86475620777526e-09	5.39723777873064e-09
"hsa-miR-20a-5p"	1587.08416577341	Inf	1582.08903485463	40.4502900925135	1.87635690682551e-09	5.4103975471247e-09
"hsa-miR-138-5p"	5938.97744566752	Inf	5839.61022511209	40.4096651834787	1.88935158847137e-09	5.42746317736908e-09
"hsa-miR-423-3p"	623.715636703421	5.71630525497085e+187	617.705437290127	40.1843432398966	1.96332263904574e-09	5.61672299651695e-09
"hsa-miR-491-5p"	437.719705926663	5.84468590662161e+131	432.673157440182	40.1648372105388	1.969880685871e-09	5.61672299651695e-09
"hsa-miR-361-3p"	163.438101634918	1.58405780788807e+49	165.613909949394	40.1101700541039	1.98839412188180e-09	5.64851219067903e-09
"hsa-miR-548d-3p"	93.4464822543634	1.34956606038101e+28	91.3195044157745	40.0262565338951	2.01720085727627e-09	5.70919947428375e-09
"hsa-miR-16-2-3p"	98.5109353398569	4.51592206368066e+29	93.6256563686224	39.852439757442	2.07840330119499e-09	5.83946148233927e-09
"hsa-miR-135a-3p"	115.580499250864	6.21150999417759e+34	112.775618848024	39.8490799094977	2.0796070972699e-09	5.83946148233927e-09
"hsa-miR-193a-3p"	264.390377480926	3.88538614053551e+79	263.19329117676	39.8310913943197	2.08606577074441e-09	5.83946148233927e-09
"hsa-miR-744-5p"	2322.705599278	Inf	2362.70484128852	39.7859525407334	2.1023739472274e-09	5.86371206372153e-09
"hsa-miR-593-5p"	94.6608837092785	3.13159371336429e+28	91.1633767031056	39.7033220105386	2.13260697730256e-09	5.92648388257631e-09
"hsa-miR-299-3p"	165.622772693264	7.20149304689334e+49	166.153537263224	39.5475504984413	2.1909644044267e-09	6.06667761081327e-09
"hsa-miR-486-3p"	84.4881420446263	2.71309520206915e+25	83.5601754561959	39.4546013550655	2.22665636227354e-09	6.14332888440218e-09
"hsa-miR-613"	74.1185230618784	2.05068368358778e+22	73.5454040479433	39.2939023934033	2.28994540248144e-09	6.29529793442029e-09
"hsa-miR-431-3p"	101.661487095325	4.01011677496993e+30	103.216595609265	39.2464899412469	2.30900970048676e-09	6.32503728669051e-09
"hsa-miR-135a-5p"	1743.921783669	Inf	1782.59486375324	39.1852062288065	2.33392129829049e-09	6.37052539426622e-09
"hsa-miR-610"	125.596342285919	6.43082029589534e+37	124.116465606347	39.1195666700279	2.36094534478785e-09	6.42143645195844e-09
"hsa-miR-769-5p"	818.004485832119	1.75342350135237e+246	821.061469278913	38.9510841373013	2.43196512195209e-09	6.59122702663339e-09
"hsa-miR-532-3p"	135.557055028821	6.40825356130303e+40	132.321541785281	38.9180594978462	2.44617074924601e-09	6.60638367842145e-09
"hsa-miR-296-3p"	163.126174177926	1.27606120522774e+49	161.745269284213	38.8143258529034	2.4914135161173e-09	6.70496198898937e-09
"hsa-miR-302c-5p"	265.039281653833	6.09219515684223e+79	274.075810695537	38.7642135401509	2.51361225599991e-09	6.74105105018157e-09
"hsa-miR-542-5p"	104.481914659116	2.83263304206815e+31	103.756281133357	38.7366435670836	2.52592168151096e-09	6.75045968543174e-09
"hsa-miR-107"	2153.97003195206	Inf	2104.39331994778	38.710620696584	2.53760368512402e-09	6.75813203642403e-09
"hsa-miR-15a-5p"	1547.15175589685	Inf	1532.27195081512	38.6641396359069	2.55862383388171e-09	6.77830844550436e-09
"hsv1-miR-H1-5p"	234.801657048696	4.81217932931306e+70	227.254565376685	38.6548372176739	2.56285456218548e-09	6.77830844550436e-09
"hsa-miR-513a-5p"	445.764925637386	1.54388032188467e+134	449.049662485846	38.5989343453146	2.58844838510397e-09	6.82247392224999e-09
"hsa-miR-563"	71.6435792630172	3.68864070850607e+21	71.0172049541409	38.5325926313236	2.61920178471002e-09	6.87988961942667e-09
"hsa-miR-10a-5p"	100.105950929697	1.36425003722482e+30	102.170283826429	38.4919684057289	2.6382399479155e-09	6.90624587048188e-09
"hsa-miR-7-2-3p"	211.609088123306	5.01975915221363e+63	209.487137799752	38.456294633937	2.6550888139225e-09	6.92671129346447e-09
"kshv-miR-K12-1-5p"	145.055662865286	4.63559582844816e+43	144.817514543416	38.4369152888178	2.6642933594841e-09	6.92716273465867e-09
"ebv-miR-BART14-5p"	99.7708323877577	1.08146692332666e+30	98.2846090065837	38.3826225946155	2.69027567975624e-09	6.97108596747648e-09
"hsa-miR-19a-3p"	652.293322069661	2.29010773848546e+196	652.96227850267	38.2853213268699	2.73756916211601e-09	7.06974931765312e-09
"hsa-miR-133b"	298.841500350061	9.12547657478791e+89	300.913340699461	38.2631532152127	2.74847666555699e-09	7.07409933718863e-09
"hsa-miR-645"	109.227698850309	7.60000208270971e+32	108.349575862008	38.1709745475166	2.79436846245777e-09	7.16816257760906e-09
"hsa-miR-651-5p"	94.3817723696324	2.58074162822672e+28	94.9325153133395	38.1266682306103	2.81673832165551e-09	7.20146097569926e-09
"ebv-miR-BART1-5p"	118.29566002754	4.07889029856496e+35	114.571039798815	38.0415669524394	2.86028255042080e-09	7.26584044638512e-09
"hsa-miR-198"	311.23365228438	4.90529349861635e+93	304.084262879154	38.0404377946943	2.86086546911122e-09	7.26584044638512e-09
"hcmv-miR-US33-3p"	80.5453854334803	1.76431866166783e+24	80.4434041277046	37.9514298756979	2.90724579366411e-09	7.34957330147046e-09
"hsa-miR-708-3p"	115.984034537935	8.2162456252098e+34	116.185817256407	37.9405022336102	2.91299906603262e-09	7.34957330147046e-09
"hsa-miR-573"	91.9799994239336	4.8835858617698e+27	94.9704920371598	37.8287267538586	2.97260190738699e-09	7.43822289679969e-09
"hsa-miR-490-3p"	439.510433189314	2.02219856214343e+132	445.265169328625	37.8207393116121	2.97691426346689e-09	7.43822289679969e-09
"hsa-miR-602"	249.866073977988	1.64885766000174e+75	248.294882350688	37.8201573836651	2.97722872140483e-09	7.43822289679969e-09
"hsa-miR-639"	81.2296438249815	2.83504089839536e+24	80.5177650493667	37.7140806961258	3.03518996179478e-09	7.55841136589803e-09
"hcmv-miR-UL70-5p"	83.7355420224384	1.6103113423797e+25	82.173500784124	37.6739839162509	3.05743472448315e-09	7.58116785597636e-09
"hsa-miR-93-3p"	95.0846467063856	4.20078820372847e+28	96.9157084575794	37.662040771085	3.06409652588354e-09	7.58116785597636e-09
"hsa-miR-509-3-5p"	169.931890369872	1.42756608315139e+51	171.802587126183	37.5700763002882	3.11595377054688e-09	7.68468341482141e-09
"hsa-miR-574-3p"	572.126928690493	1.68797831454895e+172	563.034606328017	37.526436475612	3.14091245578224e-09	7.72140978713133e-09
"hsa-miR-223-3p"	431.337307453854	7.00596224441578e+129	429.121799806805	37.4747893474957	3.17074685470634e-09	7.74549981438748e-09
"hsa-miR-150-5p"	266.339025549701	1.49980814011121e+80	255.007302561923	37.4655048880578	3.17614442396113e-09	7.74549981438748e-09
"hsa-miR-34a-5p"	1558.94873086772	Inf	1518.61455031566	37.4571559658691	3.18100709456591e-09	7.74549981438748e-09
"hsa-miR-505-3p"	131.387072190949	3.55999814720053e+39	131.008998966445	37.4363199267935	3.19317985678972e-09	7.75053465239782e-09
"hsa-miR-944"	109.181313389242	7.35953366335077e+32	109.005360507073	37.3658512952493	3.23474560630215e-09	7.82665577297713e-09
"ebv-miR-BART8-3p"	478.01473212396	7.88447424002795e+143	469.3954190532	37.3460426867185	3.24654091965981e-09	7.83049335024866e-09
"hsa-miR-10b-3p"	78.7159551777913	4.96436432313384e+23	77.7240058770827	37.2104785223716	3.32859850938009e-09	7.98964992934380e-09
"hsa-miR-194-5p"	128.119231271661	3.69599720547772e+38	127.410993181914	37.2027281297234	3.33336111784878e-09	7.98964992934380e-09
"hsa-miR-624-5p&hsa-miR-624-3p"	84.9621013403548	3.7682611953203e+25	84.7615997536892	37.0041677912511	3.45807672227432e-09	8.26275652954643e-09
"hsa-miR-374b-3p"	568.108086250643	1.04129729616787e+171	566.276093666797	36.7890480717287	3.59926055472462e-09	8.57339393004281e-09
"hsa-miR-646"	65.9528618895557	71415047376556056576	66.556362276109	36.6944937388806	3.66339575335868e-09	8.6991471914121e-09
"hsa-miR-299-5p"	221.430652366059	4.54222163589903e+66	219.495549265598	36.6152407111274	3.71816108725285e-09	8.77401215441991e-09
"hsa-miR-455-5p"	109.458778558759	8.92022142513828e+32	113.269579450014	36.6105072713202	3.72146151905498e-09	8.77401215441991e-09
"hsa-miR-187-5p"	736.680649812277	5.7939243274774e+221	720.373199655643	36.5993687992191	3.72924115037926e-09	8.77401215441991e-09
"hsa-miR-760"	102.122321234061	5.51927353585541e+30	101.29052962581	36.5582412528011	3.75812822810189e-09	8.81493685307079e-09
"ebv-miR-BART6-5p"	75.3133251993288	4.69429046061565e+22	76.4712550097546	36.5258523853493	3.78105776251146e-09	8.84168080440943e-09
"hsa-miR-145-5p"	489.171656413313	1.80028643464655e+147	491.702349355792	36.500395127593	3.79919250632648e-09	8.85708404970337e-09
"hcmv-miR-US25-1-3p"	128.685369991374	5.47212954971335e+38	125.522653826237	36.4494894313732	3.83575505693232e-09	8.91522463232452e-09
"kshv-miR-K12-10b"	100.817310679096	2.23375015979881e+30	100.149914102049	36.4262493937465	3.85258076626961e-09	8.9272792982743e-09
"hsa-miR-493-5p"	94.6291414008867	3.06344456284245e+28	99.1329321641843	36.3999597758145	3.87171626642584e-09	8.94459751912235e-09
"hsa-miR-380-3p"	96.7380498969243	1.32146218850226e+29	95.1451316020834	36.3699544024358	3.89368941303605e-09	8.96834768708305e-09
"hsa-miR-519d-3p"	5224.89605409709	Inf	5200.09148430936	36.342627681117	3.9138252062063e-09	8.98773632682703e-09
"hsa-miR-521"	104.537786229791	2.9444849269669e+31	101.060376900902	36.3150573926413	3.93426132744345e-09	9.00769683029589e-09
"hsa-miR-297"	170.676510645778	2.39193437194458e+51	172.014500117792	36.2948614487058	3.94930881124031e-09	9.01523767327773e-09
"hsa-miR-204-5p"	420.200123223248	3.11057925939146e+126	414.084862000098	36.2460724256005	3.98593279302513e-09	9.05787667695472e-09
"hsa-miR-541-5p"	94.0258329001519	2.01648998886114e+28	88.7685339742855	36.2385598175028	3.99160667120038e-09	9.05787667695472e-09
"hsa-miR-25-3p"	186.943504952347	1.88626403931126e+56	187.194644494137	36.0931183378562	4.1032935253921e-09	9.27350999199197e-09
"hsa-miR-125b-1-3p"	248.937152146155	8.66063690230019e+74	248.48323479649	36.0834897727902	4.11081277350361e-09	9.27350999199197e-09
"ebv-miR-BART9-5p"	104.10302227085	2.17837348819684e+31	105.852675381085	36.0012469703021	4.17568530853878e-09	9.39223059134675e-09
"hsa-miR-606"	75.5704112398593	5.60997037512947e+22	74.9386542986115	35.9803969631486	4.1923172827229e-09	9.40206829195456e-09
"hsa-miR-26b-3p"	93.1616288902507	1.10775760663352e+28	93.3662564418912	35.9505438102437	4.21626318644277e-09	9.42820368513588e-09
"ebv-miR-BART6-3p"	235.479483138423	7.69817515201743e+70	228.663543751084	35.9202670111886	4.2407089124468e-09	9.45530155769388e-09
"hsa-miR-188-5p"	88.9579956865521	6.0120842206624e+26	86.2452456193807	35.7212644743648	4.40548180420397e-09	9.79421606905635e-09
"hsa-miR-330-5p"	247.919295036156	4.2770498269844e+74	248.736740335855	35.6810917820548	4.43962658410209e-09	9.84159997111649e-09
"hsa-miR-124-5p"	279.785889623003	1.67473131112382e+84	288.324928405336	35.626322592783	4.48666667903899e-09	9.91721424444641e-09
"hsa-miR-93-5p"	589.022992812298	2.05868060146751e+177	588.72127089414	35.5725427563374	4.53341284249364e-09	9.99174612124318e-09
"hsa-miR-378a-5p"	87.9874221491423	3.06798553768296e+26	87.6506967997751	35.5045440011724	4.59331829494258e-09	1.00947711524956e-08
"hsa-miR-148a-3p"	103.859584385328	1.84013733606704e+31	103.350372891878	35.4721857298797	4.62214300580823e-09	1.01290962441569e-08
"hsa-miR-96-3p"	74.7251739879626	3.1226175884481e+22	75.2750119438074	35.4480601105385	4.64376880802301e-09	1.01474948027169e-08
"hsa-miR-497-3p"	75.0425164403709	3.89088503391289e+22	74.7955077144997	35.4092517055445	4.67879940621789e-09	1.01949975697986e-08
"hsa-miR-409-5p"	256.183589518978	1.31505780161507e+77	247.134636379061	35.3883431158902	4.69779794641076e-09	1.02010476862738e-08
"hsa-miR-542-3p"	131.62565331242	4.20019879409566e+39	130.405994178674	35.3769626705287	4.70817585520328e-09	1.02010476862738e-08
"hsa-miR-99a-3p"	166.37376332187	1.21197385544515e+50	166.913232817453	35.2733394318097	4.80388733325602e-09	1.0379103055232e-08
"hsa-miR-302d-5p"	2669.0691215893	Inf	2646.73144534438	35.2402143399519	4.83495152281094e-09	1.03963312747071e-08
"hsa-miR-135b-5p"	94.1910185370786	2.26111109903663e+28	96.8690888494731	35.235946678935	4.83897035863161e-09	1.03963312747071e-08
"hsa-miR-488-5p"	101.817934661705	4.46943298406182e+30	101.983785577034	35.1623415284461	4.90888906699473e-09	1.05170891463267e-08
"hsa-miR-217-5p"	100.414987875435	1.69014266409712e+30	100.486745210355	35.1294066656933	4.94054829568697e-09	1.05554332668298e-08
"hsa-miR-185-3p"	2196.3096619923	Inf	2196.44876724199	35.0709867010253	4.99728211144497e-09	1.0625715665423e-08
"hsa-miR-92b-5p"	89.5798858665985	9.25193672671388e+26	86.647945674747	35.0670297831732	5.001151701718e-09	1.0625715665423e-08
"hsa-miR-126-5p"	454.520668971179	6.67352066432825e+136	453.88368566657	35.0274806800571	5.04001696165656e-09	1.06787099712447e-08
"hsa-miR-138-1-3p"	1228.33074121475	Inf	1180.55565270071	34.8940592442634	5.1737043668228e-09	1.09106076781653e-08
"hsa-miR-183-5p"	169.652497064409	1.17622513496826e+51	170.844493453387	34.889920775814	5.17791550828183e-09	1.09106076781653e-08
"hsa-miR-339-5p"	269.03355236155	9.70887927441161e+80	273.397736733413	34.8719041727349	5.19629425548184e-09	1.09193361478207e-08
"hsa-miR-34c-3p"	99.5464314289326	9.25682005359425e+29	98.1456640261516	34.8103749494272	5.25962541066046e-09	1.10222204644169e-08
"hsa-miR-452-5p"	114.653021751903	3.2658681008896e+34	113.985533252843	34.77584695954	5.29555127109338e-09	1.10672692777347e-08
"hsa-miR-99b-5p"	2270.95557430156	Inf	2340.50223038839	34.757877974086	5.31435878094186e-09	1.10763945244087e-08
"hsa-miR-202-5p"	71.0302353164273	2.41118997503724e+21	70.0449519653059	34.6675722288304	5.41004373544583e-09	1.12452670598562e-08
"hsa-miR-654-3p"	267.2218448807	2.76560916503498e+80	271.744144229497	34.5865568838004	5.49756555927792e-09	1.13963048215302e-08
"hsa-miR-192-5p"	167.610089833112	2.85538461841706e+50	168.075106452163	34.5211415399216	5.56941798640748e-09	1.15141336807939e-08
"hsa-miR-590-5p"	144.045164871381	2.30099331351761e+43	144.821216436213	34.4930668433523	5.60058446123308e-09	1.15474416176499e-08
"hsa-miR-7-1-3p"	124.794287064895	3.68827839013879e+37	124.962009827024	34.2225211703635	5.91137725519136e-09	1.21555666346696e-08
"hsa-miR-450b-5p"	74.5845126221542	2.83253647630545e+22	75.2345662557315	34.1602237657756	5.98570934109009e-09	1.22755055203639e-08
"hsa-miR-522-3p"	74.8045840324544	3.29931367373578e+22	77.031213028869	34.0886902983652	6.07238433094972e-09	1.24200500849025e-08
"hsa-miR-125b-2-3p"	196.786161687778	1.73195817323855e+59	197.986602231949	34.0217863039105	6.15475188272839e-09	1.25550390799273e-08
"hsa-miR-744-3p"	122.545719485317	7.7613524449422e+36	120.837806889608	33.9311462685088	6.26838909108694e-09	1.27529295301424e-08
"hcmv-miR-UL148D"	395.470771627124	1.11831633385617e+119	377.216914295947	33.8894798897303	6.32143124945829e-09	1.28268194929484e-08
"hsa-miR-548a-3p"	92.9621110354307	9.64681348749331e+27	92.4151223575599	33.856337837506	6.36398866986019e-09	1.2879101081221e-08
"hsa-let-7d-3p"	235.4388713789	7.4844937545162e+70	236.463049559404	33.7932626086554	6.44589198318598e-09	1.30032544165719e-08
"hsa-miR-221-3p"	1078.05696327994	Inf	1058.88717523397	33.7830671600334	6.45924371931405e-09	1.30032544165719e-08
"hsa-miR-454-5p"	79.1100329998933	6.52368362145363e+23	77.5963800624665	33.6850182500301	6.58927494792447e-09	1.32302981284243e-08
"hsa-miR-490-5p"	119.163324680349	7.44277879854892e+35	117.176313762219	33.6171771687728	6.68099859824589e-09	1.33794410570616e-08
"hsa-miR-122-3p"	105.366433989549	5.2294638720393e+31	105.331515081708	33.4839304785647	6.8654390869782e-09	1.37129994263341e-08
"hsa-miR-483-5p"	371.850022562984	8.66983195580941e+111	366.27486262645	33.3596077318944	7.04279790510115e-09	1.40307168654872e-08
"hsa-miR-33a-3p"	88.7639697361614	5.25554095523131e+26	93.2390446062717	33.2728537391334	7.16966802491176e-09	1.42464647023506e-08
"hsa-miR-33b-5p"	89.4573025092481	8.49828685691905e+26	88.5174444213976	33.1406808182652	7.36802009498582e-09	1.45743327789256e-08
"hsa-miR-589-3p&hsa-miR-589-5p"	190.295498513268	1.92598585104824e+57	189.674769112971	33.1376285802771	7.37267420889586e-09	1.45743327789256e-08
"hsa-miR-31-3p"	126.259940159093	1.01865996644202e+38	125.060971173428	33.058578288863	7.49439149890071e-09	1.47768593307374e-08
"hsa-miR-603"	104.7435023942	3.39575283198024e+31	105.115150614244	33.0303713235329	7.53837842668295e-09	1.48254775724765e-08
"hsa-miR-892a"	83.4597898417015	1.33014863822063e+25	79.821078321116	32.9131774203669	7.72432612339844e-09	1.51523226001192e-08
"hsa-miR-504-5p"	207.282474585858	2.50174145918207e+62	206.832146526894	32.6459230443106	8.16834047040654e-09	1.59824416857189e-08
"hsa-miR-130b-5p"	129.657088634987	1.07318064030677e+39	132.143366735433	32.5804155694833	8.28158547352509e-09	1.61627889521469e-08
"hsa-miR-105-5p"	187.946328400486	3.77991839103083e+56	188.116409816388	32.558373201041	8.32009402022759e-09	1.6196731252575e-08
"hsa-miR-326"	232.75711024742	1.16646547353054e+70	232.082916685896	32.5333690145771	8.36402519576815e-09	1.6241031202922e-08
"hsa-miR-936"	139.546880241874	1.01811480807711e+42	136.732816638711	32.4286929114965	8.55084062443654e-09	1.65618554518758e-08
"hsa-miR-373-5p"	101.490951362571	3.56303959536711e+30	101.994530269701	32.3887248852234	8.62342769077371e-09	1.66603754126535e-08
"hsa-miR-181a-5p"	2743.4060099896	Inf	2722.75188903384	32.3695422429808	8.65851605932335e-09	1.66771678427825e-08
"hsa-miR-532-5p"	106.19719584729	9.30125188235838e+31	106.893862343181	32.3602313203355	8.6756062180837e-09	1.66771678427825e-08
"hsa-miR-491-3p"	2828.01469871556	Inf	2833.6044439494	32.2361851337972	8.90701475834615e-09	1.70792007991287e-08
"hsa-miR-22-3p"	6792.09434124572	Inf	6991.54100051875	32.0849980706195	9.1986649669061e-09	1.75944539391945e-08
"hsa-miR-328-3p"	119.710701184411	1.08770683722207e+36	114.157002173085	32.0254845217716	9.31645660962025e-09	1.77754284069123e-08
"hsa-miR-512-3p"	100.159902667859	1.41623416103735e+30	96.5071226337813	31.7624624968834	9.85814235999472e-09	1.87622709432158e-08
"hsa-miR-181a-2-3p"	178.377395595651	4.97675913988672e+53	176.128380927321	31.7248561680057	9.93849854640286e-09	1.88683870918094e-08
"hsa-miR-572"	78.2488934628016	3.59140232790237e+23	76.3933648739143	31.7084872782943	9.97370905711668e-09	1.88884811032309e-08
"hsa-miR-517a-3p"	82.3891811795548	6.33307823747571e+24	82.2116431766749	31.6854222419001	1.00235659281003e-08	1.89361454848595e-08
"hsa-miR-339-3p"	161.041739040154	3.00880474266956e+48	156.936662004351	31.5642460638133	1.02902285239229e-08	1.93921505598252e-08
"hsa-miR-148b-5p"	94.4230407761027	2.6556299345066e+28	92.5160387577044	31.5090277609118	1.04144287352292e-08	1.95781049998058e-08
"hsa-miR-508-5p"	105.09250154935	4.32509136107429e+31	106.320629023782	31.4110643056734	1.063901883788e-08	1.99514118548996e-08
"hsa-let-7f-2-3p"	84.8048877431592	3.37920850522928e+25	87.0937741657976	31.3597191564601	1.07589427833437e-08	2.01270954020113e-08
"hsa-miR-449b-5p"	92.1163190407881	5.36753792191143e+27	92.6198043083472	31.3118902232206	1.0872047306778e-08	2.02891977720165e-08
"hsa-miR-215-5p"	157.520326335498	2.62025255879312e+47	158.14912304872	31.0007468952715	1.16419350010871e-08	2.16732139461986e-08
"hsa-miR-516b-5p"	318.051534934777	5.53416600591328e+95	311.786277797427	30.9065546696965	1.18871709207897e-08	2.2076174567181e-08
"hsa-miR-875-3p"	101.114426265132	2.7445762454196e+30	101.310750022618	30.8673348432459	1.19910213887671e-08	2.22152497709767e-08
"hsa-miR-154-5p"	811.533826364147	1.97707994872291e+244	789.129997590177	30.8555227120298	1.20225019365844e-08	2.22199011695427e-08
"hsa-miR-148a-5p"	70.3913010747419	1.54843527807489e+21	70.6854090234908	30.8257307969862	1.21023213410265e-08	2.23136549725176e-08
"hsa-miR-323b-5p"	93.9134241414797	1.8653385346893e+28	94.4358774929782	30.7441271127919	1.23240797189418e-08	2.2668031521411e-08
"hsa-miR-200c-5p"	107.69423261395	2.62539332553208e+32	107.647925479067	30.6880613846107	1.24791333792084e-08	2.28983141192652e-08
"hsa-miR-612"	99.0960679227065	6.7746817288686e+29	99.1374649438502	30.6578053216065	1.25637352242051e-08	2.29985320213969e-08
"hsa-miR-631"	96.0751635724804	8.34653220881972e+28	101.801149061499	30.6232916578517	1.26610444788131e-08	2.31214788458325e-08
"hsa-miR-593-5p&hsa-miR-593-3p"	95.0455005448221	4.08833633693725e+28	98.0039864611147	30.5819173458754	1.27788353919138e-08	2.3226310092859e-08
"hsa-miR-874-3p"	308.465925390246	7.20271420290452e+92	308.316890446382	30.5818553414706	1.27790128542197e-08	2.3226310092859e-08
"hsa-miR-98-5p"	936.182600914518	6.59241128270251e+281	971.921144914173	30.5061441914023	1.29978242357845e-08	2.35681588388812e-08
"hsa-miR-615-5p"	97.1959381693269	1.81506777228278e+29	92.3282153208862	30.4669973485439	1.31126411690761e-08	2.37202730582107e-08
"hsa-miR-200b-3p"	103.04680913063	1.04756385646225e+31	103.806644793104	30.4266528063528	1.32321868035974e-08	2.38802053608451e-08
"hsa-miR-370-3p"	103.114577478389	1.09794557115292e+31	102.474945500451	30.3621502452731	1.34259154208723e-08	2.41384197870244e-08
"hsa-miR-520d-5p"	4450.27769780752	Inf	4385.63118874974	30.3580934934484	1.34382076258923e-08	2.41384197870244e-08
"hsa-miR-96-5p"	107.204096968523	1.86917018753224e+32	102.897901710966	30.2294323362708	1.38348209455681e-08	2.47927749188101e-08
"hsa-miR-324-5p"	284.234058875252	3.65575860376938e+85	285.431333670919	30.1571474611969	1.40635157589387e-08	2.51438615084055e-08
"hsa-miR-19b-1-5p"	74.0219894146015	1.91795826446512e+22	74.6433711019486	30.0999372277295	1.42475863786681e-08	2.53704672733825e-08
"hsa-miR-604"	82.5325875442028	6.99494768183811e+24	80.4678509145198	30.0972140839031	1.42564164208968e-08	2.53704672733825e-08
"hsa-miR-524-3p"	74.7956520912999	3.27895023006168e+22	74.250883868503	30.0572940085427	1.43865822240744e-08	2.55428439024653e-08
"hsa-miR-425-3p"	133.281189497617	1.32323170014929e+40	133.444631703039	30.006318476651	1.45547775061288e-08	2.57817883307177e-08
"hsa-miR-195-5p"	2890.51488188019	Inf	2848.21028424756	29.9066485626915	1.48901832320055e-08	2.63151394906641e-08
"hsa-let-7i-3p"	107.500751096626	2.29588767424416e+32	108.429278181232	29.8706438077852	1.50135128438664e-08	2.64721019568863e-08
"hsa-miR-27a-3p"	1458.87894710022	Inf	1449.97002753345	29.8422939340056	1.5111444377613e-08	2.65836647652045e-08
"hsa-miR-586"	100.432362205862	1.71062005516167e+30	97.909833431575	29.7673409920443	1.53739009782659e-08	2.69834829527001e-08
"hcmv-miR-UL36-5p"	102.01425007191	5.12093492264322e+30	102.478329156527	29.6574643545901	1.57681294424351e-08	2.75524630568208e-08
"hsa-miR-499a-3p"	79.2860903418756	7.37040634161695e+23	78.9818200723824	29.6533948923661	1.5782950927189e-08	2.75524630568208e-08
"hsa-miR-129-5p"	1584.15015461441	Inf	1625.66199995747	29.6471173389041	1.58058458213835e-08	2.75524630568208e-08
"hsa-miR-625-5p"	751.816187576907	2.0855647911324e+226	744.148168292204	29.5995646120883	1.59805149390235e-08	2.77937754154899e-08
"hsa-miR-941"	74.1892804226719	2.15376722579842e+22	74.7009096210339	29.5391239149212	1.62057200495252e-08	2.8121690674176e-08
"hsa-miR-210-3p"	105.987462111491	8.04276278765232e+31	108.192850895933	29.5292294000017	1.6242932320063e-08	2.81226390281903e-08
"hiv1-miR-H1"	112.909122437058	9.75062911887663e+33	109.52105852756	29.5073552818022	1.63255461358587e-08	2.81670650003186e-08
"hsa-miR-591"	72.0284211011303	4.8163195307756e+21	70.5823515313744	29.5030035346736	1.63420390158302e-08	2.81670650003186e-08
"hsa-miR-488-5p&hsa-miR-488-3p"	1192.33699134329	Inf	1153.10383261756	29.4920008572476	1.63838236443975e-08	2.81757684646925e-08
"ebv-miR-BART10-5p"	92.4939232786437	6.97341198008977e+27	94.5228366217005	29.4393673987356	1.65854070991552e-08	2.84586291835617e-08
"hsa-miR-662"	113.293014947844	1.27231837248821e+34	115.47319889838	29.3837873772624	1.68013623027276e-08	2.87648323352502e-08
"hsa-miR-132-3p"	1031.47712997713	Inf	1044.93369654345	29.3669904372503	1.68672582386855e-08	2.88133342295585e-08
"hsa-miR-371a-5p"	9451.92218053261	Inf	9516.53748238756	29.2878645889446	1.71816804421781e-08	2.92213231248645e-08
"hsa-miR-197-3p"	548.436916364114	1.24727596926204e+165	562.365485628656	29.287712706673	1.71822903902397e-08	2.92213231248645e-08
"hsa-miR-605-5p"	165.518065167999	6.69734143046851e+49	163.845738642959	29.2627459072869	1.72828927863749e-08	2.93273866529858e-08
"hsa-miR-575"	108.598503158622	4.91368073560864e+32	111.439167990466	29.1834885018731	1.76067495815881e-08	2.98109865984064e-08
"hsa-miR-802"	79.5727109635793	8.9902721005807e+23	82.9177690343115	29.1637131572415	1.7688633020838e-08	2.98836597510633e-08
"ebv-miR-BART10-3p"	112.336978564638	6.55843426858403e+33	108.03960985592	29.0886679444564	1.80033599581578e-08	3.03485210723231e-08
"hsa-miR-18b-3p"	103.056940188994	1.05494606913782e+31	101.617876857855	29.0330376255188	1.82408011244533e-08	3.06813475053852e-08
"hsa-miR-455-3p"	112.1921275761	5.93192535998921e+33	110.307498015694	28.9619938255068	1.85492570453203e-08	3.11319040563691e-08
"hsa-miR-33b-3p"	69.8806189033905	1.0868319711094e+21	70.1992464297624	28.9414327512894	1.86396389048098e-08	3.12152904803255e-08
"hsa-miR-450a-5p"	91.0503580041083	2.56382793476889e+27	93.6387355839906	28.8547318251315	1.90263393180046e-08	3.17934689693018e-08
"hsa-miR-296-5p"	123.863169128038	1.93432420136574e+37	124.334779409853	28.7163554615678	1.9662691997335e-08	3.27854016564259e-08
"hsa-miR-641"	86.8445413580118	1.3893507774944e+26	86.9074773196829	28.6642007181247	1.99088285246731e-08	3.31237993024388e-08
"hsa-miR-769-3p"	110.644009146378	2.02845600878907e+33	113.361850546961	28.5940715606762	2.02453691124661e-08	3.3610818418315e-08
"hsa-miR-384"	70.8087126120924	2.0679805539226e+21	70.8110034753774	28.5012035858121	2.07010935654149e-08	3.42931722779119e-08
"hsa-miR-371a-3p"	95.0450717691968	4.08712144505151e+28	89.5056430767784	28.4871025480565	2.07713117673596e-08	3.43353364775104e-08
"hsa-miR-548b-3p"	94.6968902960957	3.21073509569727e+28	95.6704769259252	28.4329674191385	2.10434282977658e-08	3.47103430201857e-08
"hsa-miR-935"	108.943867472183	6.24269263814914e+32	108.084271008145	28.4009375072862	2.12063498291706e-08	3.49040135600297e-08
"hsa-miR-616-5p"	89.0172066855067	6.26396529031514e+26	92.2069092797688	28.3319491441946	2.15621874233755e-08	3.53956656873188e-08
"hsa-miR-485-3p"	895.191886349813	3.01723867808613e+269	914.769863470554	28.3205627421104	2.16215721173467e-08	3.53956656873188e-08
"hsa-miR-503-5p"	5103.24585309825	Inf	5273.71800582948	28.3163666628724	2.16435035297947e-08	3.53956656873188e-08
"hsa-miR-34a-3p"	127.284331061091	2.07205666227247e+38	127.765127027425	28.2400745013053	2.20467271312816e-08	3.5978382361049e-08
"hsa-miR-301b-3p"	105.354215343149	5.18536089225086e+31	104.606993664273	28.1458064760979	2.25568812190411e-08	3.67327556157208e-08
"hsa-miR-19b-3p"	706.019201655175	3.41159298667091e+212	691.656732957981	28.0934108509	2.28462652335848e-08	3.71251810045754e-08
"hsa-miR-377-5p"	152.815166783302	1.00449780983574e+46	151.896806405684	28.0672273730052	2.2992468045914e-08	3.72837695374546e-08
"hsa-miR-375-3p"	84.5089668813532	2.75254186963619e+25	89.4807626770281	27.9462570797209	2.36819869045771e-08	3.83208522274486e-08
"hsa-miR-934"	707.217405909225	7.82803275732008e+212	704.33710852504	27.9165447228762	2.38549435337723e-08	3.85194561903229e-08
"hsa-miR-940"	101.411285727055	3.37162218420617e+30	102.622979081273	27.8759727432584	2.40934531431336e-08	3.88228541192929e-08
"hsa-miR-7-5p"	4142.38562426737	Inf	4106.85493752659	27.7811295720387	2.46617241912507e-08	3.96552252718853e-08
"hsa-miR-190a-5p"	408.747718577895	1.11000248527715e+123	418.730921019146	27.6992665263363	2.51645753211331e-08	4.03791407349562e-08
"hsa-miR-218-1-3p"	83.5605560940783	1.42637539511691e+25	83.2354762159175	27.6716380979907	2.53369250254678e-08	4.05708173163546e-08
"hsa-miR-628-3p"	4521.59280960171	Inf	4407.79191280235	27.4669313091325	2.66568244523134e-08	4.25953840727592e-08
"hsa-miR-634"	2338.06630549008	Inf	2297.0507803848	27.4438912232641	2.68102462042091e-08	4.26767422247954e-08
"hsa-miR-589-3p"	78.2081193864344	3.49132147521563e+23	77.6302623735935	27.4425779061129	2.68190218413968e-08	4.26767422247954e-08
"hsa-miR-372-3p"	94.2618126196875	2.37483283078868e+28	95.2320113593563	27.3699723430547	2.7309326557494e-08	4.33669844091054e-08
"hsa-miR-30e-5p"	1426.15673633865	Inf	1407.8568867728	27.3374967166782	2.75319473267487e-08	4.36301727264799e-08
"hsa-miR-139-3p"	123.321235987569	1.32859047519811e+37	122.17704741916	27.2500267029593	2.81419539224837e-08	4.45049044506083e-08
"hsa-miR-526b-3p"	121.446932842141	3.62384544410404e+36	116.473061805475	27.1612466120277	2.87769584414396e-08	4.5415487910667e-08
"ebv-miR-BART17-3p"	89.1721803542472	6.97430707777395e+26	91.6214755056695	27.0501372950379	2.95948967495122e-08	4.66104431352687e-08
"hcmv-miR-UL112-3p"	89.6128607148744	9.46583810530522e+26	93.6750482253287	27.0403258954696	2.96683929153952e-08	4.66304454223528e-08
"hsa-miR-432-5p"	424.664219015605	6.86543419679425e+127	416.713336130533	27.0228465550497	2.97998467186687e-08	4.67412728695683e-08
"hsa-miR-492"	97.8555545943434	2.86719463424994e+29	99.8817028583841	26.9693350058494	3.02064423293061e-08	4.72823291154648e-08
"hsa-miR-374a-3p"	94.5765099751558	2.95370003220763e+28	97.0211512370881	26.9316509136231	3.04965852740536e-08	4.76392686460267e-08
"hsa-let-7i"	2799.638264226	Inf	2812.04243540163	26.9161334371712	3.061698534899e-08	4.77301377290148e-08
"hsa-miR-25-5p"	357.080719989531	3.1046138468136e+107	375.005071413504	26.8140305312239	3.14228970478078e-08	4.88636213427193e-08
"hsa-miR-149-3p"	1387.29366099591	Inf	1482.55453683427	26.8079707984253	3.14714849325989e-08	4.88636213427193e-08
"hsa-miR-153-3p"	1036.33017019263	Inf	1094.64437366171	26.7599697916264	3.18594156038662e-08	4.93112969949711e-08
"kshv-miR-K12-6-3p"	1048.85693516248	Inf	1024.0856774338	26.7564101658286	3.18884006642838e-08	4.93112969949711e-08
"hsa-miR-519a-3p"	107.491481574146	2.28118355539311e+32	106.679014485843	26.7346219703708	3.20664747281485e-08	4.9486893594547e-08
"hsa-miR-937-3p"	262.445884567866	1.00944693448037e+79	265.999835034795	26.6880128393438	3.24512419380139e-08	4.9979104611722e-08
"hsa-miR-10b-5p"	92.2666637806981	5.95707952515572e+27	92.096482970922	26.6802615878124	3.2515740809973e-08	4.9979104611722e-08
"hsa-miR-652-3p"	156.418836898031	1.22112969721915e+47	159.074651265072	26.6299786581197	3.29377282792433e-08	5.05264751803592e-08
"hsa-miR-567"	83.4647488033489	1.33472861205204e+25	85.3692054683296	26.3820185517276	3.51124986983861e-08	5.37550628775691e-08
"hsa-miR-766-3p"	494.92749332448	9.7279464097806e+148	478.399848241901	26.0878971148181	3.79082460362585e-08	5.79195711350802e-08
"hsa-miR-595"	100.320722394897	1.583239540332e+30	103.664453451547	25.9840173987315	3.89558793100367e-08	5.94019074170938e-08
"hsa-miR-496"	78.8096802399574	5.29758216027416e+23	81.2861987354775	25.6552448000585	4.24964257874398e-08	6.46721400376316e-08
"hsa-miR-99a-5p"	1184.77157486242	Inf	1155.33089987677	25.6413465833403	4.26540139582799e-08	6.47834231801994e-08
"hsa-miR-122-5p"	104.269730813549	2.44521254187392e+31	107.939325875396	25.515310915112	4.41140234410175e-08	6.68684900775898e-08
"hsa-miR-548b-5p"	98.1011833345966	3.39937279022865e+29	99.587173486796	25.397194501518	4.55343849751802e-08	6.88853516291187e-08
"hsa-miR-484"	123.610593985066	1.62366553197179e+37	121.232347346999	25.274936782549	4.70599139030508e-08	7.10530589835433e-08
"hsa-miR-193b-5p"	283.956425048284	3.01579211265558e+85	283.224189687917	25.2046496464986	4.79633836931641e-08	7.22748826967719e-08
"ebv-miR-BART9-3p"	98.3837194629876	4.13476320966818e+29	98.9695488436524	25.1825923209209	4.8250985829054e-08	7.25656982958518e-08
"hsa-miR-507"	90.8379446798777	2.21282002581975e+27	91.1665864585053	25.1405145568397	4.88051188828234e-08	7.325543284369e-08
"hsa-miR-20a-3p"	97.242613723196	1.87475097203281e+29	96.8067628434281	25.1215188591593	4.90576601287621e-08	7.34906744507042e-08
"hsa-miR-373-3p"	91.0651003790365	2.59016107344846e+27	90.2095758606769	25.073001124829	4.97094984947174e-08	7.43219987240706e-08
"hsa-miR-632"	93.9976656655003	1.97750180103845e+28	93.2932703115355	25.0189704121437	5.04470912561628e-08	7.5278052516492e-08
"hsa-miR-449a"	101.101902803938	2.72085477913421e+30	99.7188703009385	24.9358793634132	5.16059580057515e-08	7.68578054182746e-08
"hsa-miR-638"	479.567921874289	2.31381931660932e+144	476.656917340052	24.8917325461694	5.22340402309528e-08	7.74988471791304e-08
"hsa-miR-155-3p"	90.4211488114134	1.6575934984086e+27	88.6376298831473	24.8879105209957	5.22888266070384e-08	7.74988471791304e-08
"hsa-miR-501-5p"	94.4632502037485	2.73068622321049e+28	97.1408060920858	24.8843789262395	5.23395082643932e-08	7.74988471791304e-08
"hsa-miR-616-5p&hsa-miR-616-3p"	91.0279063006976	2.52423764347792e+27	88.2925084245471	24.8671203667934	5.25879941057905e-08	7.77167465879409e-08
"hsa-miR-556-3p"	67.7157552169471	2.4236700676395e+20	69.8924387774778	24.7248151642367	5.46891086679166e-08	8.0666435285177e-08
"hsa-miR-663a"	102.71974087847	8.35070517955786e+30	98.3113340961948	24.7156080297597	5.48283238183956e-08	8.0716553490805e-08
"hsa-miR-323a-5p"	93.2895638739765	1.21047830038955e+28	94.0787961203993	24.582489970385	5.68870950381142e-08	8.35869768088766e-08
"hcmv-miR-US4-5p"	76.3362171743688	9.53874249810675e+22	74.3784044614173	24.1946189967799	6.34085952859912e-08	9.28366644786127e-08
"hsa-miR-549a-3p"	1034.96826765299	Inf	1042.70549862077	24.1937427397332	6.34242662148541e-08	9.28366644786127e-08
"hsa-miR-668-3p"	281.324435329635	4.86511989559476e+84	270.291656266858	24.1666239058181	6.39114544077759e-08	9.33715914871697e-08
"hsa-miR-596"	99.9422225646226	1.2178865247788e+30	93.497934206178	24.132098658076	6.45379029617338e-08	9.41075505164445e-08
"hsa-miR-200a-5p"	100.749320124834	2.13092125018357e+30	100.933591234862	24.0504426026292	6.6047666343016e-08	9.61262999717139e-08
"hsa-miR-609"	88.3711947514939	4.00295191167434e+26	85.811954148374	23.9717555882353	6.75408601983809e-08	9.81133329018147e-08
"hsa-miR-380-5p"	79.5997316001071	9.16024012699234e+23	78.2152616040673	23.9642735720204	6.76848404786515e-08	9.81366212611072e-08
"hsa-miR-642a-5p"	4263.64264358222	Inf	4290.48984459626	23.952445100168	6.79131784704076e-08	9.82819016732125e-08
"hsa-miR-545-3p"	96.4414714141451	1.07590944894191e+29	94.1374367166684	23.7472054711748	7.20188382397985e-08	1.0402721079082e-07
"hsa-miR-202-3p"	159.027165728568	7.44641111264241e+47	163.690776495935	23.7406410843417	7.21547628352953e-08	1.04027637395999e-07
"ebv-miR-BART20-5p"	105.938876101732	7.77641471782182e+31	106.838558854538	23.5192966450421	7.69144062537113e-08	1.10681706560219e-07
"hsa-miR-561-3p"	92.3038718236062	6.11271481939027e+27	91.4814683183194	23.4995433757237	7.73563397884134e-08	1.11109199658639e-07
"hsa-miR-1180-3p"	85.8950678836118	7.19435580537748e+25	87.7799934550961	23.4905519839663	7.75584624136447e-08	1.11191290974328e-07
"hsa-miR-193a-5p"	4540.04742119244	Inf	4409.65490863526	23.4564914544007	7.83296242862273e-08	1.12087354155851e-07
"hsa-miR-196a-5p"	94.0033118523587	1.98525619226893e+28	94.0305745022695	23.2227337940638	8.38650590949205e-08	1.19784916807829e-07
"hsa-miR-541-3p"	84.8347235255728	3.44982015425183e+25	85.0765105979886	23.2025081770581	8.43646729610145e-08	1.20274543050368e-07
"hsa-miR-224-5p"	86.2854725021621	9.43008078394856e+25	88.7799606505149	23.1905046153078	8.46627942651607e-08	1.20292185066108e-07
"hsa-miR-199b-5p"	99.0103970355962	6.38409572477211e+29	96.6585536680969	23.1893828099339	8.46907169956954e-08	1.20292185066108e-07
"hsa-miR-146a-3p"	97.7752545772223	2.71196737979111e+29	92.9018798010353	23.1229384648929	8.63635144455587e-08	1.22250119171619e-07
"kshv-miR-K12-8-3p"	305.886426833634	1.20500748174154e+92	306.744425024468	23.1219784501793	8.63879590495667e-08	1.22250119171619e-07
"hsa-miR-138-2-3p"	143.905783580177	2.08909123604067e+43	144.717245869974	23.0742635252125	8.76129392944948e-08	1.23755293625926e-07
"hsa-miR-429"	76.3556231864681	9.66791707683405e+22	76.5503333477937	22.9987907257766	8.95913236203615e-08	1.26317178707385e-07
"hsa-miR-548a-5p"	88.8623232682928	5.62632464931789e+26	90.3210437634947	22.9215649396098	9.16687151380302e-08	1.29008999102512e-07
"hsa-miR-505-5p"	412.926593814518	2.01043828289586e+124	403.395786312722	22.9068657307198	9.20703372613681e-08	1.2933690234335e-07
"hsa-miR-548c-5p"	107.423479848848	2.17615423678657e+32	105.667699054596	22.8512077768164	9.36094015986509e-08	1.312585210716e-07
"hsa-miR-655-3p"	81.3364297284743	3.0528473461664e+24	85.4679127893788	22.7512740690379	9.64472106037566e-08	1.3499089513336e-07
"ebv-miR-BART1-3p"	106.05056948952	8.40238299603989e+31	104.760991248435	22.7352017704484	9.69127366011988e-08	1.35395389750673e-07
"hsa-miR-216a-5p"	95.6824555196352	6.3575410081693e+28	93.2161958545071	22.7020337258983	9.78815771146183e-08	1.3646873459446e-07
"hsa-miR-29b-2-5p"	139.174510609937	7.86506516826065e+41	143.14762194776	22.6967525112389	9.80368614883277e-08	1.3646873459446e-07
"hsa-miR-30b-5p"	4370.76865980374	Inf	4458.18079101673	22.666532327541	9.89308660828458e-08	1.3746372153178e-07
"hsa-miR-28-3p"	98.978837537	6.24595764092229e+29	98.2588709150962	22.6150326553401	1.00475946576014e-07	1.39060078569509e-07
"hsa-miR-620"	5631.65874320888	Inf	5487.36345463893	22.6146133296652	1.00488639820823e-07	1.39060078569509e-07
"hsa-miR-571"	96.8295516994467	1.40798986355129e+29	93.9715053734653	22.610156791999	1.00623655288237e-07	1.39060078569509e-07
"hsa-miR-626"	89.5751086643483	9.22135141570099e+26	83.7823840437198	22.5495389720006	1.0248088686817e-07	1.41372014798356e-07
"hsa-miR-424-3p"	89.8358204137727	1.1047821014392e+27	87.9142922528276	22.531157176304	1.03051797427499e-07	1.41904360191907e-07
"hsa-miR-501-3p"	86.4328892004399	1.04446107960037e+26	85.9551444368485	22.4563272147659	1.05413740603794e-07	1.4489666495181e-07
"hsa-miR-518d-3p"	95.0855021931161	4.20327991831344e+28	92.4754483595024	22.4233340788341	1.0647475803627e-07	1.46093272654417e-07
"hsa-miR-187-3p"	86.9770729520888	1.52302802092779e+26	93.0516958614868	22.4042320221709	1.07094634801663e-07	1.4668140159442e-07
"hsa-miR-544a"	113.621192373933	1.59730204492782e+34	109.620251180417	22.3754522270606	1.08036369067868e-07	1.47707477852148e-07
"hsa-miR-618"	90.5080392270498	1.76049443293159e+27	88.3837170368128	22.226181072335	1.1307535148498e-07	1.54273986751118e-07
"kshv-miR-K12-12-5p&kshv-miR-K12-12-3p"	90.3107987845743	1.53553375051698e+27	92.3603495153634	22.2213885244025	1.13241531344041e-07	1.54273986751118e-07
"hsa-miR-30d-5p"	1735.40097488807	Inf	1673.09828712133	22.2096744665853	1.13648888626951e-07	1.54554428327786e-07
"hsa-miR-29b-3p"	6075.45368894211	Inf	6026.80909376237	22.1861975489802	1.14470354029322e-07	1.55396038124761e-07
"ebv-miR-BART11-3p"	89.8303224160634	1.10057987571569e+27	90.6608902772001	22.1578447709086	1.15471492028374e-07	1.56478152625023e-07
"hsa-miR-517-5p"	107.204432321832	1.86960472514983e+32	104.790861374834	22.0893965774951	1.17929925719909e-07	1.59527783116703e-07
"hsa-miR-508-3p"	84.7814826767927	3.32482937253279e+25	87.7636030049128	22.0464855014016	1.1950165518553e-07	1.61369312548066e-07
"hsa-miR-1307-3p"	103.267097304278	1.22037654949979e+31	104.577549254052	22.0347181991489	1.19936837816794e-07	1.61498580367763e-07
"hsa-miR-517b-3p"	88.9431200136815	5.95041193445723e+26	90.0888613933496	22.0325154538542	1.20018501707464e-07	1.61498580367763e-07
"hsa-miR-543"	98.3378876474991	4.0054737704069e+29	98.9112078427858	21.9785127476319	1.22040603083755e-07	1.63931948450508e-07
"kshv-miR-K12-3-3p"	92.6716931384733	7.88786344814616e+27	92.7261883517848	21.8833481147735	1.25699536654598e-07	1.68387565363043e-07
"kshv-miR-K12-9-5p"	85.5074727853716	5.49938546926783e+25	88.0905177107749	21.8808641289663	1.25796707891817e-07	1.68387565363043e-07
"hcmv-miR-US5-2-3p"	90.9998083077689	2.47555112793783e+27	90.1783528177921	21.7749713749389	1.30020120087846e-07	1.73737686598219e-07
"hsa-miR-578"	95.6720460858266	6.31183472506321e+28	93.5487567147565	21.7105860547117	1.32667233631852e-07	1.76966553383706e-07
"hsa-miR-16-1-3p"	103.01855271889	1.02724604598694e+31	100.229616057277	21.6926612925552	1.3341511221429e-07	1.77655192827015e-07
"hsa-miR-494-3p"	2351.22184495692	Inf	2212.38946769462	21.6769784290829	1.34073406672484e-07	1.78222362075901e-07
"hsa-miR-383-5p"	244.845097971816	5.07830500013474e+73	238.872284952843	21.6591119939919	1.34827886613976e-07	1.7866741768387e-07
"hsa-miR-9-5p"	8214.38459579908	Inf	8131.1057723406	21.65802135206	1.34874100181174e-07	1.7866741768387e-07
"hsa-miR-660-5p"	135.783422231177	7.49692222681307e+40	138.257904458439	21.466956893619	1.43256810149267e-07	1.89444781697393e-07
"hsa-miR-671-3p"	104.344238378138	2.57481260488599e+31	104.052430639756	21.2572750289054	1.53149702862612e-07	2.02178695517424e-07
"hsa-miR-643"	93.0059756816495	9.94462603343158e+27	96.1567423065355	21.2392736256185	1.54034810947567e-07	2.02997766317497e-07
"hsa-miR-27a-5p"	104.765250886322	3.44733128006131e+31	107.486053751053	21.1759958744955	1.57192836363026e-07	2.06804297582231e-07
"sv40-miR-S1-3p"	87.3476187801308	1.96903439591558e+26	87.4072965099129	21.1425616165825	1.58891299353488e-07	2.08680867472818e-07
"hsa-miR-363-5p"	112.549449040418	7.59906495234623e+33	116.88832464226	21.1101370192917	1.6055853650512e-07	2.10510081195601e-07
"hsa-miR-767-3p"	93.3729168185596	1.28247451896194e+28	100.572899750405	21.0936362481776	1.61414660211073e-07	2.11271406795039e-07
"hsa-miR-525-3p"	81.7351651898055	4.02472695804112e+24	88.345427201618	21.0658854574623	1.62866272967352e-07	2.12808230606404e-07
"hsa-let-7g-3p"	89.0896664230019	6.58660920900681e+26	92.3823675666006	21.0445778247917	1.63990982653226e-07	2.13913407644599e-07
"hsa-miR-585-3p"	144.808341882842	3.90530114809585e+43	145.89051854396	20.9888850300097	1.66972861966581e-07	2.17433251491287e-07
"hsa-miR-648"	103.726399006018	1.6778666542979e+31	101.03184281198	20.9676090263292	1.68128337124552e-07	2.18566838261918e-07
"hsa-miR-518e-3p"	97.1921083692844	1.81025585568309e+29	99.9883727496891	20.9623243733411	1.68416755805388e-07	2.18571322678059e-07
"hsa-miR-892b"	97.6740223465331	2.52819474019126e+29	92.793033046284	20.9508885402385	1.69042823518888e-07	2.19013252768559e-07
"hsa-miR-509-3p"	96.1727222395623	8.93046676906129e+28	93.8454591829139	20.8882043413775	1.72522160718722e-07	2.23144177523204e-07
"hsa-let-7f-5p"	386.282845519251	1.91744674941248e+116	404.287551901158	20.8365587565114	1.75450379743171e-07	2.26549564415846e-07
"hsa-miR-143-5p"	99.4192174449701	8.47552474894878e+29	100.891411033155	20.7252858600833	1.81954525335143e-07	2.34248715385024e-07
"hcmv-miR-US25-1-5p"	94.7013038410454	3.22057253270282e+28	89.0679842490155	20.7241257408027	1.82023773623826e-07	2.34248715385024e-07
"hsa-miR-338-3p"	1913.20407391855	Inf	1996.9757392001	20.7068528453235	1.8305837555366e-07	2.35185551171955e-07
"hsa-miR-493-5p&hsa-miR-493-3p"	127.610937506949	2.59848350558783e+38	129.274654541725	20.635528130067	1.87402326920482e-07	2.40033749944698e-07
"hcmv-miR-UL70-3p"	93.9354534520932	1.89403999477255e+28	93.233583014853	20.6346277925742	1.87457909018089e-07	2.40033749944698e-07
"hsa-miR-223-5p"	88.1233055065216	3.37099628978182e+26	89.186154815336	20.5387325769111	1.93487322791702e-07	2.4734129430206e-07
"hsa-miR-661"	90.9433520110875	2.3805475549242e+27	92.9453781046939	20.3512036230253	2.05930265358615e-07	2.62809506705587e-07
"hsa-miR-335-3p"	98.3798263757077	4.12362066436514e+29	100.223656002802	20.3413119699098	2.06611572482357e-07	2.63240990189315e-07
"hsa-miR-134-5p"	118.120521569729	3.61260181648887e+35	117.533338520098	20.3200015025911	2.08088145087658e-07	2.64682599141349e-07
"hcmv-miR-UL22A-3p"	86.916551427291	1.46045809174275e+26	87.7928965524634	20.2871978688858	2.10384697559761e-07	2.67160700378041e-07
"hsa-miR-205-5p"	75.5534176263951	5.54427777049064e+22	79.6146988986624	20.1910778755596	2.17282565483621e-07	2.75464012770144e-07
"hsa-miR-15b-3p"	90.1247013345371	1.34970374200686e+27	92.4232449238034	19.9197967887462	2.38187807214401e-07	3.01468726292815e-07
"hsa-miR-196b-5p"	88.7994194616676	5.3862791258039e+26	91.0999791225686	19.900484591165	2.39761607183516e-07	3.02960712866156e-07
"hsa-miR-144-3p"	557.088859354593	5.01714804123434e+167	589.758178832821	19.8522143868213	2.43747511932007e-07	3.07490693506332e-07
"hsa-miR-597-5p"	100.871339764421	2.31899051280046e+30	102.670513171424	19.8219167792032	2.46288004034759e-07	3.10185384391888e-07
"ebv-miR-BART19-5p"	100.94221243501	2.4357559472944e+30	100.733483917727	19.8155259340606	2.46827741149162e-07	3.10355536821979e-07
"hsa-miR-519c-3p"	75.5661131838799	5.5932821044523e+22	76.5169423976607	19.7876932117444	2.49194163499212e-07	3.12818205243692e-07
"ebv-miR-BART13-5p"	77.2614988020223	1.81145958632299e+23	74.9023676869253	19.7194920432021	2.55103245841034e-07	3.19712728039335e-07
"kshv-miR-K12-6-5p"	137.241184678214	2.05926969644075e+41	138.337845823184	19.5918007139685	2.66602537252223e-07	3.33579357377578e-07
"ebv-miR-BART14-3p"	91.9041907029179	4.6335956108832e+27	90.0052651841761	19.5730826012464	2.6833749362316e-07	3.35203351154664e-07
"hsa-miR-29b-1-5p"	134.685669476505	3.50288999173145e+40	139.006990377082	19.4987113089031	2.75359521607659e-07	3.43415858655405e-07
"hsa-miR-877-3p"	99.6303046801897	9.8109301988414e+29	96.5835380024725	19.4566509683114	2.79423651775827e-07	3.47918735246849e-07
"hsa-miR-942-5p"	99.2957737281659	7.78047899961659e+29	95.9583077392081	19.3965313703208	2.85352363059624e-07	3.54724898649483e-07
"hsa-miR-191-3p"	85.1311433925899	4.23670013237168e+25	90.9952101811279	19.3829459782944	2.86711922500188e-07	3.55838259802013e-07
"hcmv-miR-UL22A-5p"	84.4227959893927	2.59294861665472e+25	84.5390929371584	19.280405834535	2.9721580481209e-07	3.68278711293817e-07
"hsa-miR-519b-3p"	76.7180940065104	1.24293239153104e+23	73.9968510687926	19.2418254700021	3.01281186990384e-07	3.72713984551007e-07
"ebv-miR-BHRF1-2-5p"	75.3799672243795	4.91621883916998e+22	78.0079368181304	19.1956241912604	3.062334855703e-07	3.77731264929282e-07
"hsa-miR-515-3p"	87.6996389348109	2.51317035546669e+26	86.2338688316323	19.1948077321213	3.06321834140825e-07	3.77731264929282e-07
"hsa-miR-141-5p"	89.8461693563617	1.11273557186596e+27	86.8290128895444	19.0185256212736	3.26097764790993e-07	4.01471886989875e-07
"hsa-miR-520e-3p"	86.3345377910348	9.75630877835455e+25	82.811420396455	19.0026980141531	3.27943621864912e-07	4.02790977146079e-07
"hsa-miR-637"	1058.27041438183	Inf	1036.54390915085	19.000341149911	3.28219505497131e-07	4.02790977146079e-07
"hsa-miR-599"	82.3819272783061	6.30131530511021e+24	83.7756869228004	18.9342751218154	3.36061863397518e-07	4.11756308667567e-07
"hsa-miR-26a-1-3p"	98.5268446565489	4.56599697831204e+29	94.4899414719853	18.8861561022178	3.41908668935477e-07	4.18251912397945e-07
"ebv-miR-BART20-3p"	104.507788252566	2.88389234685712e+31	106.7541941362	18.8332107896435	3.484766341052e-07	4.25607608851414e-07
"hsa-miR-770-5p"	110.132034200922	1.422478719387e+33	110.6378299607	18.7877583196403	3.54230277096231e-07	4.31946935664243e-07
"hsa-miR-633"	74.6550010090234	2.97436752047407e+22	77.6107587041643	18.7427686185244	3.60032471463805e-07	4.38325247004347e-07
"hsa-miR-412-3p"	119.403372583621	8.79015900548156e+35	117.446438581656	18.6544558301242	3.71740579451276e-07	4.51862162344103e-07
"hsa-miR-17-3p"	117.633491211571	2.57756335836474e+35	122.329490533729	18.4775199927156	3.965313847286e-07	4.81233500137399e-07
"hsa-miR-520a-3p"	80.211936814499	1.4002287531283e+24	82.1981076895012	18.4692519067764	3.97735240110682e-07	4.81931957606466e-07
"hsa-miR-200a-3p"	98.613135443847	4.8474321069554e+29	95.627377675685	18.2483500922108	4.31499034463463e-07	5.22018548002328e-07
"hsa-miR-105-3p"	86.1500683569039	8.58528474714216e+25	91.1015506990388	18.1704938537962	4.44170745081316e-07	5.36502301539164e-07
"kshv-miR-K12-2"	90.5125529454409	1.76601106648675e+27	86.5403464624235	18.0808874068999	4.59284287684261e-07	5.53885296625517e-07
"hsa-miR-580-3p"	95.442265083057	5.38250750582726e+28	90.8155865301875	18.0021089176768	4.73058296371566e-07	5.69600805835151e-07
"kshv-miR-K12-11-3p"	107.107042527139	1.74756181867034e+32	104.80986050345	17.9444521086248	4.83438602198246e-07	5.8118715969601e-07
"hsa-miR-627-5p"	110.961327738041	2.52748163043722e+33	103.692111886347	17.8502658698942	5.00960306255057e-07	6.01309162594098e-07
"hsa-miR-140-5p"	425.598599234672	1.31203216540588e+128	421.269308883543	17.7986342934489	5.10872725987316e-07	6.12249032550424e-07
"hsa-miR-367-3p"	84.5968701021134	2.92546859310792e+25	83.3233610603284	17.7806538174684	5.14377138118809e-07	6.15487152788029e-07
"hsa-miR-518b"	459.951114449536	2.87794167635952e+138	455.925345352806	17.1947646488176	6.45115846138774e-07	7.70722514000685e-07
"hsa-miR-581"	91.6877268002738	3.98800781896613e+27	89.0021136726482	17.1102186505299	6.66954017683659e-07	7.9557345499746e-07
"ebv-miR-BART18-5p"	82.9765267759751	9.5153221340531e+24	84.1558025425033	17.0702261503722	6.77577365348794e-07	8.06990433575349e-07
"hsa-miR-219a-5p"	7050.83846113917	Inf	7080.72046681548	16.970385077864	7.04952494509993e-07	8.38292346184752e-07
"hsa-miR-206"	119.833732355843	1.18453509254687e+36	123.519349614411	16.9609460390916	7.07605268796553e-07	8.40144336171759e-07
"hsa-miR-518a-3p"	181.145380077086	3.38994755310985e+54	187.22762122094	16.8585738625106	7.37120679307315e-07	8.73835488452412e-07
"hsa-miR-302d-3p"	75.8736800139706	6.92235018805488e+22	76.6591071994568	16.7167917631461	7.80350329786435e-07	9.23655405781166e-07
"hsa-miR-559"	81.2179114951562	2.81207918149281e+24	85.2198636449912	16.6682318346291	7.9581660464243e-07	9.40510532759235e-07
"hsa-miR-302b-5p"	87.9451054487323	2.97930326053408e+26	92.4802118216133	16.6150622058048	8.13153961816417e-07	9.59521674943372e-07
"hsa-miR-554"	100.883214868007	2.33815734968162e+30	101.474638503305	16.5922180030789	8.20735080893779e-07	9.66979734324929e-07
"hsa-miR-362-5p"	101.232718566182	2.97909828185485e+30	103.801750591887	16.4759267574933	8.60601196689034e-07	1.01239435254676e-06
"hsa-miR-325"	97.4834007972913	2.21527537199056e+29	103.352469502764	16.2223149160872	9.55456999081526e-07	1.12225959922746e-06
"hsa-miR-432-3p"	98.7275794035893	5.24762508911884e+29	95.2462242861124	16.2004621756897	9.64174303338623e-07	1.13076711110202e-06
"hsa-miR-590-3p"	58.9570053337801	559534745304084864	62.8205363290565	16.1518606560183	9.83889529297524e-07	1.15212712820031e-06
"hsa-miR-188-3p"	63.380712429324	12008688727094341632	59.5385051272193	16.0623321518629	1.02142401665283e-06	1.19425643410476e-06
"hsa-miR-943"	630.337120757882	5.62834523476926e+189	620.093841023158	16.026529886115	1.03688957641258e-06	1.21049361508135e-06
"hsa-miR-27b-5p"	107.722824626319	2.67794362496568e+32	109.79908970797	15.9808076204122	1.05703052423968e-06	1.23213132536753e-06
"hsa-miR-520f-3p"	72.0921396763086	5.03380623288182e+21	70.9428360702263	15.9546647232698	1.06874716742164e-06	1.24389844827375e-06
"hsa-miR-518c-3p"	82.8926896728846	8.97813254834257e+24	70.7888719518347	15.8716373727708	1.10695302692869e-06	1.28641359341562e-06
"hsa-miR-568"	80.213004565789	1.4012654583352e+24	82.9459507549579	15.8391207792142	1.12233896132033e-06	1.30232070095717e-06
"hsa-miR-190b-5p"	100.792342226827	2.19542367634438e+30	96.4763921295683	15.7952607745331	1.1434805639138e-06	1.32449033592018e-06
"hsa-miR-26a-2-3p"	116.652768772703	1.30611819007376e+35	114.897597487576	15.7923524836414	1.14489842596491e-06	1.32449033592018e-06
"hsa-miR-300"	2308.27756968271	Inf	2295.41152616112	15.2871207058113	1.42468891287521e-06	1.64568734363748e-06
"hsa-miR-558"	81.4750773359684	3.36079619759249e+24	75.8690974301176	15.2290765708535	1.46156852290708e-06	1.68574895799959e-06
"hsa-miR-924"	77.0478877972412	1.56215933911838e+23	81.0766249235025	15.2011110564058	1.47972514450189e-06	1.70412790665608e-06
"kshv-miR-K12-9-3p"	65.6393121572069	57464793985387806720	63.7215003613548	15.0006384798083	1.61768566140723e-06	1.86021724482661e-06
"hsa-miR-548c-3p"	85.4272688853248	5.20200041055023e+25	84.2207419691783	14.9792456752666	1.63325574760876e-06	1.87531011738911e-06
"ebv-miR-BART7-3p"	92.9628552452379	9.65179105033106e+27	86.9758126995272	14.918807189488	1.67817628982569e-06	1.92400779416488e-06
"hsa-miR-887-3p"	190.453793918463	2.14933820014017e+57	201.812712080167	14.8939251113558	1.69707819442418e-06	1.94277458973633e-06
"hcmv-miR-UL36-3p"	70.2364677401893	1.39086051860633e+21	69.2092831652655	14.6729702814792	1.87601993897705e-06	2.14442219552221e-06
"hsa-miR-192-3p"	48.9665626356859	550052493670345	47.08607123188	14.5625316279601	1.9734695307022e-06	2.25245703876278e-06
"hsa-miR-562"	68.0156734963509	2.98371884781243e+20	72.8187211466334	14.415467553758	2.11233508465526e-06	2.40737148578096e-06
"hsa-miR-650"	100.751712830109	2.13445830879429e+30	101.059564435792	14.3968440007177	2.13070302779052e-06	2.42470211026014e-06
"hsa-miR-511-5p"	76.1962285234485	8.65665963272998e+22	79.3671338504252	14.1828377151373	2.35539148386137e-06	2.67642261943951e-06
"hsa-miR-654-5p"	130.65576152705	2.1443877912109e+39	120.959422362305	13.9957200761324	2.57420133030312e-06	2.92072843245931e-06
"hsa-miR-92a-2-5p"	102.605501553201	7.7149601591008e+30	97.4945597262759	13.7829872024262	2.85165128382456e-06	3.23074820486475e-06
"hsa-miR-588"	60.9347824278833	2203927429508257280	63.578245836619	13.7153791613209	2.94685710356613e-06	3.33368642837053e-06
"hsa-miR-150-3p"	77.0825102119482	1.60010217252024e+23	75.0880946420795	13.6877602244054	2.98678916414078e-06	3.37263483031704e-06
"hcmv-miR-US33-5p"	88.883887712311	5.71105486850881e+26	88.5016763322207	13.6855026359076	2.99008042322762e-06	3.37263483031704e-06
"hsa-miR-582-3p"	117.772470349191	2.83822119266737e+35	124.044465342734	13.6539806327197	3.03646998391871e-06	3.4199302168365e-06
"hsa-miR-10a-3p"	115.59248961559	6.26334952028859e+34	104.256799980984	13.4444275458541	3.36657402860842e-06	3.78616170079569e-06
"hsa-miR-649"	101.206583598447	2.92561666921958e+30	105.355861907559	13.3496578514652	3.52916890392137e-06	3.96321017468183e-06
"hsa-miR-514a-3p"	290.244704570749	2.35701397995698e+87	279.74443453965	13.1839105942534	3.83554458359762e-06	4.3009688532447e-06
"hsa-miR-130a-5p"	76.7081739178292	1.23441520310643e+23	78.799906099569	13.1328965550695	3.93586440295835e-06	4.40701897382344e-06
"hsa-miR-29c-3p"	4503.31177992874	Inf	4718.20110958357	13.0903792041376	4.02176483843349e-06	4.49663794617855e-06
"hsa-miR-570-3p"	85.4851702578899	5.4150245767869e+25	81.2985738930487	13.0640710503095	4.07598661193285e-06	4.5506284299163e-06
"hsa-miR-524-5p"	298.213111003592	5.90325457484919e+89	312.152484094835	13.0404011496199	4.12548395176735e-06	4.59919504506622e-06
"hsa-miR-564"	82.5867754055786	7.26267553586858e+24	81.7977461948911	13.0268695301245	4.15408826354005e-06	4.62436240658232e-06
"hsa-miR-518f-3p"	64.7460864559559	30939559423679221760	66.3193283099094	12.9733323234693	4.26949814959479e-06	4.74594939237566e-06
"hsa-miR-636"	118.83094723103	5.91125275871254e+35	129.726993402889	12.8356178366994	4.58354365782438e-06	5.08766712814949e-06
"hcmv-miR-US5-1"	92.0907561088848	5.27326883029573e+27	87.890784722393	12.8182135522813	4.62507537522379e-06	5.12634799537088e-06
"hcmv-miR-US25-2-3p"	82.8555794655119	8.7501344706257e+24	84.5876433466811	12.5650999709826	5.28026515350936e-06	5.84410299096923e-06
"hsa-miR-624-5p"	64.5441059772239	26897501627200487424	69.7947412303388	12.5539709728056	5.31141356450598e-06	5.87010692215574e-06
"kshv-miR-K12-4-3p"	83.0642574954639	1.01119071624023e+25	83.0906439030014	12.4876924770104	5.50131183908374e-06	6.07123191449961e-06
"hsa-miR-216b-5p"	91.4442432849556	3.3686831137631e+27	93.9417550672396	12.441654346612	5.63777298375632e-06	6.21289063008778e-06
"hsa-miR-141-3p"	95.3033988268222	4.88856884422783e+28	103.272795966107	11.8214696745905	7.90883205264739e-06	8.70311934631355e-06
"hsa-miR-302c-3p"	88.4290537327175	4.16675208809116e+26	86.7592358108586	11.7213282430163	8.36587447103526e-06	9.19287352332958e-06
"hsa-miR-211-5p"	111.268122904416	3.12638569901565e+33	106.098938034214	11.583542313138	9.04473772406886e-06	9.92462637247613e-06
"hsa-miR-19b-2-5p"	90.1895789989743	1.41178503811801e+27	94.0317198781873	11.4478904886094	9.77501483405148e-06	1.07106233967393e-05
"hsa-miR-92a-3p"	139.291652377486	8.53032369175913e+41	125.911325067796	11.4165636038669	9.95306183587803e-06	1.08901546763459e-05
"hsa-miR-100-3p"	57.0574041960492	149965077998849472	50.811198468839	11.4027566514248	1.00327039161481e-05	1.09616579824581e-05
"hsa-miR-587"	66.4023554370765	97521589070439530496	68.974542170752	11.1899005044281	1.13571051094428e-05	1.23910378647832e-05
"hsa-miR-555"	85.8068838415222	6.76777436020322e+25	81.2941786764015	11.174726819252	1.14588709580335e-05	1.24843096943347e-05
"hsa-let-7f-1-3p"	152.910549751242	1.07315419749827e+46	141.538658915179	11.0990009068525	1.19825151739578e-05	1.30362966502491e-05
"hsa-miR-922"	201.960952146058	6.25611248611906e+60	216.978395823753	10.713228709521	1.51115190059317e-05	1.64171884951127e-05
"ebv-miR-BART8-5p"	71.0081609880914	2.37457775133169e+21	69.485565472854	10.4980528655485	1.72559501738807e-05	1.87203872466287e-05
"hsa-miR-144-5p"	103.508769423997	1.44292716910499e+31	99.5245305652119	10.4633642635324	1.7633096217544e-05	1.91025209023393e-05
"hsa-miR-302a-5p"	72.8840485673707	8.71534983078289e+21	78.3657543540398	10.4385390771421	1.79087601373575e-05	1.93737927014854e-05
"hsa-miR-614"	93.7762238810977	1.69611880139333e+28	96.4078842284897	10.1060239805295	2.21161057886868e-05	2.38916241407363e-05
"ebv-miR-BART3-5p"	54.1619987403899	20155159807870372	64.4988206859611	10.003549633741	2.36315516413387e-05	2.54928271573935e-05
"hsa-miR-607"	66.4735908244277	1.02457736606103e+20	71.2491410166877	9.93950093787983	2.46385765107696e-05	2.6541837336742e-05
"hsa-miR-181c-3p"	92.1958588061972	5.67177477360207e+27	93.7921359429806	9.92815410813449	2.48220195340671e-05	2.67019480822292e-05
"hsa-miR-520d-3p"	80.410180422579	1.60648348011819e+24	91.8756545820195	9.43686088133915	3.44771073486713e-05	3.70363324039648e-05
"hsa-miR-545-5p"	75.634104591875	5.8631928265884e+22	81.1118361920918	9.19148038876774	4.08555398123465e-05	4.38268517986989e-05
"hsa-miR-489-3p"	58.9660543001123	563055325247233024	62.2260448721357	8.91210413761187	4.98069471361853e-05	5.33546486780085e-05
"hsa-miR-876-5p"	297.984388984514	5.03778146180706e+89	325.817994751212	8.6383850883938	6.07944303727024e-05	6.50339303986928e-05
"hsa-miR-513a-3p"	112.126517327758	5.66819816303108e+33	113.888870732138	8.52365673408637	6.61984674431353e-05	7.07161901516502e-05
"hsa-miR-454-3p"	93.436306045507	1.34008024104395e+28	95.1690576668805	8.51051238003004	6.68516454842688e-05	7.1314620426195e-05
"hsa-miR-369-5p"	200.124012644878	1.75117947653055e+60	185.117240434896	8.41250585879435	7.19586907409066e-05	7.66559941642713e-05
"hsa-miR-30d-3p"	95.2867210223231	4.83238153509053e+28	96.9017470268636	8.38055003561661	7.37183644867516e-05	7.84216165899285e-05
"hsa-miR-431-5p"	84.7869304589033	3.33740804427562e+25	93.4055928035257	8.3725200314068	7.41681725595088e-05	7.87779770436858e-05
"hsa-miR-219a-1-3p"	90.9326131206749	2.36289342283331e+27	98.0448553544015	8.37090933523184	7.42587710594327e-05	7.87779770436858e-05
"hsa-miR-222-5p"	91.1427115617873	2.73331740132597e+27	98.8833819205035	7.74936249692645	0.000120780391982356	0.000127953813053131
"ebv-miR-BART2-5p"	70.6043962424567	1.79490345992278e+21	73.4150527560653	7.67400602033615	0.000128395655375632	0.000135833748514634
"hsa-miR-891b"	75.5617161960575	5.57626107577434e+22	77.2691410203091	7.65504361176761	0.000130396444306611	0.000137760430830813
"hsa-miR-653-5p"	88.8509099719775	5.58198986478523e+26	90.8124828751821	7.55906907658699	0.000141079401395152	0.000148841679326109
"hsa-miR-24-2-5p"	138.141070262292	3.84242838666605e+41	128.880829310435	7.47194630798816	0.000151639905223225	0.00015976347157447
"hsa-miR-548d-5p"	151.850197647869	5.14593551330264e+45	157.936423502815	7.41007812518094	0.000159681820214019	0.000168005426754668
"hsa-miR-619-3p"	60.2879233174039	1407580672256891648	70.3800439148642	7.24496645776401	0.000183608284513539	0.000192914457838198
"hsa-miR-448"	76.6981961277077	1.22590734680693e+23	88.5972995211856	7.19892872663045	0.000190983516104439	0.000200388997061703
"hsa-miR-523-3p"	140.008873076578	1.40239532444903e+42	125.81994037392	7.19395757773488	0.000191799699452953	0.000200970450109857
"hsa-miR-452-3p"	65.5623212915519	54478519170394144768	53.9442511398825	7.0917532427055	0.000209484212584315	0.000219201079198048
"hsa-miR-23b-5p"	79.0525344989385	6.26879571481205e+23	86.5408145679288	6.97550885849136	0.000231872210954257	0.000242296983381356
"hsa-miR-611"	124.802799654072	3.7101053239761e+37	115.157119849827	6.8658466527056	0.000255493018994903	0.000266616524583797
"hsa-miR-182-3p"	113.557613201166	1.52843794012313e+34	89.2966696270195	6.80935404738436	0.000268711863681491	0.000280029890548511
"hsa-miR-106a-3p"	75.5051295663184	5.36177796966868e+22	84.3557475710647	6.66128073209756	0.000307172194388338	0.000319675811527619
"hsa-miR-518f-5p"	108.688739629844	5.23083257323661e+32	121.05205019115	6.33123347280373	0.000417342978770368	0.000433742635117713
"ebv-miR-BART11-5p"	73.8833478651902	1.74222358051356e+22	64.5138254816112	6.08680358022006	0.000527766684839492	0.000547763257472112
"hsa-miR-101-5p"	135.287157943119	5.31486905428385e+40	117.213678793201	5.79172142195301	0.000707199147281445	0.000733002359411984
"hsa-miR-517c-3p"	82.0895331841697	5.14531323171248e+24	70.2714611914868	5.75988035229206	0.000730346097038354	0.000755972275881805
"kshv-miR-K12-7-3p"	68.7172581071175	4.85239235729657e+20	80.4618668622233	5.75082452213911	0.000737083326141895	0.000761774489782579
"hsa-miR-302b-3p"	78.0358646093525	3.09838930573228e+23	90.0693026867091	5.7496823422678	0.000737937999880647	0.000761774489782579
"hsa-miR-18a-3p"	100.875316125202	2.32539093840602e+30	114.473277990278	5.57404610533847	0.000883589654294676	0.000910904925865613
"hsa-miR-181c-5p"	201.905797240737	6.02145254332357e+60	226.216001564112	5.29794109728825	0.00118219131702843	0.00121710166464538
"hsa-miR-515-5p"	123.09023771772	1.13201902673709e+37	113.828216376115	5.22607817298095	0.00127734719604755	0.00131330469084246
"hsa-miR-200c-3p"	114.947073122358	4.00421071656307e+34	129.570675028141	5.06240420320735	0.00152761077643458	0.00156851066335385
"hsa-miR-621"	137.095759809961	1.8618126687389e+41	114.81841971221	4.93849612996629	0.00175347466813823	0.00179801480008292
"hsa-miR-608"	93.5677549257358	1.4679148350883e+28	108.175809051823	4.5926215467813	0.00260644466324223	0.00266908285274605
"hsa-miR-450b-3p"	117.781983053773	2.85699741853474e+35	102.469661071769	4.41360674257834	0.00322183829891695	0.0032948666336924
"kshv-miR-K12-4-5p"	135.719850413172	7.17374576537548e+40	106.807105593331	4.15726561361416	0.00440068084802142	0.00449443703120164
"hsa-miR-512-5p"	113.057899863178	1.08098360106897e+34	101.910201671084	4.10494442409403	0.00469553871688436	0.00478919972852434
"hsa-miR-21-3p"	159.543859566629	1.06533784109919e+48	128.265002885787	3.83638308865527	0.00659297536612917	0.00671555392539319
"hsa-miR-15a-3p"	43.9300082231398	16759080418476.8	46.540676870339	3.63676573872606	0.00854464011447788	0.00869196149576198
"hsa-miR-556-5p"	81.3908694320138	3.17024679530062e+24	97.2033051112173	3.59039528666759	0.00908286060409487	0.00922722395144472
"ebv-miR-BART15"	141.970997871667	5.46422877159404e+42	101.305729881745	3.4510485200942	0.0109337721119711	0.0110928613887326
"hsa-miR-331-5p"	106.998797761918	1.62124117964453e+32	131.808650023779	3.14465316285066	0.0165997276242705	0.0168190106840363
"hcmv-miR-US25-2-5p"	166.560166082342	1.37913275590527e+50	127.944539436105	3.02358237833892	0.0196457529042972	0.0198790138226859
"hsa-miR-302a-3p"	95.1872967092819	4.51057092011362e+28	114.44213842901	2.80168030997154	0.0268776688898041	0.0271609644775754
"hsa-miR-214-5p"	107.957393127169	3.15074738851477e+32	132.356245723552	2.65695934152251	0.0330692197889427	0.0333738047080514
"hsa-miR-617"	362.143459644805	1.03763374397515e+109	477.097343082268	2.5355704940207	0.0394084034844615	0.0397191136301997
"hsa-miR-635"	297.743361789411	4.2626817385027e+89	393.924786827254	2.3297520077915	0.0531840900430469	0.0535330670118333
"hsa-miR-577"	18.8144221394907	461004.765784475	28.015648917803	2.29437114375491	0.0560095167971706	0.0563031446702881
"hsa-miR-367-5p"	78.3621295206148	3.8846465479196e+23	117.4530115557	1.65616553069055	0.14231639225868	0.142875226259696
"hsa-miR-499a-5p"	114.958959889344	4.03733881433118e+34	177.999455407435	1.45856332965764	0.188687995943066	0.189181297893244
"hsa-miR-147b-3p"	98.3562359207854	4.05674091985308e+29	158.495685225935	1.27969191096224	0.242031827508088	0.242347795951311
"hsa-miR-644a"	88.3148707738979	3.84968474525664e+26	158.071970438892	0.978466032829082	0.360921730906195	0.360921730906195
