""	"logFC"	"Fold Change"	"AveExpr"	"t"	"P.Value"	"adj.P.Val"
"hsa-miR-124-3p"	43032.7842484951	Inf	43032.7842484951	36319.333930113	9.9629376109316e-29	7.64157314758454e-26
"hsa-miR-125b-5p"	31459.7235196613	Inf	31459.7235196613	26551.7610308834	7.92863343252986e-28	3.0406309213752e-25
"hsa-miR-381-3p"	551.981058417529	1.45497530445074e+166	548.668044482275	94.1932075619292	1.32211434582473e-11	3.38020567749188e-09
"hsa-miR-502-5p"	137.135072074218	1.91324308297388e+41	136.287115588082	88.4911518631151	1.99854842921176e-11	3.83221661301354e-09
"hsa-miR-612"	135.183938889438	4.94789571660387e+40	131.044272992559	80.2231246141923	3.82434571465967e-11	5.6757891386609e-09
"hsa-miR-106b-3p"	145.479674158069	6.21935978315761e+43	139.333805929836	78.4332664147257	4.43999150351569e-11	5.6757891386609e-09
"hsa-miR-573"	104.619586709889	3.11626034794571e+31	104.831314046057	75.5808249849328	5.67292767484216e-11	6.21590789514848e-09
"hsa-miR-20a-3p"	94.3857482908587	2.58786369978215e+28	93.7036238685489	71.808047309861	7.95975215182693e-11	7.63141237556407e-09
"hsa-miR-372-3p"	95.7358738883799	6.59735268570021e+28	95.8153493101707	68.6750788488963	1.06913093732289e-10	7.85222072505254e-09
"hsa-miR-520a-3p"	100.345607770853	1.61078609583444e+30	97.9997411832364	67.5845646183119	1.18851000386302e-10	7.85222072505254e-09
"hsa-miR-188-5p"	96.6544060920657	1.24702582300138e+29	95.5096032751279	66.7692870977902	1.28782781779556e-10	7.85222072505254e-09
"hsa-miR-374a-3p"	94.8776426361226	3.63928737931646e+28	96.2762336336175	66.2571795994783	1.35509357230383e-10	7.85222072505254e-09
"hsa-miR-1180-3p"	93.8896348244237	1.83483224648604e+28	94.5422657888125	65.7306945817562	1.42849906288225e-10	7.85222072505254e-09
"hsa-miR-512-3p"	101.726158323722	4.19396690519985e+30	102.292513058489	65.6976240206463	1.43326062778012e-10	7.85222072505254e-09
"ebv-miR-BART4-5p"	100.932046822991	2.41865329035193e+30	99.8669435533325	64.9583212713991	1.5446287958663e-10	7.8982019095297e-09
"hsa-miR-548a-3p"	101.677699993703	4.05543633768743e+30	101.795712826442	63.182398780111	1.85534223826386e-10	8.21336570616444e-09
"hsa-miR-205-5p"	95.4389371443243	5.37010570880395e+28	95.3264962084464	62.8982195590702	1.91147291742815e-10	8.21336570616444e-09
"hsa-miR-515-3p"	98.9348048760375	6.05820385295698e+29	98.7046463104917	62.7850084837899	1.9343767546074e-10	8.21336570616444e-09
"hsa-miR-373-5p"	104.950682960894	3.92015858902977e+31	101.504062068931	61.480299560671	2.22247592250089e-10	8.21336570616444e-09
"hsa-miR-651-5p"	109.369408363749	8.3844103519583e+32	107.76021466837	60.9689301622031	2.34864966627072e-10	8.21336570616444e-09
"kshv-miR-K12-4-3p"	91.0820215107268	2.62071950164692e+27	91.5704048017637	60.1944804102049	2.55576734735917e-10	8.21336570616444e-09
"hsa-miR-16-2-3p"	99.751374784358	1.0669791154028e+30	100.297221363064	60.0330826672152	2.60153457068462e-10	8.21336570616444e-09
"hsa-miR-525-3p"	92.1537772232476	5.50872582892569e+27	91.6452959601975	59.5368284962124	2.74827719382137e-10	8.21336570616444e-09
"hsa-miR-484"	125.556231343961	6.25448819368147e+37	122.450148803312	59.0197520308922	2.91140708256131e-10	8.21336570616444e-09
"hsa-miR-517c-3p"	101.620476658992	3.89772906891235e+30	102.479525940215	58.0933091197639	3.23238497578566e-10	8.21336570616444e-09
"hsa-miR-146a-3p"	105.472522317554	5.62850344087455e+31	105.122577010017	57.9521087088528	3.2848001573795e-10	8.21336570616444e-09
"kshv-miR-K12-3-3p"	98.2381005772341	3.73779080051089e+29	97.8121915188404	57.921633307986	3.29624090901983e-10	8.21336570616444e-09
"hsa-miR-19b-1-5p"	91.3868813319537	3.23737114211671e+27	90.5498257475911	57.5693672869944	3.4318688434563e-10	8.21336570616444e-09
"hsa-miR-615-5p"	97.5701898349244	2.35263104136187e+29	97.1542546681093	57.4148237714442	3.4933896081888e-10	8.21336570616444e-09
"hsa-miR-555"	76.5451257159135	1.10250067075025e+23	76.5645958741003	57.1759422342663	3.59099805311509e-10	8.21336570616444e-09
"hsa-miR-548d-3p"	112.615920429729	7.95737891205787e+33	110.397710008195	56.8724409440765	3.71957125097734e-10	8.21336570616444e-09
"hsa-miR-760"	116.526356091891	1.19654343716112e+35	115.158160969524	56.6845843819596	3.80180643856961e-10	8.21336570616444e-09
"hsa-miR-519c-3p"	102.95617575238	9.83778077049943e+30	102.608276867944	56.6690198645468	3.80871323310511e-10	8.21336570616444e-09
"hsa-miR-613"	90.0960449157151	1.32315892428004e+27	89.8437716253412	56.3232292526034	3.96594671318516e-10	8.21336570616444e-09
"hsa-miR-148a-5p"	82.8451295874439	8.68698357746075e+24	83.1663556671047	56.1872334770068	4.02982214431612e-10	8.21336570616444e-09
"hsa-miR-10a-5p"	114.073387980353	2.18530213025594e+34	115.25434402172	56.0193146788199	4.11033137155419e-10	8.21336570616444e-09
"ebv-miR-BART2-5p"	100.194927352892	1.4510372002602e+30	98.986968548087	55.9954356655404	4.12192990429082e-10	8.21336570616444e-09
"hsa-miR-518d-3p"	99.4165104395131	8.45963658153041e+29	98.2437823098835	55.9903333287407	4.12441309614866e-10	8.21336570616444e-09
"hsa-miR-609"	104.78721288762	3.50021112804061e+31	103.752702461649	55.5968592875493	4.32119847488137e-10	8.21336570616444e-09
"hsa-miR-567"	88.8945254104364	5.75332090974871e+26	90.5319189470962	55.5754697450868	4.33220175269485e-10	8.21336570616444e-09
"hsa-miR-378a-5p"	89.4952186083801	8.72459487328776e+26	88.9479816274095	55.4632594724922	4.39045624449468e-10	8.21336570616444e-09
"hsa-miR-517b-3p"	104.805045398742	3.54374417154854e+31	103.407573783117	55.2374777789742	4.51042530204785e-10	8.23689573016834e-09
"kshv-miR-K12-12-5p&kshv-miR-K12-12-3p"	96.4188125139289	1.0591432749401e+29	95.8301087759195	54.9792672861012	4.65227629040174e-10	8.29836259241426e-09
"hsa-miR-302d-3p"	97.6985661442238	2.57157350624113e+29	99.6978909901654	54.250191655129	5.08135172745878e-10	8.72491015731243e-09
"hsa-miR-371a-3p"	100.873579334593	2.32259319737576e+30	100.647897841322	53.875574686206	5.31943792906678e-10	8.72491015731243e-09
"hsa-miR-767-5p"	90.9022189703269	2.31363359858214e+27	91.1287536240088	53.6249272071839	5.48590623781622e-10	8.72491015731243e-09
"hsa-miR-125a-3p"	165.499919981299	6.61363456454531e+49	164.012600849461	53.4285038090163	5.62055861665238e-10	8.72491015731243e-09
"hsa-miR-92a-1-5p"	87.3685540972765	1.99781588090532e+26	87.56184238309	53.385143467666	5.6507931525856e-10	8.72491015731243e-09
"hsa-miR-588"	90.2019732835916	1.42396602182309e+27	87.9377878347667	53.3253244790941	5.69281177850151e-10	8.72491015731243e-09
"sv40-miR-S1-3p"	108.111935456482	3.50699754359916e+32	107.415312572765	52.9475199210467	5.96665294746725e-10	8.72491015731243e-09
"hsa-miR-892b"	98.9770171706357	6.23808157514931e+29	98.7681783148373	52.5407328437685	6.27859850573588e-10	8.72491015731243e-09
"hsa-miR-937-3p"	192.666220572067	9.96119732781886e+57	176.760594313835	52.4024819414091	6.38885972048303e-10	8.72491015731243e-09
"hsa-miR-15a-5p"	1223.75038847418	Inf	1218.60497701833	52.215533547989	6.5415219312997e-10	8.72491015731243e-09
"ebv-miR-BART14-3p"	98.0341929269689	3.24513427703224e+29	98.5095283146492	52.0559709283258	6.67514812605416e-10	8.72491015731243e-09
"hiv1-miR-N367"	101.935030460281	4.84732096516007e+30	103.070252287451	51.9828537715565	6.73742794283365e-10	8.72491015731243e-09
"hsa-miR-518c-3p"	98.2046934958581	3.65223284012563e+29	97.3206766875245	51.9671784219256	6.75086679680439e-10	8.72491015731243e-09
"ebv-miR-BHRF1-2-5p"	77.1385279400649	1.66345375344831e+23	77.2565734679322	51.9439990536198	6.77079559589106e-10	8.72491015731243e-09
"hsa-miR-595"	125.095497440541	4.54461452419792e+37	123.462996077699	51.9243158132094	6.78777171185016e-10	8.72491015731243e-09
"hsa-miR-196b-5p"	104.516881404387	2.90212661438589e+31	103.865380248098	51.7932911832718	6.90203226848678e-10	8.72491015731243e-09
"hsa-miR-19a-5p"	81.3751594375147	3.13591218502597e+24	80.771932989848	51.694182770808	6.98993148849474e-10	8.72491015731243e-09
"hsa-miR-424-3p"	87.5973298233864	2.34112076431598e+26	87.3841005185077	51.5637026708731	7.10762571326496e-10	8.72491015731243e-09
"hsa-miR-618"	108.724694262592	5.36283262095648e+32	107.969837696822	51.5090113118404	7.15763488358244e-10	8.72491015731243e-09
"hsa-miR-501-3p"	93.5864573388366	1.48706806407095e+28	94.5898761783685	51.2482199662124	7.40173865972424e-10	8.72491015731243e-09
"hsa-miR-96-5p"	114.062627818483	2.16906395607138e+34	114.731439737114	51.1974808899374	7.45033677247284e-10	8.72491015731243e-09
"hsa-miR-223-5p"	106.988673073946	1.60990330348622e+32	105.972453243482	51.096548109743	7.5481064561293e-10	8.72491015731243e-09
"hsa-miR-26b-3p"	108.620448728311	4.98899661993479e+32	107.898729297912	50.9845453354958	7.65833182880619e-10	8.72491015731243e-09
"hsa-miR-224-5p"	101.798364230129	4.40921364561156e+30	99.8406788497251	50.8452877337996	7.79797227116179e-10	8.72491015731243e-09
"hsa-miR-646"	74.3388649754626	2.38906629460841e+22	73.2085683394051	50.8404356237124	7.80289028467229e-10	8.72491015731243e-09
"hsa-miR-587"	85.8059998458329	6.76362875031793e+25	86.3213675208634	50.5478275762904	8.10617926357293e-10	8.72491015731243e-09
"hsa-miR-632"	106.698749202831	1.31681271042743e+32	106.557083961281	50.5288753396475	8.12628649542041e-10	8.72491015731243e-09
"hsa-miR-191-3p"	99.7031062966367	1.03187159179336e+30	101.665713930676	50.4912480926784	8.16637716190354e-10	8.72491015731243e-09
"hsa-miR-188-3p"	86.5489170888483	1.13193147421901e+26	85.5935006844121	50.4689264839207	8.19026768352666e-10	8.72491015731243e-09
"hsa-miR-29a-3p"	14699.0276844707	Inf	14628.2517033101	50.2148625990469	8.46793388796338e-10	8.75872553897846e-09
"hcmv-miR-UL22A-5p"	83.8504268498551	1.74378778448363e+25	85.8418510627593	50.0495168549814	8.65445863711738e-10	8.75872553897846e-09
"hsa-miR-606"	76.0768073647739	7.96894796746482e+22	76.5109944925665	49.9769006661855	8.73786723069373e-10	8.75872553897846e-09
"hcmv-miR-US5-2-3p"	94.7872404661865	3.41824027220208e+28	94.9257737746859	49.9201277103253	8.80372255880702e-10	8.75872553897846e-09
"hsa-miR-450b-5p"	83.539906785327	1.40610508028261e+25	84.2460277153636	49.8817094587468	8.84861087894998e-10	8.75872553897846e-09
"hsa-miR-517a-3p"	98.0374705120047	3.25251511242837e+29	97.7477421139486	49.7664539433505	8.98486514364858e-10	8.75872553897846e-09
"hsa-miR-875-3p"	110.235164683895	1.52788668719453e+33	108.22229741463	49.6044648307891	9.18046915051643e-10	8.75872553897846e-09
"hsa-miR-521"	94.7770827099004	3.39425758524974e+28	94.5600826780561	49.5112303195907	9.29527118825808e-10	8.75872553897846e-09
"hsa-miR-375-3p"	97.815724795264	2.7891200712437e+29	98.924093632065	49.1657637561517	9.73529471470411e-10	8.75872553897846e-09
"hsa-miR-569"	82.7482581171056	8.12283781936421e+24	82.3625353089819	49.1568931846326	9.74690487353147e-10	8.75872553897846e-09
"hsa-miR-367-3p"	95.9569464622196	7.68987317816787e+28	96.2305983145739	49.1440704577954	9.76371594378377e-10	8.75872553897846e-09
"hsa-miR-519b-3p"	95.3024815051423	4.8854614898081e+28	93.8693483357637	49.1412307981806	9.7674433537198e-10	8.75872553897846e-09
"hcmv-miR-UL70-3p"	101.237338056453	2.98865260304509e+30	100.319396206809	49.1233806637985	9.7909114279089e-10	8.75872553897846e-09
"hsa-miR-30c-1-3p"	119.351270796089	8.4783732168408e+35	119.259778399874	49.1007671410961	9.82073528490413e-10	8.75872553897846e-09
"hsa-miR-497-3p"	88.8975288575944	5.76531082732607e+26	87.3906984927956	48.6394500068293	1.04525693518809e-09	9.21508125619845e-09
"hsa-miR-148a-3p"	100.762780496031	2.15089582119843e+30	101.692363247923	48.4316839361616	1.07523249975256e-09	9.37162871943426e-09
"hsa-miR-541-5p"	94.2121082804759	2.29440746590654e+28	92.8107189550214	48.3292479951959	1.09037484761649e-09	9.39682593395337e-09
"hsa-miR-200a-5p"	97.9340894475916	3.02760017567177e+29	99.5889989801785	48.2457110054772	1.10290532772167e-09	9.39920429291688e-09
"ebv-miR-BART10-5p"	107.222511936701	1.89318172430897e+32	106.784630091941	48.1071423276303	1.12405772773528e-09	9.47420084805451e-09
"ebv-miR-BART6-5p"	78.5840488246325	4.53060163038543e+23	78.9069108787222	47.9414472718365	1.14996652569146e-09	9.58722092614513e-09
"hsa-miR-604"	89.0771166960497	6.52956204198795e+26	89.1122399090143	47.6486168231187	1.1974538670529e-09	9.81099694571815e-09
"hsa-miR-507"	105.255990279112	4.84406873929525e+31	104.479368139638	47.6189423970104	1.20239075997067e-09	9.81099694571815e-09
"hsa-miR-192-5p"	149.096627475548	7.63057248998509e+44	148.02162296921	47.4785642683658	1.22606505029704e-09	9.8698756129963e-09
"hsa-miR-190b-5p"	90.4312631024656	1.66925520698904e+27	92.0906921573621	47.4243986707431	1.23534297111818e-09	9.8698756129963e-09
"hsa-miR-192-3p"	89.311770740975	7.68284300866001e+26	88.6649326811856	46.9785363629081	1.31486105524234e-09	1.03336637773786e-08
"ebv-miR-BART17-3p"	111.899748681251	4.84374041351312e+33	111.451115116587	46.9489769114158	1.32033774469765e-09	1.03336637773786e-08
"hsa-miR-545-3p"	98.1671139827168	3.55832733239785e+29	96.2394599684693	46.7937269639853	1.34953655381233e-09	1.04555003714552e-08
"hsa-miR-18b-3p"	100.569465345934	1.88115991966439e+30	101.520654921723	46.5682763795023	1.39327148788675e-09	1.06420111358924e-08
"hsa-miR-892a"	91.6847759646048	3.97985922989146e+27	91.3382802617971	46.5274731738648	1.40136000616053e-09	1.06420111358924e-08
"hsa-miR-520e-3p"	103.054025335697	1.05281678427903e+31	101.721617844623	46.4558073070653	1.41569765404645e-09	1.06454911828787e-08
"hsa-miR-577"	76.6570464289772	1.19143500053745e+23	76.6957246251346	45.8783776275678	1.53758605215462e-09	1.13568417837364e-08
"hsa-miR-891b"	103.138073620618	1.1159734302993e+31	102.630916361414	45.8678819400773	1.53991075033714e-09	1.13568417837364e-08
"ebv-miR-BART13-3p"	277.0218617996	2.46541399172346e+83	268.551583091198	45.6275902861001	1.59425561318546e-09	1.164565766965e-08
"hsa-miR-488-5p"	110.046786112711	1.34086034293571e+33	112.369996931168	45.4398968199928	1.63824282470959e-09	1.17504681122048e-08
"ebv-miR-BART3-5p"	100.438572725926	1.71799981283653e+30	101.19549364441	45.3678631604321	1.65549401401793e-09	1.17504681122048e-08
"hsa-miR-452-3p"	84.0110356709396	1.94913402926209e+25	84.8056446394424	45.3307270821376	1.66446925868047e-09	1.17504681122048e-08
"hsa-miR-661"	102.811967352613	8.90196918016873e+30	102.622191388442	45.3084342611094	1.66988399508517e-09	1.17504681122048e-08
"ebv-miR-BART14-5p"	111.99775472281	5.18422233256612e+33	110.865234135503	45.0990689724116	1.7217383479848e-09	1.1902632321752e-08
"hsa-miR-425-3p"	139.328793110934	8.75277946357005e+41	138.637009047222	45.0958687072856	1.72254522518184e-09	1.1902632321752e-08
"hsa-miR-629-3p&hsa-miR-629-5p"	130.693572831709	2.20133258806573e+39	129.854043389603	44.8136866186064	1.79543268038838e-09	1.2295507730874e-08
"hsa-miR-218-1-3p"	82.3006161368728	5.95599217942503e+24	83.1776564221475	44.6699391400324	1.83392332559327e-09	1.24479574400888e-08
"hsa-miR-570-3p"	94.90564397375	3.71061242009224e+28	94.9461775761187	44.4960422279843	1.88176254139456e-09	1.25755307508282e-08
"hsa-miR-210-3p"	99.4375913516129	8.5841578173189e+29	98.4631723552876	44.4433779779581	1.89653268361491e-09	1.25755307508282e-08
"hsa-miR-877-3p"	111.758267943072	4.39127782130126e+33	110.53967968033	44.4004003307295	1.90868503349382e-09	1.25755307508282e-08
"hsa-miR-429"	95.5873334130198	5.95188543173339e+28	95.8096362293312	44.3171048679681	1.93249364245426e-09	1.25755307508282e-08
"hsa-miR-216a-5p"	91.3247105353645	3.1008247118852e+27	92.5690239894369	44.2559745938509	1.95018420904633e-09	1.25755307508282e-08
"hsa-miR-582-3p"	106.331439498354	1.02082846412518e+32	110.911162896316	44.2509785949614	1.95163822515036e-09	1.25755307508282e-08
"hcmv-miR-US4-5p"	73.5501442029073	1.38292806577719e+22	73.6343169063991	44.1967932281027	1.96748851381928e-09	1.25755307508282e-08
"hsa-let-7d-3p"	214.865992381798	4.79853597431368e+64	212.869890869625	43.9907569402519	2.02912564405667e-09	1.27198494183251e-08
"hsa-miR-641"	87.3372732319473	1.95496498085866e+26	88.8218978513166	43.9749384417479	2.03394897813988e-09	1.27198494183251e-08
"hsa-miR-122-5p"	121.336647821464	3.35714861855036e+36	123.414701342572	43.9039041190877	2.05577184419731e-09	1.27198494183251e-08
"ebv-miR-BART3-3p"	77.5406363787116	2.19815054591907e+23	78.5915838599185	43.739486449526	2.1073250068419e-09	1.27198494183251e-08
"hsa-miR-596"	99.7593146559628	1.07286742284218e+30	97.6273923231337	43.6132848608762	2.14790582310547e-09	1.27198494183251e-08
"ebv-miR-BHRF1-1"	333.01839198229	1.77225044656047e+100	325.065711030923	43.5918906287251	2.15487403086228e-09	1.27198494183251e-08
"hsa-miR-328-3p"	129.76725628896	1.15834145162881e+39	127.901427106274	43.5531985238376	2.16754240503656e-09	1.27198494183251e-08
"hsa-miR-27b-5p"	114.134082113852	2.27919899034809e+34	113.923323925437	43.4795114858829	2.19190639213668e-09	1.27198494183251e-08
"hsa-miR-875-5p"	94.0777838214973	2.09042627678865e+28	94.7818086756424	43.3432688490262	2.23778858052401e-09	1.27198494183251e-08
"hsa-miR-639"	84.1126319125692	2.09134277305259e+25	82.1873888993223	43.3068333406484	2.25024552655934e-09	1.27198494183251e-08
"hsa-miR-493-5p"	111.034508242607	2.65899508659479e+33	109.757629240497	43.2638043876791	2.26505958428844e-09	1.27198494183251e-08
"hsa-miR-593-5p"	92.9840425200153	9.79458222844541e+27	91.2438658135943	43.2514927740299	2.26931886512742e-09	1.27198494183251e-08
"hsa-miR-330-3p"	185.499754198349	6.93410161999391e+55	172.467296440816	43.2474188219306	2.27073030332857e-09	1.27198494183251e-08
"hsa-miR-941"	91.8040113835252	4.32276024467743e+27	91.2737859213516	43.2062794163127	2.28503996910519e-09	1.27198494183251e-08
"hsa-miR-524-3p"	86.8523420016522	1.39688333491026e+26	85.6811506441716	43.1817661501215	2.29361582756968e-09	1.27198494183251e-08
"hsa-miR-769-3p"	120.817584394714	2.34270123488199e+36	120.353093059293	43.1621097735207	2.30051928341413e-09	1.27198494183251e-08
"hsa-miR-208b-3p"	90.1559502356235	1.37925735489165e+27	90.4015627989248	43.133392600914	2.31064797551608e-09	1.27198494183251e-08
"hsa-miR-542-5p"	106.340035793989	1.02692922621112e+32	102.658443024477	43.1254761697054	2.31344915594768e-09	1.27198494183251e-08
"hsa-miR-373-3p"	103.518673444569	1.45286686190546e+31	104.79377505274	43.1250876124271	2.31358674510678e-09	1.27198494183251e-08
"hsa-miR-616-5p"	112.038738053201	5.33360476794925e+33	111.784503532703	43.1020939335461	2.32174565653913e-09	1.27198494183251e-08
"hsa-miR-501-5p"	106.408975617756	1.07719286675682e+32	106.077910493474	42.980100709907	2.36559054918931e-09	1.28681414980723e-08
"hsa-miR-16-1-3p"	102.725695963582	8.38524604565669e+30	104.139545006711	42.8765344153751	2.40356158980958e-09	1.2878169103727e-08
"hsa-let-7i-3p"	92.5150628177699	7.07634435715443e+27	92.9740287300885	42.8743113979676	2.40438428004297e-09	1.2878169103727e-08
"hsa-let-7f-2-3p"	96.4312337177035	1.06830157312233e+29	97.8058301136893	42.8381702371243	2.41780489039986e-09	1.2878169103727e-08
"hcmv-miR-US25-1-5p"	101.281609448525	3.08178582415877e+30	101.640112042942	42.6558599088439	2.48683178453562e-09	1.31544826119918e-08
"hsa-miR-624-5p&hsa-miR-624-3p"	76.4170684005968	1.00885736603276e+23	76.3659432042057	42.4696215254545	2.55969778707915e-09	1.34471794704775e-08
"hsa-miR-139-3p"	115.018611799615	4.20777211599278e+34	116.430064722939	42.2635553732157	2.64320059984834e-09	1.37913936060114e-08
"hsa-miR-518f-3p"	74.937495139808	3.61771072185857e+22	74.6967384735895	42.092990542021	2.7146940221444e-09	1.40655960234487e-08
"hsa-miR-502-3p"	131.484869548475	3.8096906326024e+39	131.353879114198	42.0514764419732	2.73242999673254e-09	1.40655960234487e-08
"hsa-miR-325"	106.769553192661	1.38305080771465e+32	105.85465904231	41.9205599127192	2.78924050258031e-09	1.41837724922159e-08
"hsa-miR-532-5p"	126.333896407842	1.07224069940768e+38	126.978106105259	41.9134320029253	2.79237242024068e-09	1.41837724922159e-08
"hsa-miR-15a-3p"	82.6051114004912	7.3555698961582e+24	81.7825102328979	41.6632839898501	2.90489056283536e-09	1.46445131719391e-08
"hsa-miR-330-5p"	235.784656137316	9.51160955853664e+70	229.71863742481	41.5886667987673	2.9394577479998e-09	1.46445131719391e-08
"hcmv-miR-UL112-3p"	97.9213442625237	3.00097127733405e+29	96.8788337888638	41.5817433285763	2.94268904092835e-09	1.46445131719391e-08
"hsa-miR-200a-3p"	97.2808963301225	1.92516430383964e+29	97.6159033204932	41.5459667143502	2.9594518144075e-09	1.46445131719391e-08
"hsa-miR-26a-5p"	13185.6199853685	Inf	13053.2083614569	41.4825618311072	2.98943015908369e-09	1.46980316154948e-08
"hsa-miR-593-5p&hsa-miR-593-3p"	110.321673791298	1.62230677937015e+33	108.876413496201	41.4246645358986	3.01710999367895e-09	1.47396392684825e-08
"ebv-miR-BART9-3p"	110.344981539838	1.64872914249682e+33	109.858291471345	41.3096713938472	3.07296562901356e-09	1.47795744744514e-08
"hcmv-miR-UL36-5p"	107.587630792452	2.43839484179584e+32	108.020769074273	41.3009785107683	3.07723616830563e-09	1.47795744744514e-08
"ebv-miR-BART1-3p"	116.095991940005	8.87924317851395e+34	113.363584703462	41.2590279797214	3.09794136715082e-09	1.47795744744514e-08
"hsa-miR-522-3p"	93.4295717787747	1.33383954019529e+28	94.1613141202185	41.2501136081153	3.10236178668407e-09	1.47795744744514e-08
"hsa-miR-605-5p"	147.803989496615	3.114829773368e+44	137.546273679411	41.1676232771121	3.14361284316324e-09	1.48836484611494e-08
"hcmv-miR-UL36-3p"	82.9313269535863	9.22182747949665e+24	80.0836334694064	40.9026036635201	3.28047572655828e-09	1.53194491482281e-08
"ebv-miR-BART19-5p"	89.2768380701331	7.49904875457031e+26	87.431221537526	40.8788499950099	3.2930739899022e-09	1.53194491482281e-08
"hsa-miR-556-3p"	87.3819352863246	2.01643209028537e+26	87.9590852196616	40.8741392901347	3.29557902145715e-09	1.53194491482281e-08
"hsa-miR-431-3p"	117.207758986122	1.91889485926419e+35	117.916107253214	40.6726806069019	3.40479011497888e-09	1.57317711939084e-08
"hsa-miR-520g-3p"	95.2973497302034	4.86811440599888e+28	99.2833408096438	40.5175604862811	3.49172311114367e-09	1.59099952914331e-08
"kshv-miR-K12-11-3p"	111.040265331372	2.66962703199889e+33	113.059119921272	40.4714132878204	3.51807602434033e-09	1.59099952914331e-08
"hsa-miR-940"	106.431590107795	1.09421108131807e+32	106.98795851312	40.4614854857736	3.52377528138094e-09	1.59099952914331e-08
"hsa-miR-449a"	104.34307717895	2.57274101851557e+31	104.694747434697	40.4454297057309	3.53301492480709e-09	1.59099952914331e-08
"kshv-miR-K12-9-3p"	75.7661277499024	6.42505882203862e+22	75.1484365383356	40.4210838802123	3.54707848088012e-09	1.59099952914331e-08
"hsa-miR-561-3p"	95.7151985511645	6.50347993751446e+28	95.0304138116868	40.1279124280246	3.72158976523681e-09	1.65956938949804e-08
"hsa-miR-150-3p"	89.7083601777935	1.01136349861642e+27	91.2274354792367	39.9503424564743	3.83208749980065e-09	1.6903147129119e-08
"hsa-miR-15b-3p"	108.589356710181	4.88262735143041e+32	107.888873862623	39.9463542582664	3.83461225614954e-09	1.6903147129119e-08
"ebv-miR-BART13-5p"	95.7843967545372	6.82301835646075e+28	94.9606796447791	39.848678353726	3.8970481316701e-09	1.70802052399484e-08
"kshv-miR-K12-2"	93.0571331163443	1.03035854823785e+28	91.09669304172	39.7220014498991	3.97977179956612e-09	1.73210028305222e-08
"hsa-miR-362-3p"	123.027827144193	1.08409232996426e+37	123.406944728562	39.6644690858643	4.0180079891429e-09	1.73210028305222e-08
"hsa-miR-370-3p"	102.911168021633	9.5356096249493e+30	103.102813831826	39.6618819790997	4.01973729313293e-09	1.73210028305222e-08
"hsa-miR-449b-5p"	95.6865283544557	6.37551417457243e+28	96.0275321403392	39.2549244971837	4.30274091829193e-09	1.8369423653062e-08
"hsa-miR-130a-5p"	97.7228068494277	2.61514709720903e+29	95.5412847339834	39.2160696574612	4.33094003020156e-09	1.8369423653062e-08
"hsa-miR-490-5p"	123.761730094961	1.80298898648376e+37	123.248596899752	39.2021533111268	4.34109156375216e-09	1.8369423653062e-08
"hsa-miR-323b-5p"	105.121758148114	4.41369582064212e+31	105.489668718958	39.1779038078412	4.35884629055708e-09	1.8369423653062e-08
"ebv-miR-BART8-5p"	94.4995040696448	2.80017581520386e+28	91.7297811571274	39.0822538597341	4.42969759634686e-09	1.85224763698616e-08
"hsa-miR-100-3p"	73.6351005172349	1.46681042999057e+22	71.3053518720153	39.0638754521789	4.44346238859784e-09	1.85224763698616e-08
"hsa-miR-377-5p"	138.925661091516	6.61898132860855e+41	144.285834901969	38.919991426577	4.55294377546889e-09	1.88762587880251e-08
"hsa-miR-1296-5p"	128.455519946311	4.66621357132094e+38	124.811426409713	38.7101813073508	4.71819828899615e-09	1.94562262777422e-08
"hsa-miR-935"	112.748227379443	8.7216448732803e+33	111.449623469389	38.544202289324	4.85382910721964e-09	1.99084862312164e-08
"hsa-miR-563"	85.0628382385066	4.04078577004361e+25	84.1300848823893	38.2888534676066	5.0713445238387e-09	2.06342099708423e-08
"hsa-miR-500a-3p"	202.609512179882	9.80709930675242e+60	202.353997812744	38.2488771969045	5.10640336897487e-09	2.06342099708423e-08
"hsa-miR-202-5p"	92.7997889396863	8.62025398847931e+27	93.2673443149921	38.243122473252	5.11147313488922e-09	2.06342099708423e-08
"hsa-miR-499a-3p"	83.5743679466494	1.44009658527801e+25	82.8281673979484	38.1466379896461	5.19734194823011e-09	2.08710014360864e-08
"hsa-miR-326"	224.456685102524	3.69994223011159e+67	222.888694528203	37.9343521001815	5.3921798795899e-09	2.15406352481534e-08
"hsa-miR-532-3p"	125.108593122239	4.58605485478613e+37	119.489543200126	37.882688461894	5.44086021440866e-09	2.16224859298002e-08
"hsa-miR-194-5p"	135.737748061468	7.26329545015416e+40	133.549804996075	37.6766433628829	5.64010263117722e-09	2.22987562789326e-08
"hsa-miR-558"	92.6604923309649	7.8268607028903e+27	89.0967599841856	37.6354638830657	5.6809218009797e-09	2.23449590838535e-08
"hsa-miR-26a-1-3p"	105.793939418916	7.03313776663902e+31	104.775154172187	37.2298288547242	6.10170595864437e-09	2.35357519614619e-08
"hsa-miR-624-5p"	75.8568417709749	6.84202646017722e+22	77.5253758416045	37.2296739455385	6.10187336325184e-09	2.35357519614619e-08
"hsa-miR-589-3p"	80.5213598693375	1.7351803158231e+24	78.872656692578	37.2291893294859	6.10239710395307e-09	2.35357519614619e-08
"hsa-miR-626"	86.8256106689904	1.37123914680993e+26	87.9230275849672	37.2254799986573	6.10640761451227e-09	2.35357519614619e-08
"hsa-miR-324-3p"	132.233209321952	6.39974145015695e+39	127.894607625444	36.9349584604868	6.43014907048913e-09	2.46531427023385e-08
"hsa-miR-361-3p"	182.902105761268	1.14556597046132e+55	180.473224549502	36.8864345571876	6.48612477104869e-09	2.46531427023385e-08
"hsa-miR-105-3p"	97.3981831834066	2.0882123570398e+29	98.9002057318336	36.8807281841715	6.49274423190662e-09	2.46531427023385e-08
"hsa-miR-586"	96.8859870883387	1.46415910691677e+29	95.3216883146677	36.7305839335716	6.66973768211493e-09	2.52004374491732e-08
"hsa-miR-182-5p"	101.586665596278	3.8074438205141e+30	102.250855435523	36.496272789429	6.95715816842088e-09	2.61535300902831e-08
"hsa-miR-548c-3p"	89.8428332981589	1.11016547778292e+27	90.2068011771211	36.4700619228149	6.99018731226602e-09	2.61535300902831e-08
"hsa-miR-323a-5p"	100.937173675576	2.42726366017729e+30	101.268568118847	36.4061048387461	7.07154153778389e-09	2.63294774732051e-08
"hsa-miR-27a-5p"	114.969990987046	4.06832733132125e+34	113.823585995836	36.3175664252238	7.18596774204214e-09	2.66262669475668e-08
"hsa-miR-579-3p"	62.3892782018642	6040100246425985024	62.3892782018642	36.0655995656006	7.52344431327925e-09	2.77420440450405e-08
"hsa-miR-345-5p"	137.02721432378	1.77542255855967e+41	132.728754788105	36.0394972286843	7.5594357306564e-09	2.77420440450405e-08
"hsa-miR-196a-5p"	106.112452162298	8.77063452718942e+31	105.4838036896	35.8435083969914	7.83609425199105e-09	2.8620401387034e-08
"hsa-miR-590-3p"	81.2981789136667	2.97296944602058e+24	81.5117566825736	35.7595122842115	7.95821648599189e-09	2.89043995739797e-08
"hsa-miR-302b-5p"	88.9301753847905	5.89726047509498e+26	92.9090135640522	35.7384229498305	7.98922126425515e-09	2.89043995739797e-08
"hsa-miR-591"	90.5192101292808	1.77417899302972e+27	89.2230716118239	35.6319469715446	8.14789599214669e-09	2.93400761782935e-08
"hsa-miR-202-3p"	142.939627790209	1.06933931412224e+43	144.104149668336	35.4815650233646	8.37821737068508e-09	3.00284706696984e-08
"hsa-miR-511-5p"	101.990856416289	5.03856731120731e+30	101.372044898015	35.2890165700937	8.68413799993774e-09	3.09801574230337e-08
"hsa-miR-548b-3p"	103.199327913347	1.16437597065661e+31	104.20492367962	35.2364390106412	8.76989326766575e-09	3.10001776325219e-08
"hsa-miR-346"	80.2675231361905	1.45523168339842e+24	80.670702790198	35.2360174273435	8.77058480607203e-09	3.10001776325219e-08
"ebv-miR-BART10-3p"	101.779700439255	4.35254010944546e+30	100.03070311637	35.1787286310943	8.86514382824239e-09	3.11906665883574e-08
"hsa-miR-105-5p"	136.288538047348	1.06399115445229e+41	136.498584661836	35.1372357716923	8.93436310851884e-09	3.12906689691048e-08
"hsa-miR-33a-3p"	91.0822327593028	2.62110327214708e+27	91.4344535298428	35.0897173319005	9.01439934819166e-09	3.14274740911955e-08
"hsa-miR-145-3p"	111.4526490107	3.55296106594665e+33	111.681145472588	35.0582265095221	9.06789436774936e-09	3.14709275116007e-08
"hsa-miR-506-3p"	98.8191925989755	5.59166467700191e+29	101.683825751352	34.9229335751787	9.3019170304351e-09	3.21377043348816e-08
"hsa-miR-10b-5p"	109.392976706795	8.52250576577271e+32	111.831679674577	34.6948328956899	9.71238717385097e-09	3.34053854813619e-08
"hsa-miR-92b-5p"	81.3023325424163	2.98154118459318e+24	82.2138370018001	34.4053696638205	1.02636319349524e-08	3.51437754201271e-08
"hsa-miR-10b-3p"	85.762108599467	6.56095682471075e+25	85.3122575495022	34.1973684232112	1.06820013537389e-08	3.6298631790063e-08
"hsa-miR-194-3p"	125.50739173742	6.04629858961601e+37	123.377776763544	34.1907873266652	1.06955551297969e-08	3.6298631790063e-08
"ebv-miR-BART12"	135.454714144229	5.96941828443345e+40	131.208857374942	34.1184919077795	1.08457573291584e-08	3.66462373192268e-08
"hcmv-miR-US33-3p"	74.3619915049479	2.42767183770067e+22	74.6297369225546	33.7737919329343	1.15961267245597e-08	3.90097771830583e-08
"hsa-miR-96-3p"	80.1553627323907	1.34638261669436e+24	79.8078332091147	33.7235671273258	1.17103705163528e-08	3.92220706814087e-08
"hsa-miR-590-5p"	135.594624566922	6.57732414599394e+40	133.035169154026	33.6359792372297	1.19127141604838e-08	3.97263120047437e-08
"hsa-miR-767-3p"	98.459177569224	4.35678166921184e+29	99.2791275880123	32.8062788368936	1.40428537623329e-08	4.66271378169235e-08
"hcmv-miR-US33-5p"	91.6623384477086	3.91844130213519e+27	90.8316872543043	32.6587617203117	1.44658801220455e-08	4.77988519392257e-08
"hsa-miR-454-5p"	87.9777201986952	3.04742292238226e+26	86.7827873457481	32.6401174797638	1.45203813583306e-08	4.77988519392257e-08
"hsa-miR-31-3p"	126.221684321673	9.92003225015536e+37	125.924303149804	32.5970662036482	1.46471345169798e-08	4.80100520278783e-08
"hsa-miR-1307-3p"	109.113241915555	7.0203496164663e+32	107.795479311952	32.1556939803331	1.60227910966963e-08	5.22956628560257e-08
"hsa-miR-542-3p"	135.507468294811	6.1917383149853e+40	132.485347364265	32.1051562224309	1.61895876377687e-08	5.24295064993457e-08
"hsa-miR-134-5p"	106.282247968746	9.86608028472777e+31	104.848290972229	32.1018670294527	1.62005124385201e-08	5.24295064993457e-08
"hsa-miR-148b-5p"	86.8219813049888	1.36779387863571e+26	86.4107655399356	32.0696399403173	1.63080019621731e-08	5.2555619768852e-08
"hsa-miR-181d-5p"	163.41502243122	1.55891879779044e+49	162.128710473051	32.0468918030205	1.63843695344909e-08	5.25808009747051e-08
"hsa-miR-206"	127.040129183036	1.7494016714038e+38	130.460189599271	32.0226142647511	1.64663255544389e-08	5.26236320843945e-08
"hsa-miR-24-1-5p"	395.821946232202	1.42652293350871e+119	405.074818011392	31.8010051804777	1.72366348684244e-08	5.4653482855939e-08
"hsa-miR-616-5p&hsa-miR-616-3p"	91.707618147915	4.04337380717433e+27	90.1304483429112	31.7953098771863	1.72569711063914e-08	5.4653482855939e-08
"hsa-miR-200c-5p"	103.729696446992	1.68170599225958e+31	105.202969632796	31.779031286028	1.73152494576182e-08	5.4653482855939e-08
"hsa-miR-147a"	170.965096930952	2.9216109786109e+51	166.81486370968	31.6992191108377	1.76042779968661e-08	5.53380378016243e-08
"hsa-miR-30a-3p"	137.679468566136	2.79029310216011e+41	138.412056931681	31.6381941911758	1.7829017520975e-08	5.58157405656646e-08
"hsa-miR-34a-3p"	119.053898556066	6.89913377602202e+35	121.221410965237	31.5444334348875	1.81807762728768e-08	5.66855910621808e-08
"hsa-miR-122-3p"	102.993066633503	1.00925846831784e+31	103.631429074791	30.906269100872	2.07986313815262e-08	6.45852237636865e-08
"hsa-let-7e-3p"	151.640967612349	4.45122782187892e+45	149.514995319152	30.8844105933626	2.08956986739515e-08	6.46250035601646e-08
"hsa-miR-27a-3p"	1179.55176600287	Inf	1145.39051698783	30.6154937037155	2.21335378171143e-08	6.81784076535209e-08
"ebv-miR-BART11-5p"	106.092277789901	8.64884119814289e+31	103.297235772041	30.4953563841093	2.27136488789716e-08	6.9685474760685e-08
"hsa-miR-302c-3p"	116.574084334262	1.23679038887522e+35	111.443176252232	30.4761298929234	2.28081026387662e-08	6.96964730037197e-08
"hsa-miR-671-3p"	103.151784323871	1.12662967900595e+31	100.495547045981	30.4506130541226	2.29341573572708e-08	6.98035662421693e-08
"hsa-miR-942-5p"	104.497795305228	2.86398584796677e+31	104.729830779712	30.4116504839816	2.31281837840284e-08	7.01158773215407e-08
"hsa-miR-873-5p"	235.288090186128	6.74175193573421e+70	229.085275246744	30.3860672985994	2.32566100903784e-08	7.02276375563787e-08
"hsa-miR-551a"	148.347158127262	4.53883471432376e+44	149.639192825922	30.0587740630227	2.49741320660997e-08	7.51182717439156e-08
"hsa-miR-33b-5p"	98.0825681115938	3.35579214652863e+29	98.8820782985584	29.8703665827652	2.60288281931434e-08	7.79848094693008e-08
"hsa-miR-519e-3p"	210.51653450913	2.35391876201487e+63	213.018191399014	29.743917193405	2.67654221296385e-08	7.98796839433179e-08
"hsa-miR-135b-3p"	86.3361574335135	9.76726785488671e+25	87.2129902956787	29.6151111695075	2.7540501101522e-08	8.18742804064626e-08
"hsa-miR-509-3p"	102.246321509408	6.01464114151267e+30	101.76984101637	29.5123484924549	2.81774113821738e-08	8.34443032051246e-08
"hsa-miR-572"	87.9447068104295	2.97848014803132e+26	86.8684052549793	29.3646279548679	2.91228748721933e-08	8.59124808729702e-08
"hsa-miR-508-3p"	103.439772990457	1.37554377171776e+31	105.410413281855	29.2520941206287	2.98676523575303e-08	8.77719898782596e-08
"hsa-miR-500a-3p&hsa-miR-500a-5p"	164.373000434161	3.02833285252303e+49	165.998038109488	29.1792527396273	3.03614118518461e-08	8.88824537800228e-08
"hsa-miR-744-3p"	108.577309566009	4.84202500482198e+32	106.1605704262	29.136534034478	3.06553477716963e-08	8.94017176459735e-08
"hsa-miR-130b-5p"	130.939360271149	2.61020762897601e+39	135.130124854986	29.1147839448813	3.08062607745746e-08	8.95015227806769e-08
"hsa-miR-629-3p"	163.303832240681	1.44328437948302e+49	157.293366830462	29.0551485746704	3.12244430411138e-08	9.03741426888086e-08
"hsa-miR-135b-5p"	121.920127656681	5.03055034651045e+36	122.875144493677	29.0147072054833	3.15117459107631e-08	9.08628162163733e-08
"hsa-miR-384"	83.5084346080262	1.37576326190745e+25	79.1628987022604	28.9821214533261	3.17454539738961e-08	9.11938696553495e-08
"hsa-miR-559"	75.418113635398	5.04794274801754e+22	78.579099772043	28.8887783876124	3.24260306994031e-08	9.2801363979262e-08
"hsa-miR-650"	99.3851416720549	8.27768253966905e+29	98.2977616882448	28.516199813545	3.53149972761695e-08	1.00693691118297e-07
"hsa-miR-33b-3p"	77.8775381144146	2.77635477172905e+23	75.6240653512426	28.4529186510023	3.58345535701979e-08	1.01796676253118e-07
"hsa-miR-520f-3p"	86.8266108355723	1.3721901052836e+26	87.0135434329285	28.281485468119	3.72868127956837e-08	1.05148174081324e-07
"hsa-miR-483-3p"	132.043357227982	5.61062514559021e+39	129.799486573556	28.2812872031142	3.72885310953328e-08	1.05148174081324e-07
"hsa-miR-543"	97.6750724967047	2.53003570490828e+29	98.9811919647054	28.2008517350972	3.79932127869181e-08	1.06742835925151e-07
"hsa-miR-148b-3p"	718.2882972054	1.68392596388182e+216	669.388327326266	28.1434139996832	3.85057917706132e-08	1.07788110540366e-07
"hsa-miR-380-5p"	84.1140003244101	2.09332737533838e+25	84.4260669836681	27.9758803710329	4.00469054938587e-08	1.11694460050144e-07
"hsa-miR-19b-2-5p"	103.389337501585	1.32828668679794e+31	103.730869385033	27.8933200497178	4.08323806367686e-08	1.13472594015947e-07
"hsa-miR-34c-3p"	87.7454226235177	2.59420440174506e+26	86.6014303370575	27.8396615191546	4.13523837144804e-08	1.14502809779807e-07
"hiv1-miR-H1"	102.601886482901	7.69565239930818e+30	100.356429686896	27.7143601004473	4.25966051974188e-08	1.17523727289281e-07
"hsa-miR-217-5p"	83.9683509001535	1.89231010004677e+25	85.5685052339261	27.6551821653767	4.31991631256428e-08	1.18758989667986e-07
"ebv-miR-BART9-5p"	100.689739752405	2.04471094204842e+30	103.552387968629	27.3697882756809	4.62462754744934e-08	1.26265148699606e-07
"hsa-miR-342-5p"	165.771430316629	7.98312536592799e+49	164.399247505669	27.3523355267407	4.64404940903652e-08	1.26265148699606e-07
"hsa-miR-301b-3p"	127.313211400836	2.11395372356674e+38	124.617313324834	27.3386116506311	4.65938757302418e-08	1.26265148699606e-07
"hsa-miR-645"	117.074700951165	1.74983347174958e+35	117.773536131593	27.3274033478761	4.67195748841903e-08	1.26265148699606e-07
"hsa-miR-28-3p"	101.611281258399	3.87296486038794e+30	99.8819901079596	27.3189553327787	4.68145756295506e-08	1.26265148699606e-07
"hsa-miR-539-5p"	176.737907327323	1.59739189451461e+53	177.799972740807	27.3048829196996	4.6973318217689e-08	1.26265148699606e-07
"kshv-miR-K12-9-5p"	80.8199521122542	2.1341740451728e+24	81.1371404077099	27.2952869299746	4.70819198540902e-08	1.26265148699606e-07
"ebv-miR-BART11-3p"	89.3709807148974	8.00471616465896e+26	89.4067597884706	27.2591266824567	4.74937616493613e-08	1.26925836881743e-07
"hsa-miR-23a-5p"	124.595688809606	3.21395404079517e+37	122.220302926364	27.1959640235022	4.82231217689412e-08	1.28427549988812e-07
"hsa-miR-874-3p"	260.835274066454	3.30553242187955e+78	256.049647594414	27.1563875292464	4.86866865032873e-08	1.28899281957393e-07
"hcmv-miR-UL70-5p"	89.620533029441	9.51631193341275e+26	91.5326069384944	27.1521720059649	4.87363647557286e-08	1.28899281957393e-07
"hsa-miR-186-3p"	105.450487476156	5.54319029177536e+31	104.580588824882	27.1267063699758	4.90377095587881e-08	1.289890386588e-07
"hsa-miR-199b-5p"	114.157295650217	2.31616883974707e+34	114.39210275898	27.1209058714449	4.91066483551105e-08	1.289890386588e-07
"hsa-miR-124-5p"	231.532279973211	4.99069737974178e+69	242.556391910333	27.002466835675	5.05389580221078e-08	1.32298227996439e-07
"hsa-miR-380-3p"	102.269935399424	6.11389829365206e+30	103.318382359366	26.8613064266383	5.23092118895293e-08	1.36466549385269e-07
"hsa-miR-541-3p"	84.3637215298621	2.488918789565e+25	84.7244570133674	26.789076151445	5.32425478119255e-08	1.38430624311006e-07
"hsa-miR-34b-5p"	111.886147954993	4.79829156170496e+33	108.714395237752	26.7130579927083	5.42455736009604e-08	1.40562009972759e-07
"hsa-miR-93-3p"	96.1823858110538	8.99048630152695e+28	94.5301760174339	26.6310596956131	5.53519462776399e-08	1.42945935336531e-07
"hsa-miR-655-3p"	83.4567367461597	1.32733669482144e+25	85.9028326364822	26.5311422314119	5.67353400748093e-08	1.46026865226103e-07
"hsa-miR-603"	126.773973151749	1.45468375246758e+38	127.971250720276	26.4911905962935	5.72995801076433e-08	1.46985879406563e-07
"hsa-miR-450a-5p"	129.351421796779	8.68276291396624e+38	128.391017867266	26.4631006488741	5.77001603021178e-08	1.47520076505748e-07
"hsa-miR-545-5p"	84.0351736146665	1.98201961815636e+25	87.2828896746911	26.404983882464	5.85392078635194e-08	1.49168014721991e-07
"hsa-miR-571"	105.694913613305	6.56658222446037e+31	101.540651110895	26.3492820675701	5.9356581342496e-08	1.50749993012233e-07
"hsa-miR-600"	276.698963160788	1.97100479364273e+83	270.574199905485	26.2789136200854	6.04080030347472e-08	1.52749118417962e-07
"hsa-miR-34c-5p"	210.056397165372	1.71110369012273e+63	209.021126334389	26.2700453203894	6.05420234668324e-08	1.52749118417962e-07
"hsa-miR-601"	160.621198562108	2.24801242189549e+48	160.366313972565	26.2224891369586	6.12665653412226e-08	1.5407034628432e-07
"hsa-miR-125b-2-3p"	186.543968877079	1.42998058884177e+56	172.472395011202	26.1867533471203	6.18175814579782e-08	1.54947990125063e-07
"hsa-miR-492"	90.940550096808	2.37592868741005e+27	92.60254725985	26.0418721376394	6.41106861528102e-08	1.59820411865814e-07
"hsa-miR-200b-3p"	117.282888148643	2.02147004820064e+35	118.888999911502	26.0376966159816	6.4178209719258e-08	1.59820411865814e-07
"hsa-miR-452-5p"	114.447694182047	2.83262369275018e+34	114.641203947893	26.0241141647153	6.43984217116445e-08	1.5984980405447e-07
"hsa-miR-505-3p"	115.119074927417	4.51122643254962e+34	112.21920993942	26.0101848186188	6.46251607002617e-08	1.59895155668067e-07
"hsa-miR-183-5p"	129.967609230805	1.33091047498419e+39	138.72769462192	25.8994427769336	6.64608186012232e-08	1.63908192498837e-07
"ebv-miR-BART20-5p"	97.5270843329951	2.28337779760542e+29	99.9128322002766	25.8746384668035	6.68801486911176e-08	1.64413698865664e-07
"hsa-miR-660-5p"	133.908180282836	2.04352017593586e+40	134.260906953102	25.8579104351542	6.71646625190339e-08	1.64585610709581e-07
"hsa-miR-7-1-3p"	127.727974216303	2.81806836385678e+38	127.950175868021	25.8340173705261	6.757345739387e-08	1.65060005799676e-07
"hsa-miR-770-5p"	110.575002611033	1.93371540269394e+33	112.163492806693	25.7401032388709	6.92082277623629e-08	1.68516541884864e-07
"hsa-miR-888-5p"	66.4844296722972	1.0323039187405e+20	67.0851231010831	25.5916595819086	7.18858378748967e-08	1.74482397626727e-07
"hsa-miR-215-5p"	141.865583847498	5.07920908039612e+42	144.594687070032	25.5397250319423	7.28506096062849e-08	1.76266301476405e-07
"hsa-miR-485-3p"	659.643154120997	3.73573296568427e+198	711.77846907904	25.4462529265134	7.4624768270293e-08	1.79991186362625e-07
"hsa-miR-155-3p"	86.7279860008099	1.28151959099981e+26	87.1931704527817	25.4326323431569	7.48874199190017e-08	1.8005846732876e-07
"hsa-let-7c"	13421.7115687212	Inf	12824.9917185753	25.3805068606115	7.5902442212712e-08	1.81928666178594e-07
"hsa-miR-517-5p"	105.83858402874	7.25418273275154e+31	105.595107642735	25.2480950011093	7.85527674327637e-08	1.87694618756791e-07
"hsa-miR-18a-3p"	102.472613157256	7.03607231543218e+30	103.366603953179	25.1901128193191	7.97467115642931e-08	1.89955676303767e-07
"hsa-miR-548a-5p"	81.4050836563387	3.20163618767547e+24	81.0569725597603	24.9972272554467	8.38713400217775e-08	1.99161974602797e-07
"ebv-miR-BART20-3p"	99.805215744587	1.1075508196662e+30	99.8862182825816	24.9542900713189	8.48225579320058e-08	2.00799080042742e-07
"hsa-miR-548c-5p"	106.902436303458	1.51649134805086e+32	103.186685187749	24.7706530576171	8.90332704848476e-08	2.1011851834424e-07
"hsa-miR-580-3p"	108.350714311698	4.13823414160109e+32	103.793646938301	24.7533988022212	8.94411065304576e-08	2.10433523646813e-07
"hsa-miR-152-3p"	208.923813769405	7.80431433351765e+62	206.829408961153	24.7279215743766	9.00472408478955e-08	2.11211723945981e-07
"hsa-miR-197-3p"	403.952306913497	3.997248963966e+121	414.55000685792	24.5264497103726	9.50104236048962e-08	2.22138068469573e-07
"hsa-miR-550a-3p"	135.63439345155	6.76115469365191e+40	132.135687750522	24.5156676018889	9.52847777398822e-08	2.22138068469573e-07
"hsa-miR-486-3p"	77.6497932989787	2.37092021791144e+23	75.8901767301796	24.4628068811337	9.6643082976039e-08	2.24621953462491e-07
"hsa-miR-26b-5p"	11925.1436610883	Inf	12805.8392388164	24.43970727122	9.72436282267402e-08	2.25334933081298e-07
"hsa-miR-548b-5p"	98.5659328700935	4.69139871438051e+29	98.2219259565363	24.4126697219333	9.7952009105188e-08	2.26292743926745e-07
"hsa-miR-138-2-3p"	148.645501056753	5.58154638914451e+44	147.619328694195	24.3452867202721	9.97434003998606e-08	2.29739303623703e-07
"hsa-miR-489-3p"	72.9235997314809	8.957584443521e+21	76.4300482565138	24.2304190212916	1.02884729060397e-07	2.36265231105763e-07
"hsa-miR-218-2-3p"	117.435731332901	2.24738611810482e+35	121.520498157557	24.2153752561014	1.03304499498953e-07	2.36521048106558e-07
"ebv-miR-BHRF1-3"	144.915294761073	4.20581875738281e+43	141.060678254	24.1841434921938	1.04182270350089e-07	2.37820837376543e-07
"hsa-miR-200c-3p"	103.328563266037	1.27349414307306e+31	105.806858060549	24.1260939299235	1.05836635325222e-07	2.40880413336633e-07
"hsa-miR-568"	74.1283142330707	2.06464843896698e+22	73.9203038793766	24.0228555242938	1.08854034279039e-07	2.47014923940897e-07
"hsa-miR-423-5p"	1189.66172499499	Inf	1149.77713838896	23.962427940643	1.10666021679232e-07	2.50385954654781e-07
"hsa-miR-106a-5p"	660.858535619124	8.67445327288801e+198	675.336506278619	23.8520998089317	1.14064530278435e-07	2.56656911848227e-07
"hcmv-miR-UL148D"	392.431362481164	1.36022685885612e+118	333.094739239076	23.8507476660745	1.14106919087673e-07	2.56656911848227e-07
"hsa-miR-337-3p"	171.866550787491	5.45741573015749e+51	177.312772444424	23.7505210243062	1.17299976905351e-07	2.6306749206551e-07
"hcmv-miR-UL22A-3p"	101.783932353885	4.36532633212031e+30	99.6252235891736	23.1919331348411	1.3709433021423e-07	3.0656370633911e-07
"hsa-miR-382-5p"	323.481543592428	2.38587488185225e+97	321.313017793297	23.1126207122868	1.40205259158515e-07	3.12608819112154e-07
"hsa-miR-130b-3p"	245.199458729586	6.49220161231849e+73	246.991878370819	23.0805177917849	1.41487466738843e-07	3.145532956194e-07
"hsa-miR-652-3p"	145.541871436151	6.49335171660738e+43	145.588271829829	22.7073151378323	1.57426917323643e-07	3.48978166437094e-07
"hsa-miR-125a-5p"	5813.04981621057	Inf	5889.8572351452	22.693032122279	1.58076773886591e-07	3.4940889213549e-07
"hsa-miR-378a-5p&hsa-miR-378a-3p"	327.072353627362	2.87467792674775e+98	324.827638862288	22.6706692895393	1.59100453186412e-07	3.50661056304535e-07
"hsa-miR-589-3p&hsa-miR-589-5p"	147.965056073181	3.48273305708047e+44	141.230449535648	22.6151593400127	1.6167456987904e-07	3.5531345300064e-07
"hsa-miR-885-3p"	151.852511150542	5.15419414444465e+45	151.641855955812	22.599971433538	1.62387183633019e-07	3.55859913847216e-07
"hsa-miR-143-5p"	98.314999089104	3.9424278082963e+29	96.2827963589578	22.4110145238405	1.71561755697653e-07	3.74894206894871e-07
"hcmv-miR-US25-2-3p"	84.7353771272471	3.22025459945357e+25	85.889649769156	22.3332343263938	1.75510349030393e-07	3.82433061665658e-07
"hsa-miR-20b-5p"	181.917354677821	5.78869263008865e+54	189.154668988524	22.2434061687894	1.80201181845577e-07	3.90867550279185e-07
"hsa-miR-24-3p"	5322.97733335533	Inf	4986.62409324739	22.2396507120271	1.80400407821162e-07	3.90867550279185e-07
"hcmv-miR-US5-1"	101.107959202686	2.73230086981975e+30	96.8553841079335	22.1833092785622	1.83419901299621e-07	3.96290321962844e-07
"hsa-miR-576-5p"	159.784328401825	1.25856510399216e+48	160.840701917925	22.1430658372322	1.85612233859358e-07	3.99900515084629e-07
"hsa-miR-183-3p"	217.915949598065	3.97408692901981e+65	207.326176218684	22.1151776956798	1.87149158419977e-07	4.02082365568971e-07
"hsa-miR-663a"	97.4496932114214	2.16411694164449e+29	95.4358924235107	22.0944323179594	1.88301932138865e-07	4.03428999861758e-07
"hsa-miR-888-3p"	1189.50363783238	Inf	1335.00238807736	22.0070010191711	1.93250814966084e-07	4.12878482114169e-07
"hsa-miR-186-5p"	277.145407471821	2.68584415641706e+83	269.349462335002	21.8921285532141	1.9998186362741e-07	4.26072470561732e-07
"hsa-miR-518e-3p"	99.7481665455234	1.0646090230295e+30	104.521068048296	21.8808552378987	2.00656830664483e-07	4.26326285650024e-07
"hsa-let-7d"	760.543585325971	8.83959144547448e+228	759.061570084359	21.7503062194256	2.08666971067638e-07	4.42120350300768e-07
"hsa-miR-7-2-3p"	173.655363009662	1.88570248690011e+52	182.026298492408	21.721136760295	2.10506587381607e-07	4.44727452507287e-07
"hsa-miR-99b-3p"	275.444273619488	8.26016063944734e+82	267.311667630102	21.7124646546672	2.11057096105153e-07	4.44727452507287e-07
"hsa-miR-887-3p"	146.776784659193	1.5283219463691e+44	167.48191838833	21.6995711281301	2.11878643607831e-07	4.45235396293716e-07
"hsa-miR-636"	121.250922425611	3.16347678700089e+36	123.978483483691	21.6824228933398	2.12976992322019e-07	4.45285236845858e-07
"hsa-miR-29b-2-5p"	130.127637133981	1.48703791615914e+39	132.943711169411	21.6810770485414	2.13063470563794e-07	4.45285236845858e-07
"ebv-miR-BART1-5p"	118.448337654899	4.5342198164991e+35	124.813810099568	21.6321294370749	2.16236228925468e-07	4.50688009744114e-07
"hsa-miR-208a-3p"	205.386555418738	6.72223804016522e+61	200.077331765781	21.4431005034539	2.29009365898905e-07	4.76016757844066e-07
"hcmv-miR-US25-1-3p"	117.87247208808	3.0419338215685e+35	107.486418668835	21.3797863731628	2.33479938972791e-07	4.83997603221975e-07
"hsa-miR-199a-5p"	184.144453013986	2.71021592198051e+55	192.224711150131	21.3483752935408	2.35735024575579e-07	4.87355158623906e-07
"hsa-miR-562"	85.6108332320069	5.90784043081462e+25	86.9393420935357	21.3303961784142	2.37037052328159e-07	4.88729621332522e-07
"hsa-miR-552-3p"	133.561002506295	1.60645293130438e+40	128.893969034583	21.236831867815	2.43947739180796e-07	5.0162980147901e-07
"hsa-miR-299-3p"	155.592169161648	6.88509612694337e+46	153.813896291423	21.0346849573989	2.59683970671008e-07	5.32560442525837e-07
"hsa-miR-135a-3p"	113.716726496264	1.70665479037459e+34	111.045058721513	21.009703094268	2.61708506284579e-07	5.35281131520727e-07
"hsa-miR-890"	148.219003806624	4.15303960975237e+44	149.028591228086	20.9949778907772	2.6291033354941e-07	5.36309111256377e-07
"hsa-miR-93-5p"	519.086402049325	1.82212160722949e+156	492.903228215416	20.9231650224784	2.68863129731545e-07	5.46997401867626e-07
"hsa-miR-656-3p"	166.244717494742	1.10827257541504e+50	173.612810133861	20.8832894970241	2.72235344920513e-07	5.52392882418078e-07
"hsa-miR-149-3p"	1243.51412839717	Inf	1252.36384004712	20.8297672470851	2.76838321173931e-07	5.60250639420593e-07
"hsa-miR-544a"	110.909715739713	2.43865996283743e+33	110.54346318214	20.8201463367595	2.77675179885787e-07	5.60465428874734e-07
"hsa-miR-297"	168.824146379708	6.62417889512021e+50	177.129166814701	20.7574871093416	2.83197146351071e-07	5.70110790685752e-07
"hsa-miR-99a-3p"	172.031116546011	6.11682798926103e+51	173.659783397759	20.718801363486	2.86669379452402e-07	5.75590089109927e-07
"hsa-miR-554"	88.3011001367423	3.81311401575702e+26	87.1402126054238	20.7082193745228	2.87627667005055e-07	5.76006320085842e-07
"hsa-miR-20b-3p"	145.416083621724	5.95117912220398e+43	149.555633802944	20.6660566755142	2.91482576224591e-07	5.82206083240264e-07
"hsa-miR-22-3p"	6080.19973860114	Inf	6265.79399047811	20.5449091520707	3.02893630024757e-07	6.03427049945425e-07
"hsa-miR-485-5p"	184.714981527144	4.02485360205847e+55	185.69073126259	20.5340670824294	3.03939646284406e-07	6.03942250518496e-07
"hsa-miR-34b-5p&hsa-miR-34b-3p"	1504.36350022137	Inf	1588.05068184978	20.4448452070231	3.12706960130832e-07	6.18938044341953e-07
"hsa-miR-508-5p"	94.0878006438669	2.1049908862431e+28	89.565749055996	20.4409094938197	3.13100340553687e-07	6.18938044341953e-07
"hsa-miR-615-3p"	221.905643156662	6.31327630957452e+66	224.234913134998	20.4207542223633	3.15123823124102e-07	6.21336689810248e-07
"hsa-miR-564"	74.2687126307937	2.27567501431529e+22	74.6031837184189	20.3764992174602	3.19619731306817e-07	6.27938705276794e-07
"hsa-miR-448"	95.3887500037491	5.18650737786977e+28	100.607195424501	20.3717208687418	3.20109561620895e-07	6.27938705276794e-07
"hsa-miR-409-5p"	184.219691027894	2.85530687711194e+55	176.855272392041	20.2940088420772	3.28198186396761e-07	6.42163288179376e-07
"hsa-miR-455-3p"	106.637794495682	1.26233555472831e+32	107.756098685222	20.2513776894208	3.32735057855022e-07	6.49244616491616e-07
"hsa-miR-592"	147.028010640533	1.81903646685753e+44	148.351297145193	20.2441601339283	3.33510272356841e-07	6.49244616491616e-07
"ebv-miR-BART5-5p"	174.579320640978	3.57776767221693e+52	179.661641373507	20.1907452348538	3.39312338530618e-07	6.5886724975439e-07
"hsa-miR-491-3p"	2336.31333294387	Inf	2055.6444852107	20.1776202446347	3.40755703074983e-07	6.59999051157858e-07
"hsa-miR-877-5p"	295.556860226048	9.36440853897707e+88	280.606718395111	20.1275719682067	3.46324656707114e-07	6.69095747340948e-07
"hsa-miR-421"	194.027738143492	2.55958273465325e+58	201.873817752301	20.0379453874332	3.56560943809727e-07	6.87141316336835e-07
"hsa-miR-302c-5p"	211.101260505297	3.53029936490857e+63	224.466569709068	19.8814145111613	3.75283727751026e-07	7.19209841603968e-07
"hsa-miR-455-5p"	129.138113809067	7.48937954122443e+38	133.14640687709	19.8768716111636	3.75843737979714e-07	7.19209841603968e-07
"hsa-miR-525-5p"	406.796836161752	2.87110996086496e+122	383.946568285233	19.8754876431179	3.76014532572609e-07	7.19209841603968e-07
"kshv-miR-K12-10a-3p"	160.125581093138	1.59442091324556e+48	159.881915374585	19.8364428942281	3.80869960662494e-07	7.2668472594063e-07
"hsa-miR-802"	72.5937978162053	7.12706372312508e+21	75.7236079266013	19.7716599930784	3.89085855956215e-07	7.40518241981184e-07
"hsa-miR-944"	106.031682406695	8.2930998644417e+31	105.994681980093	19.7564673931688	3.91041968403062e-07	7.423989845672e-07
"hsa-miR-581"	108.800127077242	5.65069390320765e+32	105.84088790137	19.7090959088109	3.97214170877887e-07	7.52254985341579e-07
"hsa-miR-433-3p"	266.703089144151	1.93032203666386e+80	259.075023710068	19.6176104290018	4.09453685230908e-07	7.735245728377e-07
"hsa-miR-29a-5p"	210.963353075988	3.20846467223636e+63	212.143891205897	19.5249802993946	4.2228984084675e-07	7.94055365573624e-07
"hsa-miR-758-3p"	138.149177053486	3.86408053507823e+41	139.679915691358	19.5242568030954	4.2239190241726e-07	7.94055365573624e-07
"hsa-miR-885-5p"	1277.21999395834	Inf	1268.46482720999	19.5147246379839	4.2373922730943e-07	7.94640555859004e-07
"ebv-miR-BART19-3p"	311.828392250833	7.40797600860472e+93	290.662728045635	19.4536966606997	4.32483147149776e-07	8.08880023299988e-07
"hsa-miR-376b-3p"	152.668386137407	9.07326545138131e+45	150.759982205512	19.4470936276128	4.33441577022549e-07	8.08880023299988e-07
"hsa-miR-18b-5p"	192.545598005847	9.16221614197246e+57	183.862816017752	19.3814544665259	4.43102962600961e-07	8.24902845424605e-07
"hsa-miR-708-3p"	138.396498830813	4.58666945239149e+41	142.071263886471	19.3127947544245	4.53474645314831e-07	8.42167198441829e-07
"kshv-miR-K12-7-3p"	93.7269672503445	1.63918716549906e+28	95.7944770085654	19.1884369905483	4.72978328366332e-07	8.76266613181103e-07
"hsa-miR-423-3p"	519.554635872228	2.52075004618365e+156	502.096724868419	19.1601832198341	4.77542786733159e-07	8.82591126323694e-07
"hsa-miR-610"	132.390539089875	7.13712672713474e+39	129.720653957965	19.1466529849989	4.79746528883505e-07	8.84532662628962e-07
"hsa-miR-550a-3p&hsa-miR-550a-5p"	1341.87120306849	Inf	1346.69745050678	19.1190442508956	4.84279648741426e-07	8.90749377900896e-07
"hsa-miR-339-3p"	142.888054273616	1.03178772875309e+43	139.419826241732	19.0612925299514	4.93922022579203e-07	9.06311462483848e-07
"hsa-miR-363-5p"	153.323935695817	1.42923518021472e+46	155.074591944996	19.0490836625112	4.95988575384722e-07	9.06763192937282e-07
"hsa-miR-17-5p"	713.708830475638	7.04313711752759e+214	720.695428394186	19.0458790816919	4.96532648023023e-07	9.06763192937282e-07
"hsa-miR-585-3p"	147.438976583824	2.41854672273281e+44	139.532239704584	18.9581910423193	5.11689712716868e-07	9.32223300840469e-07
"kshv-miR-K12-10b"	158.875635951763	6.70396906602485e+47	159.684373386959	18.9330332404928	5.1613592513105e-07	9.38095389989373e-07
"hsa-miR-181a-2-3p"	144.359881770686	2.86190084898625e+43	140.987575376332	18.9168096669452	5.19026698745088e-07	9.41119333185537e-07
"hsa-miR-28-5p"	797.996894089571	1.66341865472924e+240	759.888568320329	18.6291146695391	5.73510078876309e-07	1.03745809079747e-06
"hsa-miR-222-5p"	88.2227441248973	3.61153876994978e+26	92.9184893825773	18.612679461005	5.76815748463359e-07	1.04098277428564e-06
"hsa-miR-649"	100.499687189373	1.79234000707981e+30	107.172934813546	18.5874562668685	5.81931631190417e-07	1.04775014348134e-06
"hsa-miR-631"	91.4725816719626	3.43550720814001e+27	90.0082281550334	18.5405166809699	5.91591496586663e-07	1.06264795756902e-06
"hsa-miR-138-1-3p"	781.315387769601	1.5825877235119e+235	813.382228866983	18.5152555237654	5.96866237560895e-07	1.06961776684394e-06
"hsa-let-7b"	5632.44639044485	Inf	5370.45496930828	18.5062750345229	5.98754437924309e-07	1.07050035871316e-06
"hsa-miR-662"	116.582440908828	1.24397508248448e+35	117.011298065115	18.4847991809029	6.03297746173119e-07	1.07611481701112e-06
"hsa-miR-216b-5p"	96.4200783090451	1.06007295630298e+29	99.2724626328582	18.4555474215619	6.09549918269565e-07	1.08474428610848e-06
"hsa-miR-657"	148.069709007837	3.74475889120531e+44	144.708287687743	18.4351710219613	6.1394907946386e-07	1.09004385173329e-06
"hsa-miR-125b-1-3p"	259.14131828014	1.02166829950663e+78	242.518103741219	18.374329102107	6.27303100050898e-07	1.11118124189154e-06
"ebv-miR-BART7-3p"	95.2286212864924	4.64163998813513e+28	89.7357591019883	18.15598226687	6.78051271938431e-07	1.19830720178981e-06
"hsa-let-7b-3p"	252.477197520271	1.00741792681752e+76	240.738040291994	18.1168580402631	6.87634557016102e-07	1.21081897738573e-06
"hsa-miR-25-3p"	189.726857965142	1.29859949780908e+57	178.874543312754	18.1142122205893	6.88288232255776e-07	1.21081897738573e-06
"hsa-miR-623"	178.899186272883	7.14531316828979e+53	172.500004876899	18.0952516627873	6.92993556226993e-07	1.21630676802312e-06
"hsa-miR-30c-5p"	5842.40377616693	Inf	5993.86262436343	18.0788183831469	6.97101601073119e-07	1.22072357996138e-06
"hsa-miR-146a-5p"	210.295935293857	2.02015405534823e+63	214.814304665248	18.0293867959621	7.09628263419668e-07	1.23982887936876e-06
"hsa-let-7e"	8502.4440966556	Inf	8575.0168479366	18.0179274388753	7.12569012786771e-07	1.24213734728967e-06
"hsa-miR-432-3p"	103.994364976773	2.02033430441812e+31	100.499251140584	17.9931301054036	7.18980646306256e-07	1.25047200842834e-06
"kshv-miR-K12-5-3p"	164.317231586339	2.9135032840332e+49	166.848405610202	17.9261669891687	7.36628361901861e-07	1.27826686330029e-06
"hsa-miR-99b-5p"	1775.81248258935	Inf	1814.28557321757	17.8975547684926	7.44320243411335e-07	1.28869893159479e-06
"hsa-miR-599"	72.2959244069228	5.79751406249643e+21	76.0764294888134	17.8760467932022	7.50163023981662e-07	1.29588972836472e-06
"hsa-miR-376a-3p"	281.242684760896	4.59710236162302e+84	281.086664106643	17.8538574063445	7.56246179200447e-07	1.30346251561066e-06
"hsa-miR-526b-3p"	119.422438470511	8.90709603745746e+35	112.695303652112	17.8106748338558	7.6824766689992e-07	1.32117928365973e-06
"kshv-miR-K12-6-5p"	110.485368640465	1.81723060655413e+33	120.898936555951	17.7478788092206	7.86092604101267e-07	1.34884346162343e-06
"kshv-miR-K12-1-5p"	138.728892674336	5.77507940827342e+41	138.923158120737	17.7405856464084	7.88195807048048e-07	1.34943344644164e-06
"hsa-miR-648"	86.016040896694	7.82363206853282e+25	79.4804065389813	17.7242294807774	7.92936136663243e-07	1.35452564993476e-06
"hsa-miR-140-3p"	1126.23502988144	Inf	1125.59296045959	17.2771959589351	9.36099380664521e-07	1.59552938882153e-06
"hsa-miR-493-5p&hsa-miR-493-3p"	105.559511965141	5.9783237368604e+31	109.312315327681	17.1880686110149	9.68072765655398e-07	1.64636765245608e-06
"hsa-miR-374b-5p"	390.346813155524	3.20700377880088e+117	375.979209012544	17.1654195638668	9.76396458984134e-07	1.65684974345317e-06
"hsa-miR-383-5p"	248.561522941294	6.67535202607747e+74	234.675941487599	17.0737858506614	1.01092184350163e-06	1.71164912575221e-06
"hsa-miR-140-5p"	373.754315174223	3.24533756127672e+112	373.686654501986	17.039287866933	1.02428146231348e-06	1.73044907840184e-06
"hsa-miR-876-3p"	171.525968195841	4.3098431229492e+51	176.278254372334	17.0256504843519	1.02961846140367e-06	1.73564254922333e-06
"hsa-miR-619-3p"	82.1854112789669	5.49887694361456e+24	84.6867938846941	17.0165144719575	1.03321170362524e-06	1.73788021201877e-06
"hsa-miR-187-3p"	110.627575187857	2.00548066429614e+33	105.839151653018	17.005971123271	1.0373763650152e-06	1.74106711590078e-06
"hsa-miR-520a-5p"	147.602816343171	2.70941271002617e+44	145.719346042175	16.9555158188367	1.05757509836031e-06	1.77109192236323e-06
"hsa-miR-100-5p"	2903.54060205879	Inf	2845.29851450305	16.9456217865191	1.06158871251855e-06	1.77394017974232e-06
"hsa-miR-101-3p"	2758.67872789496	Inf	2657.09079299303	16.7660460636506	1.13756336405339e-06	1.89676326136729e-06
"hsa-miR-488-5p&hsa-miR-488-3p"	945.595294409633	4.49311336158055e+284	953.637062219761	16.7476187462835	1.14570679644784e-06	1.90619764181235e-06
"hsa-miR-141-5p"	128.314699028343	4.23226928041931e+38	123.058426619827	16.7399598405939	1.14911110514291e-06	1.90772341481518e-06
"hsa-miR-889-3p"	150.611510697144	2.18063215662355e+45	151.204089280869	16.7273922542418	1.15472246519025e-06	1.91202045525803e-06
"hsa-miR-19a-3p"	614.252497550705	8.09891189149772e+184	566.326625579478	16.7230130851905	1.15668512547552e-06	1.91202045525803e-06
"hsa-miR-25-5p"	271.333525974433	4.7811255430822e+81	275.856886305402	16.7153384121752	1.16013401136304e-06	1.91359739078591e-06
"hsa-miR-337-5p"	180.423975088114	2.05602522413492e+54	181.978447960123	16.691813114286	1.17077971423711e-06	1.92701296313275e-06
"hsa-miR-18a-5p"	202.888554469374	1.18998276722197e+61	189.304959326948	16.5252669244199	1.24943555872127e-06	2.05207082128311e-06
"hsa-let-7g"	226.353782985558	1.37809231439001e+68	231.522070862414	16.4625901349467	1.28059466872662e-06	2.09875237374641e-06
"hsa-miR-340-3p"	226.341132294275	1.36606093831633e+68	237.189977910537	16.4202931750112	1.30212629635618e-06	2.12949012645031e-06
"hsa-miR-129-5p"	1440.71307861143	Inf	1410.44345191287	16.3507121103736	1.33845766474932e-06	2.18424899758028e-06
"hsa-miR-106b-5p"	1622.94492294463	Inf	1569.95382420753	16.319328239832	1.35522437536964e-06	2.20691527793739e-06
"hsa-miR-214-3p"	372.458045290674	1.3214287726778e+112	379.955238675333	16.2680497285521	1.38314118260722e-06	2.24760442173673e-06
"hsa-let-7i"	2286.60246214804	Inf	2287.49552128942	16.2597193400143	1.38773842175012e-06	2.2503073350578e-06
"hsa-miR-15b-5p"	523.418345908781	3.66963102900582e+157	527.419351384345	16.2057622228548	1.41794362945824e-06	2.29443621053686e-06
"hsa-miR-193a-3p"	248.419775206092	6.0506753740004e+74	236.568587948376	16.1695101173418	1.43866140079809e-06	2.32305956718344e-06
"hsa-miR-296-3p"	161.180997625519	3.31371395200456e+48	153.841944802719	16.147049815507	1.45167152977696e-06	2.33914299020784e-06
"hsa-miR-30a-5p"	5230.39544207512	Inf	5262.94877595983	16.1049435799311	1.47642713704338e-06	2.37404531260434e-06
"hsa-miR-412-3p"	123.802757063118	1.85499789830273e+37	124.032510734919	16.0247634685928	1.52491964722521e-06	2.44688989418773e-06
"hsa-miR-320a-3p"	1405.33858360419	Inf	1405.97517452847	15.9755485781723	1.55558928551262e-06	2.49089140289807e-06
"hsa-miR-142-3p"	399.406771795093	1.71166504455575e+120	408.695190282333	15.9586098893007	1.56630840618329e-06	2.50283030738039e-06
"hsa-miR-181a-3p"	222.391724191593	8.84259570787672e+66	224.505558457235	15.8260494229142	1.65318590489145e-06	2.63616130779988e-06
"hsa-miR-296-5p"	158.315677708605	4.54744834081296e+47	159.11712738516	15.80180081574	1.66966958525817e-06	2.65692234832576e-06
"hsa-miR-496"	86.0966990204156	8.27349355261598e+25	86.9472250050028	15.6938445858741	1.74538265178638e-06	2.77165319652205e-06
"hsa-miR-17-3p"	138.374575422968	4.51749665420286e+41	140.811035550018	15.5719622455713	1.83564096678084e-06	2.90895996182005e-06
"hsa-miR-633"	81.1809951275286	2.74103519060745e+24	85.4720230990462	15.5662630890383	1.83999071841665e-06	2.9098409918053e-06
"hsa-miR-520d-5p"	2702.33321858886	Inf	2691.1912379988	15.5237079452776	1.87284642729196e-06	2.95570619286611e-06
"ebv-miR-BART7-5p"	135.995498610227	8.68409082421699e+40	141.49182525634	15.482577884061	1.90524310653744e-06	3.00066008770887e-06
"hsa-miR-150-5p"	217.63143632285	3.26279909078014e+65	213.854203733989	15.3850225098082	1.98468831559181e-06	3.11937692225188e-06
"hsa-miR-574-3p"	437.86929951788	6.48325845749235e+131	453.436259022535	15.321599106029	2.03837627631699e-06	3.19720777900845e-06
"hsa-miR-504-5p"	193.063930613544	1.3123032230444e+58	196.093700723689	15.3076464746834	2.05040965667669e-06	3.20951878912453e-06
"hsa-miR-938"	170.224007226269	1.74796268509894e+51	176.108489440332	15.2926155947673	2.06346425610695e-06	3.21734686058095e-06
"hsa-miR-142-5p"	292.331467280426	1.00124492518018e+88	285.448861777975	15.2922303813079	2.06380007223707e-06	3.21734686058095e-06
"hsa-miR-494-3p"	1384.19646694101	Inf	1344.13192056106	15.2584953824944	2.09345378247248e-06	3.25695547901905e-06
"hsa-miR-769-5p"	666.668105028124	4.86515595026139e+200	687.976088360432	15.2372979495694	2.11233676253193e-06	3.27968076287852e-06
"hsa-miR-221-5p"	233.146821477546	1.5282227426272e+70	241.50771768871	15.1942426157364	2.15129582831556e-06	3.33342202084452e-06
"hsa-miR-519a-3p"	120.500650617028	1.88066019555657e+36	121.052412365251	15.1825338086185	2.16203279892778e-06	3.34330475156776e-06
"hsa-miR-151a-5p"	1045.77263110161	Inf	1010.90683419535	15.1737260603805	2.17015002387799e-06	3.34910476522015e-06
"hsa-miR-410-3p"	342.22197932849	1.04491497534444e+103	344.036498234838	15.1518498906505	2.19046281870824e-06	3.37366462238799e-06
"hsa-miR-340-3p&hsa-miR-340-5p"	1208.59565097803	Inf	1197.02617096462	15.1281138259738	2.21274973862862e-06	3.40116041989609e-06
"hsa-miR-335-3p"	112.360362556426	6.66560314477831e+33	119.323769334544	15.0789401700493	2.25975406933569e-06	3.46646274236095e-06
"hsa-miR-32-5p"	215.386154718536	6.88166014637787e+64	207.820391634877	15.0371845788321	2.30056843815633e-06	3.52202792827526e-06
"hsa-miR-19b-3p"	668.867677403413	2.23477615357894e+201	616.39894546932	15.0292955397869	2.30837428139963e-06	3.52447870094299e-06
"hsa-miR-138-5p"	5115.89509357085	Inf	4784.13649118359	15.0262865245348	2.31135956528595e-06	3.52447870094299e-06
"hsa-miR-425-3p&hsa-miR-425-5p"	328.440095976138	7.41857800499135e+98	326.802002452519	14.9558012665822	2.38257210839688e-06	3.6258587443262e-06
"hsa-miR-936"	129.630447063591	1.05354458066338e+39	124.964870485274	14.9039037234902	2.43661557262938e-06	3.7007606815975e-06
"hsa-miR-339-5p"	259.958443614246	1.80006900527416e+78	244.225850491999	14.8860376463463	2.45554476886268e-06	3.72213999548948e-06
"hsa-miR-103a-3p"	2117.20254805219	Inf	2195.96219001473	14.8541588420682	2.48974111484287e-06	3.76653143014691e-06
"hsa-miR-211-5p"	111.525897337114	3.73800942276938e+33	111.458286928569	14.797190145366	2.5522209214926e-06	3.85345166689927e-06
"hsa-miR-23b-3p"	6715.55230188632	Inf	6596.75918095594	14.7419447537221	2.6145341592756e-06	3.93977937163927e-06
"hsa-miR-933"	5804.96023159748	Inf	5894.55868716769	14.7239127405977	2.63524953956741e-06	3.96320862127099e-06
"ebv-miR-BART18-3p"	142.009938266182	5.61372456711068e+42	147.473628813239	14.7031636292553	2.65931968726737e-06	3.99158160495905e-06
"hsa-miR-212-3p"	296.690053482862	2.0540239987658e+89	313.762517209981	14.6946507176792	2.66926802979051e-06	3.99868863056508e-06
"hsa-miR-519e-5p"	441.832917769769	1.01148936398747e+133	432.052086483004	14.6692067287011	2.69925774743156e-06	4.03357055837063e-06
"hsa-miR-22-5p"	385.541854658686	1.14726260022229e+116	392.390273576719	14.6659949311168	2.70307075228488e-06	4.03357055837063e-06
"hsa-miR-654-3p"	263.503458377571	2.1010913404728e+79	264.677076762258	14.6524275038008	2.71924614355382e-06	4.0498287225355e-06
"hsa-miR-654-5p"	104.979318581691	3.99874598888218e+31	103.407987190526	14.6345040381198	2.74078539866719e-06	4.07399690073205e-06
"hsa-miR-132-3p"	811.321947074196	1.70703415147888e+244	850.504339302014	14.6280492069862	2.74859027140584e-06	4.07584058512672e-06
"hsa-miR-622"	186.699650319735	1.59292352518329e+56	178.196306130725	14.621546623334	2.75647867016458e-06	4.07584058512672e-06
"hsa-miR-27b-3p"	2278.96990109848	Inf	2224.4399857061	14.6203215368629	2.75796774925784e-06	4.07584058512672e-06
"hsa-miR-92a-3p"	135.735730080241	7.2531429596444e+40	124.164959898682	14.4745226137493	2.94195911887617e-06	4.33938970034236e-06
"hsa-miR-221-3p"	814.886608597135	2.01981806720925e+245	824.70593990969	14.3738866999219	3.07717633326027e-06	4.5301233159513e-06
"hsa-miR-196a-3p"	208.377477297559	5.34405706958414e+62	196.678665907072	14.3091579799759	3.16791286754208e-06	4.65476852376393e-06
"hsa-miR-181a-5p"	2363.86327932357	Inf	2120.9604660502	14.2953855156506	3.18761271145688e-06	4.67475898601802e-06
"hsa-miR-424-5p"	623.43652981569	4.71081302514503e+187	656.993008780823	14.2846057210953	3.20312994457588e-06	4.68855089215592e-06
"hsa-miR-92a-2-5p"	108.710290380907	5.30955644404024e+32	102.743337104149	14.2292542714452	3.28418410599262e-06	4.79803658913589e-06
"hsa-miR-518a-3p"	168.586663202291	5.61878601482699e+50	170.581762724135	14.1468219368873	3.40929336622156e-06	4.97134603021281e-06
"hsa-miR-155-5p"	210.792719069481	2.85056735657469e+63	194.986596120356	14.141597331356	3.41740524728976e-06	4.97371883239326e-06
"hsa-miR-299-5p"	236.365067749397	1.42224796067899e+71	238.305927217344	14.1238636405395	3.4451046248974e-06	5.0045364532127e-06
"hsa-miR-193b-5p"	240.131583323947	1.93557269445306e+72	238.069545094404	14.0952066738551	3.49041170832417e-06	5.06076707048136e-06
"hsa-miR-578"	104.819390299574	3.57915583148855e+31	108.819580281506	13.9643314023468	3.70620770546651e-06	5.3635119058355e-06
"hsa-miR-642a-5p"	4072.48717058161	Inf	3391.23698829805	13.7889589836342	4.0197937108053e-06	5.80636869338544e-06
"hsa-miR-497-5p"	202.992514884276	1.2788979035201e+61	204.270268527592	13.7832179623026	4.03056217935723e-06	5.81097968339661e-06
"hsa-miR-223-3p"	386.724384048739	2.60399204611819e+116	379.562534022722	13.6873728091161	4.21531597935751e-06	6.05639172011725e-06
"hsa-miR-548d-5p"	123.722498649249	1.75462063257938e+37	128.018806327408	13.6867361849927	4.21657520018593e-06	6.05639172011725e-06
"hsa-miR-607"	72.5254316292366	6.79720501052834e+21	78.0027889864855	13.6745423458224	4.24077762667075e-06	6.07976904608686e-06
"hsa-miR-9-3p"	12355.2421103004	Inf	13048.2033696894	13.6153358933839	4.36057846462351e-06	6.22982531699279e-06
"hsa-miR-363-3p"	302.946975488267	1.57082106877179e+91	319.424072046486	13.6147953498916	4.36168995466118e-06	6.22982531699279e-06
"hsa-miR-181c-3p"	91.7110151630604	4.05290568000701e+27	93.5129176993108	13.4556139298528	4.70360370776308e-06	6.70569524879978e-06
"hsa-miR-924"	84.5366649831339	2.80589808924527e+25	87.8450842125475	13.4384399660472	4.74229546320393e-06	6.74519582207077e-06
"hsa-miR-23a-3p"	2063.4385396774	Inf	2099.83762113611	13.4355248046128	4.74889927499115e-06	6.74519582207077e-06
"hsa-miR-127-5p"	305.429152708119	8.7768063321654e+91	306.140533538661	13.42894408713	4.76384558250082e-06	6.75391785910929e-06
"hsa-miR-369-3p"	220.465281971572	2.3262847622675e+66	220.446819462673	13.3836655039865	4.86815768056667e-06	6.88907184685357e-06
"hsa-miR-653-5p"	96.5025633981059	1.12244802804211e+29	98.7450145959911	13.3567746851311	4.93134662506912e-06	6.96564062878088e-06
"hsa-miR-486-5p"	224.852124224668	4.86669332924087e+67	224.836636858509	13.3425029341345	4.96526443476166e-06	7.0006577600408e-06
"hsa-miR-301a-3p"	704.769894101097	1.43508678533638e+212	719.41123077055	13.2956679217841	5.07846416982289e-06	7.14712296927368e-06
"hsa-miR-509-3-5p"	161.331449849508	3.67794854123579e+48	155.010768656681	13.2657451797317	5.15233532188812e-06	7.23780438074759e-06
"hsa-miR-30e-3p"	532.51749707343	2.01251828551532e+160	563.526405766854	13.2113577272789	5.28977947445263e-06	7.41729589927819e-06
"hsa-miR-361-5p"	1303.73160873409	Inf	1341.38795073302	13.1094773259983	5.55871072821232e-06	7.7801662929541e-06
"hsa-miR-432-5p"	357.795335796807	5.09481458622635e+107	355.963617157562	13.0829709611838	5.63122531083648e-06	7.86730384956573e-06
"hsa-miR-598-3p"	293.823714651764	2.81677104396706e+88	299.044857835964	13.0703747726223	5.66606480754959e-06	7.90158492252825e-06
"hsa-miR-324-5p"	255.661412978732	9.15701742127278e+76	255.900542321829	13.0566208857174	5.70438876889538e-06	7.94059198864384e-06
"hsa-miR-614"	103.771180356286	1.73076447595998e+31	100.091575248314	13.0387262438288	5.75469602922244e-06	7.99610843190872e-06
"kshv-miR-K12-3-5p"	261.085383944366	3.93126207463993e+78	235.449613497375	12.9245204101148	6.08800344146189e-06	8.44393967378168e-06
"hsa-let-7a-5p"	9629.85300927425	Inf	9673.5884432176	12.817801440173	6.41958919797515e-06	8.88777060441686e-06
"hsa-miR-374b-3p"	447.662149535818	5.75088831794951e+134	469.018815117831	12.8071887353982	6.45368046599044e-06	8.91887012146786e-06
"hsa-miR-643"	103.403790747261	1.34166064347808e+31	110.817617700938	12.7929579131471	6.49972028826909e-06	8.96634075737841e-06
"hsa-let-7a-3p"	126.707875665524	1.38954066893128e+38	135.410531285465	12.6859172104143	6.85833824007747e-06	9.44406719953217e-06
"hsa-miR-514a-3p"	237.350635710011	2.81618278019026e+71	235.336430866598	12.6666091268084	6.92541225268022e-06	9.51933906416797e-06
"hsa-miR-668-3p"	231.493492565565	4.858308214057e+69	226.06306284334	12.611090385707	7.12250405406092e-06	9.77273812068824e-06
"hsa-miR-331-3p"	1022.03794788867	4.6140152048951e+307	1037.65665768696	12.5760359825483	7.25025545136059e-06	9.93026059141709e-06
"hsa-miR-29b-1-5p"	144.708360069281	3.64382074633378e+43	151.379837117103	12.5712484972012	7.26790574245002e-06	9.93669109529263e-06
"hsa-miR-505-5p"	355.46500851557	1.01304788022676e+107	351.122570468243	12.5618668969809	7.3026363397156e-06	9.96640938178267e-06
"hsa-miR-132-5p"	453.944895963691	4.47744297791127e+136	469.488013185243	12.5290931611791	7.42546522977144e-06	1.01160423290137e-05
"hsa-miR-634"	1640.05468792891	Inf	1602.53413991317	12.5231607699373	7.44795062595473e-06	1.01286846278498e-05
"hsa-miR-185-3p"	2681.50471875317	Inf	1791.20146625003	12.5012472500091	7.53168771970467e-06	1.02244327097584e-05
"hsa-miR-136-3p"	445.588226142422	1.36590905334925e+134	444.607672370674	12.4966786232954	7.54928114827866e-06	1.02302096125967e-05
"hsa-miR-454-3p"	94.0641787688341	2.07080558169393e+28	95.6345917185367	12.3809303518446	8.01112007761618e-06	1.08369119921192e-05
"hsa-miR-608"	87.9007566204653	2.8891120411524e+26	92.4804189682832	12.336782914335	8.19573319030872e-06	1.10671256284627e-05
"hsa-miR-671-5p"	237.627272900382	3.41143366470276e+71	236.31302845179	12.3211810668451	8.26213777200333e-06	1.11371874712242e-05
"hsa-miR-516b-5p"	248.299943307121	5.56840554297338e+74	247.249604111638	12.2848335062516	8.41924414375887e-06	1.1329053084672e-05
"hsa-miR-551b-3p"	2602.20741793935	Inf	3077.51241314509	12.2349978549489	8.6402441445836e-06	1.16060722572603e-05
"hsa-miR-154-3p"	208.235583852558	4.84347323556839e+62	213.003513323792	12.1927941533215	8.83260575677836e-06	1.18366212508433e-05
"hsa-miR-625-3p"	673.858328842685	7.10509369991793e+202	663.511403825778	12.1905993016865	8.8427431248151e-06	1.18366212508433e-05
"hsa-miR-516a-5p"	382.571639906367	1.46399334384956e+115	383.562882741436	12.1677157026565	8.94923312195327e-06	1.19582958267215e-05
"hsa-miR-602"	213.584506789351	1.97398183868071e+64	189.99432796668	12.1234650132676	9.15934900248332e-06	1.22177751041821e-05
"hsa-miR-92b-3p"	335.043031484168	7.21111322922659e+100	335.844184279453	12.071758406367	9.41206137188135e-06	1.25330747781823e-05
"hsa-miR-513a-5p"	402.445141421802	1.4062391259612e+121	366.268369979069	12.0513178450563	9.51415817328031e-06	1.26386249960304e-05
"hsa-miR-133a-3p"	232.102592462373	7.41041282297674e+69	236.165751075253	12.0493044280297	9.52428324342313e-06	1.26386249960304e-05
"hsa-miR-193b-3p"	414.641639527387	6.60041053849301e+124	408.111943103703	11.9903817940481	9.82612934524272e-06	1.30166514815219e-05
"hsa-miR-766-3p"	404.909899582538	7.76292366480774e+121	389.373213746939	11.9670058141704	9.9489024394193e-06	1.31565658121286e-05
"hsv1-miR-H1-5p"	198.58761714376	6.03711609777122e+59	194.918134494718	11.963067906789	9.96975714084186e-06	1.31614521979788e-05
"hsa-miR-365a-3p"	598.684958143861	1.66774771440061e+180	602.422812414644	11.9336856920669	1.01269516022369e-05	1.33459997919513e-05
"hsa-miR-625-5p"	650.95519958923	9.05817923367213e+195	620.433236008175	11.895443167025	1.03358172315885e-05	1.35978933389853e-05
"hsa-miR-184"	515.032998058169	1.09744097728105e+155	491.005289892219	11.86420682064	1.05100821701946e-05	1.38034812064028e-05
"hsa-miR-376c-3p"	606.323307061992	3.32278694774362e+182	633.194947634444	11.8513363670984	1.05828620872233e-05	1.38753080699149e-05
"hsa-miR-30d-3p"	103.144860812569	1.12123592198014e+31	107.181004168928	11.838230946799	1.0657564186469e-05	1.39494056843374e-05
"hsa-miR-513a-3p"	97.5723186106877	2.35610504007369e+29	101.590322262807	11.7486472474041	1.11846727314173e-05	1.46143849829593e-05
"hsa-miR-133b"	285.864885699496	1.13215347159877e+86	291.746793130057	11.7231827885199	1.13399091908515e-05	1.47920244037128e-05
"hsa-miR-24-2-5p"	116.422370507065	1.11333455573507e+35	112.116154677584	11.7106935277447	1.14169467605301e-05	1.48672294827277e-05
"hsa-miR-597-5p"	84.1127910725964	2.09157350548359e+25	89.9138598437593	11.6628184518202	1.1717856056786e-05	1.52332128738218e-05
"hsa-miR-647"	141.906150951301	5.22405818672252e+42	153.267899207349	11.6555866046325	1.1764095077544e-05	1.52611505725476e-05
"hsa-miR-218-5p"	437.254879583276	4.23481560746553e+131	447.410457010463	11.6532404164488	1.17791409895022e-05	1.52611505725476e-05
"hsa-miR-376a-5p"	478.885464279581	1.4417475949846e+144	510.99256302508	11.6339163316649	1.19039060517517e-05	1.53967891090954e-05
"hsa-miR-498-5p"	397.8586207908	5.85300495170522e+119	387.88545443595	11.6025093192296	1.21099250746696e-05	1.5636889784969e-05
"hsa-miR-891a-5p"	278.999566213916	9.7104243150474e+83	291.309120898474	11.5846118348186	1.22291504487203e-05	1.57642998221319e-05
"ebv-miR-BART18-5p"	101.422261587513	3.39737092644436e+30	106.307998134806	11.571750219039	1.2315658835079e-05	1.58491784001771e-05
"hsa-miR-553"	171.797308448237	5.20167264302875e+51	170.865546497529	11.5503564513268	1.24611114052162e-05	1.60095015876061e-05
"hsa-miR-934"	473.238325306775	2.8769413948913e+142	502.599533273175	11.5330483894881	1.25802257310674e-05	1.61355069159342e-05
"hsa-miR-200b-5p"	331.762855927651	7.42285678365726e+99	325.597102796287	11.4898586281583	1.2883184077913e-05	1.64964978092809e-05
"hsa-miR-191-5p"	2317.72872171144	Inf	2333.22404965428	11.4361326692012	1.32717729205665e-05	1.69657497167908e-05
"hsa-miR-29c-5p"	324.891503282596	6.33997907386289e+97	321.240154715506	11.4232474481742	1.33669524482789e-05	1.70589892309982e-05
"hsa-miR-31-5p"	256.949488248274	2.2361623613568e+77	252.388118895128	11.4074190965202	1.34849430339178e-05	1.71809822375664e-05
"hsa-miR-575"	106.25423285883	9.67634305022338e+31	112.431433497063	11.2944541108591	1.43624975250209e-05	1.82687157573649e-05
"hsa-miR-627-5p"	113.422013815588	1.39132416158484e+34	106.301729157968	11.2489344861729	1.47344501510194e-05	1.87108001089932e-05
"hsa-miR-10a-3p"	115.217155173538	4.82858323659002e+34	106.986880559413	11.220975117039	1.49683741610602e-05	1.89764346802201e-05
"hsa-miR-203a-3p"	158.491335934921	5.13625017737553e+47	160.214736271371	11.2105755797117	1.50564645938892e-05	1.90566144282393e-05
"hsa-miR-154-5p"	632.69012180532	2.87544207779201e+190	642.179696797219	11.1384770716624	1.56837542590219e-05	1.9817857523344e-05
"hsa-miR-374a-5p"	1389.80201591146	Inf	1403.9778348112	11.1040030458144	1.59942250835795e-05	2.01769253932656e-05
"hsa-miR-524-5p"	259.147064852574	1.02574594529117e+78	268.60686313475	11.0900162212135	1.61221900802017e-05	2.02908243667142e-05
"hsa-miR-26a-2-3p"	145.630501892184	6.90477216977671e+43	136.347976165706	11.088359777608	1.61374222473216e-05	2.02908243667142e-05
"hsa-miR-127-3p"	414.947461697616	8.15891851239721e+124	409.462560676451	11.0755606096647	1.62556762717809e-05	2.04060617028739e-05
"hsa-miR-139-5p"	290.799710814411	3.46286599402987e+87	310.234138840407	10.976960362562	1.72006434312835e-05	2.15570155421477e-05
"hsa-miR-30d-5p"	1556.57407133533	Inf	1486.3046806792	10.9654594404108	1.73149035673664e-05	2.16648140883688e-05
"hsa-miR-20a-5p"	1270.19697320262	Inf	1375.55052436848	10.940593947978	1.75649191235098e-05	2.19418452243192e-05
"hsa-miR-520d-3p"	99.9424330310895	1.2180642081869e+30	108.459738899021	10.9377714918707	1.75935581838373e-05	2.19418847593548e-05
"hsa-miR-487a-3p"	330.559766666309	3.22407492743794e+99	337.887175180846	10.9307689629406	1.7664842764844e-05	2.19950233776548e-05
"hsa-miR-483-5p"	304.721254961373	5.37326252559994e+91	293.873032835389	10.8646551738949	1.83544041557392e-05	2.28165769650761e-05
"hsa-miR-411-3p"	244.819207341818	4.98798253963e+73	254.62038875643	10.7199986545426	1.99733034575646e-05	2.47888733850357e-05
"hsa-miR-30e-5p"	1279.7591247867	Inf	1284.57302218956	10.6670863654058	2.06058010452664e-05	2.55325515375111e-05
"hsa-miR-920"	321.271432139371	5.15629580488073e+96	323.457092469695	10.6632034303595	2.06531113051265e-05	2.55498973726323e-05
"hsa-miR-302d-5p"	1942.44693636685	Inf	1935.00722644218	10.4678144554822	2.32022782267686e-05	2.86572421899059e-05
"hsa-miR-323a-3p"	218.02245636831	4.27857446776382e+65	224.500775411461	10.4596397955606	2.33165236359341e-05	2.87520476346647e-05
"hsa-miR-7-5p"	3162.89934843317	Inf	3248.50842289733	10.4311257005516	2.37200872269995e-05	2.92027398123733e-05
"hsa-miR-145-5p"	423.696941352716	3.51146560027349e+127	429.631695399954	10.3888844633593	2.43326963382707e-05	2.99089392491244e-05
"hsa-miR-16-5p"	3559.31624700457	Inf	3814.70655263133	10.3767956784984	2.45113298847447e-05	3.00803040345587e-05
"hsa-miR-198"	270.603492473278	2.88249236671276e+81	269.853432614855	10.2986757078743	2.57024996388832e-05	3.14917208035518e-05
"hsa-miR-379-3p"	188.963299883941	7.64929384848742e+56	193.395221046196	10.2807503294998	2.59850734896383e-05	3.17871632640392e-05
"hsa-miR-9-5p"	5901.62188282927	Inf	6595.2377915325	10.2667872645606	2.62076469876629e-05	3.20083841393908e-05
"kshv-miR-K12-8-3p"	254.678871682067	4.6342519159779e+76	246.157000600049	10.2243531389617	2.68975418334776e-05	3.2763788937034e-05
"hsa-miR-342-3p"	1785.24974263632	Inf	1831.08747535783	10.223502224275	2.69115867409797e-05	3.2763788937034e-05
"hsa-miR-107"	1674.91600399687	Inf	1669.75555163186	10.2067685737636	2.71894967942532e-05	3.30496735993537e-05
"hsa-miR-518b"	404.225535488924	4.83071254777263e+121	378.400478642453	10.1774153948916	2.76849499928109e-05	3.35986655767183e-05
"hsa-miR-637"	1030.44885878267	Inf	816.545026009445	10.1459301512036	2.82278939497021e-05	3.42034670764953e-05
"hsa-miR-302a-5p"	89.6749178256729	9.88189247989137e+26	96.5149053866632	10.1139627968682	2.87916351719511e-05	3.48315207837327e-05
"hsa-miR-106a-3p"	82.6974881077324	7.84195753989674e+24	89.7372536275382	10.1106616892937	2.88505791392481e-05	3.484786488158e-05
"hsa-miR-146b-5p"	927.02668896476	1.15568681747543e+279	968.443745414832	10.0656908920196	2.9667459271554e-05	3.57782095303175e-05
"hsa-miR-582-5p"	249.566324369032	1.33952104980118e+75	265.819246852307	10.0441848868795	3.006742777773e-05	3.62036375282872e-05
"hsa-miR-409-3p"	236.395066331572	1.45213098651577e+71	220.207130467968	9.99628821424633	3.09805474145818e-05	3.72446392899439e-05
"hsa-miR-510-5p"	359.45560499096	1.61034604807943e+108	359.635989646684	9.98052459768332	3.1287969211858e-05	3.75553558458452e-05
"hsa-miR-630"	363.070239402119	1.97257076808891e+109	354.60278315145	9.93621206918504	3.21709882307691e-05	3.85549187078124e-05
"hsa-miR-21-5p"	668.390159713272	1.60504377036106e+201	623.496619733879	9.92659747415967	3.23663169506723e-05	3.87284946976063e-05
"hsa-miR-190a-5p"	398.229707866681	7.56984927719967e+119	414.41873756621	9.90725168641267	3.27634625530588e-05	3.91426413990593e-05
"hsa-miR-377-3p"	920.285464450008	1.08026268074249e+277	948.648444085863	9.884375110065	3.32402928625598e-05	3.9650551517237e-05
"hsa-miR-149-5p"	592.564059598923	2.39638334023908e+178	614.551215846928	9.86842518830392	3.35774371894556e-05	3.99905191371311e-05
"hsa-miR-193a-5p"	4315.68385671164	Inf	3560.20283649005	9.86446364255163	3.36617794550812e-05	4.00288137086005e-05
"hsa-miR-185-5p"	2466.57690796837	Inf	2413.9049042795	9.78649840106694	3.53719399108953e-05	4.19973342285707e-05
"hsa-miR-99a-5p"	893.264320902982	7.93148757472364e+268	924.969216175272	9.77557251173258	3.56194358661631e-05	4.22258227346942e-05
"hsa-miR-628-3p"	3614.87413192445	Inf	3516.51474000121	9.73514872375966	3.65524755059951e-05	4.32650443103368e-05
"hsa-miR-369-5p"	173.110103594099	1.29221189457117e+52	169.516873474268	9.70892488074181	3.71726816493524e-05	4.38968689509702e-05
"hsa-miR-136-5p"	564.903812579741	1.12977575736699e+170	558.40104411986	9.70775048939292	3.72007363991273e-05	4.38968689509702e-05
"hsa-miR-181b-5p"	631.686508251894	1.43412445008623e+190	602.777919025296	9.69274681787481	3.7561291230836e-05	4.42285860395925e-05
"ebv-miR-BART16"	430.783124539495	4.7713591962935e+129	419.750031612382	9.69063126663978	3.76124505399634e-05	4.42285860395925e-05
"hsa-miR-329-3p"	522.669190885094	2.18325400664647e+157	559.867809394251	9.68888061869163	3.76548457416609e-05	4.42285860395925e-05
"hsa-miR-101-5p"	143.454030339539	1.52744693405116e+43	131.021191126368	9.67771166735205	3.79266107097336e-05	4.44796795326692e-05
"kshv-miR-K12-6-3p"	1137.35319088363	Inf	853.269523105091	9.67331516439697	3.80342009756942e-05	4.45377590051259e-05
"hsa-miR-943"	590.956362007048	7.86305100109265e+177	518.691853289207	9.65800936391016	3.84114888388379e-05	4.49109938100437e-05
"hsa-miR-557"	220.415879167831	2.24797330782321e+66	211.331831439937	9.62587181848055	3.921766904491e-05	4.57837932381218e-05
"hsa-miR-302b-3p"	101.475923704424	3.52611825217868e+30	108.752665163226	9.58925631646825	4.01598218610836e-05	4.68124367286492e-05
"hsa-miR-130a-3p"	1226.26732055699	Inf	1287.04278035601	9.54240146962424	4.14033679107464e-05	4.81887453528717e-05
"hsa-miR-487b-3p"	921.326543869449	2.22292856240811e+277	1021.875946854	9.53401015004336	4.16306881343541e-05	4.83799057561358e-05
"hsa-miR-34a-5p"	1177.88447943699	Inf	1236.54783680127	9.5135055131751	4.21921761634504e-05	4.89582437479069e-05
"hsa-miR-204-5p"	356.927722115918	2.79222647687496e+107	399.036727070101	9.49380050983532	4.27399263112469e-05	4.95189176446018e-05
"hsa-miR-491-5p"	372.189037401635	1.09664058695044e+112	374.6846041205	9.25839429714782	4.99525686238387e-05	5.77882656628723e-05
"hsa-miR-151a-3p"	537.718015014722	7.4003409369045e+161	484.516171087361	9.18314783582932	5.25440406339288e-05	6.06946975394931e-05
"hsa-miR-129-2-3p"	4694.46823736302	Inf	4953.68559539004	9.14157928546575	5.4041251563358e-05	6.23302856377378e-05
"ebv-miR-BART2-3p"	1789.59352935014	Inf	1925.35444965301	9.12566832169316	5.46271644919967e-05	6.29114642122544e-05
"hsa-miR-141-3p"	101.937244073187	4.85476420719105e+30	110.303250640667	9.07746183507619	5.64470622117482e-05	6.49098901295515e-05
"hsa-miR-128-3p"	3662.45492092445	Inf	3722.0571442417	9.01126396904807	5.90599802495048e-05	6.78128815140273e-05
"hsa-miR-549a-3p"	779.885958477624	5.87579586036178e+234	794.87492867012	9.00568362529498	5.92864761735515e-05	6.7971191666837e-05
"ebv-miR-BART6-3p"	220.375369098251	2.1857294510389e+66	191.61851790542	8.94893671076927	6.16468653585554e-05	7.05718592985253e-05
"hsa-miR-98-5p"	774.235063666673	1.1694397682657e+233	816.391178152183	8.91661434578022	6.30391332727187e-05	7.20581448884877e-05
"hsa-miR-640"	129.072282947975	7.15531530663551e+38	130.471003815153	8.9032316886306	6.36260528227771e-05	7.26208073140924e-05
"hsa-let-7f-1-3p"	147.445336336916	2.42923180297089e+44	138.455275419651	8.78770370037504	6.89601496259907e-05	7.85920278798438e-05
"hsa-miR-509-5p"	476.877896916777	3.58551250169546e+143	506.954715656897	8.77025938595094	6.9809079106904e-05	7.94414891320405e-05
"hsa-miR-515-5p"	92.6231098592096	7.6266595351456e+27	99.5198286569825	8.76762530928781	6.99382990581785e-05	7.9470630189071e-05
"hsa-miR-490-3p"	307.074661679266	2.74589593292256e+92	318.84882142857	8.72268328919377	7.21855762678224e-05	8.19028653807985e-05
"hsa-miR-222-3p"	3184.1113225699	Inf	3227.91874580804	8.70500241572184	7.30921617014251e-05	8.28089926513929e-05
"hsa-miR-33a-5p"	556.576597637002	3.51763499623032e+167	539.202845546781	8.57714189524989	8.00483138103126e-05	9.05561308149111e-05
"ebv-miR-BART8-3p"	325.07808163583	7.21528525111911e+97	344.730393444764	8.52103277468722	8.33368366204354e-05	9.41374870219056e-05
"hsa-miR-187-5p"	511.731365677144	1.11298879195338e+154	477.496191205006	8.51228501260384	8.38632820634814e-05	9.4592849033368e-05
"hsa-miR-30c-2-3p"	1607.11608521686	Inf	1657.62643513746	8.44397591211765	8.8106986408236e-05	9.92335661895991e-05
"hsa-miR-331-5p"	102.270616840165	6.11678680672354e+30	112.729703516366	8.4381760661182	8.84784273607743e-05	9.95057973397565e-05
"hsa-miR-617"	303.920681293811	3.08490199988969e+91	330.386779936754	8.40689114936405	9.0513032735645e-05	0.000101644943057452
"hsa-miR-495-3p"	340.293455882027	2.74496966043203e+102	367.209122100155	8.35095569861161	9.42850301967358e-05	0.000105726049942831
"hsa-miR-708-5p"	815.322307482921	2.7319370395068e+245	900.603935180028	8.24607945010359	0.000101850138641711	0.00011404241801196
"hsa-miR-143-3p"	2862.99891067165	Inf	2991.66201617424	8.11848028929004	0.000112003456720556	0.000125228354671526
"hsa-miR-450b-3p"	113.945828621056	2.00037904170157e+34	105.042384920939	8.04309951059945	0.000118541079912043	0.000132344990236589
"hsa-miR-411-5p"	448.044949765502	7.49841176071043e+134	479.092404443157	8.03382856865095	0.000119374712479144	0.000133048542688112
"hsa-miR-29c-3p"	3049.75253872858	Inf	3158.02834395987	8.03224045017028	0.000119518182414745	0.000133048542688112
"hsa-miR-519d-3p"	2839.38736952473	Inf	3413.29971308644	8.02129652436807	0.000120512202680043	0.000133960665877671
"hsa-let-7f-5p"	293.821835593251	2.81310468894099e+88	339.072353749045	7.93360684637162	0.000128825488015775	0.000142994427363385
"hsa-miR-29b-3p"	4129.71010717697	Inf	4134.0722526543	7.92042342621758	0.000130130882974585	0.000144234663643796
"hsa-miR-126-5p"	404.198510933378	4.74106591837096e+121	437.380722065986	7.88799708782062	0.000133406173241554	0.000147651565478026
"hsa-miR-379-5p"	668.053453891531	1.27094959852553e+201	709.615902741816	7.81287137780318	0.000141360974802675	0.000156230356878461
"hsa-miR-628-5p"	210.360556842251	2.11269845197793e+63	231.131775221927	7.77914263090794	0.000145106828941271	0.000160139478845978
"hsa-miR-523-3p"	128.217582997645	3.95674856775004e+38	118.443540655952	7.76687466014118	0.000146497176816744	0.000161441572727647
"hsa-miR-744-5p"	1819.72981337038	Inf	1960.6740822326	7.73840435897538	0.000149782503330204	0.000164825222459493
"hsa-miR-182-3p"	113.673388422251	1.65614982810815e+34	99.9306725150237	7.72865867989482	0.000150926284679566	0.000165845931732417
"hsa-miR-638"	398.206328444477	7.4481656166896e+119	389.18265094844	7.66446035219285	0.000158713697757821	0.000174153656910227
"hsa-miR-195-3p"	251.143784371805	3.99771951751492e+75	252.336683109943	7.57740165818343	0.000170014486350001	0.000186287301472073
"hsa-miR-300"	1806.24335555617	Inf	1757.91217350103	7.50219791186921	0.00018051648265205	0.000197512328379632
"hsa-miR-1-3p"	613.159000568723	3.79534519907921e+184	709.30571101982	7.47482034361846	0.0001845211649702	0.000201606458022997
"hsa-miR-675-5p"	274.862052614618	5.51724801094284e+82	260.392368348983	7.45617700796784	0.000187305989120754	0.000204358027959628
"hsa-miR-584-5p"	294.937046248097	6.09393409683505e+88	259.404525996037	7.39391772263847	0.000196957664448555	0.000214583137261423
"hsa-miR-195-5p"	2163.61739775665	Inf	2219.7128807583	7.35569848983014	0.000203161888936229	0.000221028608246932
"hsa-miR-939-5p"	2408.84412644368	Inf	2235.90245970524	7.34940482072573	0.000204204687945762	0.000221848435771104
"hsa-miR-611"	143.570692614417	1.65609396744236e+43	129.819867450403	7.24237892050706	0.000222901893857668	0.000241667436893903
"hsa-miR-129-1-3p"	5613.25674226819	Inf	6049.17896329954	7.24142186938266	0.00022307763405591	0.000241667436893903
"hsa-miR-144-3p"	453.518533270048	3.33182439596844e+136	491.292816115454	7.18910575382631	0.000232927832888958	0.000251982578033612
"hsa-miR-576-3p"	1013.75641330371	1.48282090844504e+305	1131.44247831305	6.91913206422043	0.000292298638284789	0.000315764866992159
"hsa-miR-659-3p"	358.175659114073	6.63158148044579e+107	330.615887983327	6.86730961529506	0.000305563494173256	0.000329630379790278
"hsa-miR-137-3p"	378.697237993542	9.98223779091959e+113	397.956840466209	6.8363623746295	0.000313809716700532	0.00033805063582768
"hsa-miR-620"	4105.41409377946	Inf	4109.09148415078	6.79121640667049	0.00032629545953884	0.000351007878634349
"hsa-miR-30b-3p"	1939.12477674692	Inf	1876.97456750181	6.72919367291636	0.000344376787518656	0.000369939770345672
"hsa-miR-146b-3p"	570.099409359828	4.14021340940152e+171	614.776326794503	6.72448102561292	0.000345796387868025	0.000370945216076608
"ebv-miR-BART17-5p"	2167.85928644419	Inf	2168.03901648982	6.71389181927453	0.000349010431914564	0.000373870113517417
"hsa-miR-30b-5p"	2963.48354409669	Inf	3213.13999409568	6.6800427442672	0.000359513420362336	0.00038458409123837
"ebv-miR-BHRF1-2-3p"	1135.28376806614	Inf	1047.12607949674	6.66637764834243	0.000363854568745092	0.000388685869397612
"hsa-miR-338-5p"	601.035402482682	8.50520142465879e+180	509.734901089121	6.65111666427468	0.000368772988518201	0.000393392047556968
"hsa-miR-922"	165.126977983393	5.10708947133314e+49	196.937509590237	6.6101252907756	0.000382360755498262	0.000407320415926621
"hsa-miR-23b-5p"	91.3830393320198	3.22876126099881e+27	100.609344681523	6.56460768618722	0.000398117067003917	0.000423517046313459
"hsa-miR-126-3p"	4836.79083233668	Inf	5225.60413031446	6.52871416057867	0.000411060859301548	0.000436680995961616
"hsa-miR-95-3p"	534.247934138353	6.67810582981666e+160	600.829709531973	6.45729356342297	0.000438257615039834	0.00046492889451667
"hsa-miR-574-5p"	1125.88740414332	Inf	1112.47595393087	6.44928748849854	0.000441431161851994	0.000467648758481325
"hsa-miR-658"	3425.56705761049	Inf	3426.7743776618	6.33009037501085	0.000491890066514821	0.000520385766919817
"sv40-miR-S1-5p"	1168.40397189069	Inf	1175.03334495048	6.31582897322805	0.000498352461388204	0.00052649633317459
"hsa-miR-153-3p"	894.911582427878	2.48444723689695e+269	1035.21907656351	6.28923675081983	0.000510660280865853	0.000538757132632887
"hsa-miR-512-5p"	117.977619856157	3.27191787034921e+35	106.012611249545	6.28543534141357	0.000512447602872921	0.000539900153026828
"hsa-miR-214-5p"	121.288114721046	3.2460906862178e+36	129.830604179552	6.2627636176402	0.000523255137256463	0.000550530439335675
"hsa-miR-338-3p"	1523.91706881574	Inf	1312.10561885396	6.21364102070176	0.000547566488781608	0.00057531985876095
"hsa-miR-765"	2267.62529474853	Inf	2356.52459034316	6.20756102986763	0.000550663294397235	0.000577782143368919
"hsa-miR-876-5p"	261.316477965623	4.61421927374596e+78	291.566399559915	6.18914161572183	0.000560166483521567	0.000586950400083391
"hsa-miR-431-5p"	98.8549289421168	5.73190298035144e+29	111.071020545706	6.16544416785899	0.000572666303471327	0.000599229269798783
"hsa-miR-298"	825.9854999644	4.43007901923656e+248	744.024061187614	6.08203895325055	0.000619231898772482	0.000647072025011572
"hsa-miR-362-5p"	119.383443918198	8.66957094836838e+35	131.872652357574	6.05388628698031	0.000635902832310044	0.000663588397798372
"hsa-miR-635"	202.192906560281	7.34733404040456e+60	227.7707511775	6.04720727425072	0.000639931817724293	0.000666885467655616
"hsa-miR-551b-5p"	405.318879768857	1.03071980113743e+122	383.256981004695	6.04003450967178	0.000644290748007205	0.000670516965700849
"hsa-miR-583"	1360.09198001329	Inf	1368.81865865044	6.01913972236582	0.00065718071559087	0.000683004890051758
"hsa-miR-144-5p"	102.529102477265	7.31703738802443e+30	105.776380565901	5.93143621803454	0.000714551809405994	0.000741625490953177
"hsa-miR-21-3p"	118.517648177879	4.75737205405081e+35	109.464460060133	5.88076803155672	0.000750258691645184	0.000777632995259265
"hsa-miR-518f-5p"	106.057515374209	8.44293397872712e+31	118.021875843082	5.84425351979834	0.000777238406260009	0.000804509929286676
"hsa-miR-921"	4022.56633284002	Inf	4020.69804095489	5.79991654254757	0.000811478538144549	0.000838819459241064
"hsa-miR-181c-5p"	165.352360468749	5.97063269670607e+49	181.049829166917	5.78433660671858	0.00082391128115952	0.000850524835328872
"hsa-miR-518c-5p"	2493.87494337305	Inf	2414.66604968906	5.70005716228444	0.000894998100655677	0.000922666052692075
"hsa-miR-422a"	506.147333307236	2.32022205567348e+152	515.971637156723	5.69505900330675	0.000899425901375403	0.000925986129335482
"hsa-miR-32-3p"	4376.22560127993	Inf	4406.78301304644	5.68432701783713	0.000909016751309298	0.000934605694710766
"hsa-miR-335-5p"	2102.80920772963	Inf	2312.28122989388	5.63309440639701	0.000956416513882615	0.000982023381724185
"hsa-miR-526b-5p"	461.603036251876	9.04398849878986e+138	417.196607861283	5.62410108873078	0.000965020657932345	0.000989533214751482
"hsa-miR-219a-1-3p"	101.220652990393	2.95428732236674e+30	114.9961528038	5.543241716747	0.00104641437841626	0.00107156185346498
"hsa-miR-219a-2-3p"	805.071579678182	2.24230218291771e+242	656.870995368031	5.51212058112709	0.00107977553262492	0.00110425044469775
"hsa-miR-621"	116.504146565583	1.1782643439418e+35	100.452092172151	5.46684180341889	0.00113046880461256	0.00115455335970417
"hsa-miR-665"	7697.20460157631	Inf	6796.5786108933	5.43027597079177	0.00117336224305671	0.00119676707503258
"hsa-miR-219a-5p"	6020.13838504746	Inf	4628.10404053355	5.03776492397439	0.00176936877777186	0.00180226540843429
"hsa-miR-371a-5p"	7514.65139840168	Inf	7008.61320758916	4.95900168061677	0.00192617447760355	0.00195938438238982
"hsa-miR-135a-5p"	1416.4852807977	Inf	1568.54916551677	4.68777565250242	0.00259750021078356	0.00263878498234568
"ebv-miR-BART15"	148.139834582764	3.93127805528937e+44	121.633368807697	4.45121186270178	0.00340055139533375	0.00345003031775263
"hsa-miR-451a"	5409.33378634125	Inf	6239.6929602211	4.42725778483347	0.00349618073763697	0.00354236542373521
"hsa-miR-499a-5p"	136.880303725137	1.60353054433689e+41	154.45201628185	4.33455172478821	0.00389542959701903	0.00394168139962216
"kshv-miR-K12-4-5p"	149.772127560772	1.218717115097e+45	121.082560592332	4.23434029873663	0.00438473687283212	0.00443095280825064
"hsa-miR-503-5p"	3382.65491484838	Inf	3852.19039558369	4.17486008342908	0.00470710476490987	0.00475045967721825
"hsa-miR-302a-3p"	111.995250351571	5.17523085849434e+33	129.438821515111	3.69943511440499	0.00846015014953985	0.00852685304165186
"hsa-let-7g-3p"	80.1073580938708	1.30231984853657e+24	96.2452804393896	3.63180337241659	0.00922165871415433	0.00928216828576951
"hsa-miR-556-5p"	78.2657845824577	3.63369769577407e+23	98.2149527803594	3.34886515460892	0.0133235529322493	0.01339340117829
"hcmv-miR-US25-2-5p"	197.611604659744	3.06916681555229e+59	150.935471318544	2.99432795505366	0.0214738161606145	0.0215581374282609
"hsa-miR-147b-3p"	103.755260989906	1.71177139971318e+31	133.532565238955	2.54187972229191	0.040396676584792	0.0405022888111575
"hsa-miR-367-5p"	90.0871491368805	1.31502531720637e+27	120.370276214297	2.1360489310858	0.0722760014506993	0.072370356543977
"hsa-miR-644a"	102.953340713694	9.81846753905762e+30	211.918956158736	0.704071008086256	0.505386486545776	0.505386486545776
