""	"logFC"	"Fold Change"	"AveExpr"	"t"	"P.Value"	"adj.P.Val"
"hsa-miR-124-3p"	43032.7842484951	Inf	43032.7842484951	36319.333930113	9.9629376109316e-29	7.64157314758454e-26
"hsa-miR-125b-5p"	31459.7235196613	Inf	31459.7235196613	26551.7610308834	7.92863343252986e-28	3.0406309213752e-25
"hsa-miR-381-3p"	545.355030547021	1.47306693367827e+164	548.668044482275	93.0625042361534	1.43210320961638e-11	3.66141053925254e-09
"hsa-miR-502-5p"	135.439159101946	5.90540214131237e+40	136.287115588082	87.3968053177266	2.17006031772079e-11	4.16109065922961e-09
"hsa-miR-573"	105.043041382226	4.17932641458783e+31	104.831314046057	75.8867433553401	5.52335777807881e-11	7.4262339334228e-09
"hsa-miR-612"	126.904607095681	1.5925509069886e+38	131.044272992559	75.3098644172393	5.80930946551979e-11	7.4262339334228e-09
"hsa-miR-106b-3p"	133.187937701603	1.24040728669426e+40	139.333805929836	71.8063541277074	7.96099360099081e-11	8.40281318524753e-09
"hsa-miR-20a-3p"	93.0214994462391	1.0052210512179e+28	93.7036238685489	70.7701358947289	8.76434230534292e-11	8.40281318524753e-09
"hsa-miR-372-3p"	95.8948247319614	7.36577881260212e+28	95.8153493101707	68.7891004927452	1.05746570404623e-10	8.50070266421444e-09
"hsa-miR-374a-3p"	97.6748246311123	2.52960106355078e+29	96.2762336336175	68.2105733038861	1.11820909962346e-10	8.50070266421444e-09
"hsa-miR-1180-3p"	95.1948967532013	4.53439507486923e+28	94.5422657888125	66.6444884563421	1.30385909017374e-10	8.50070266421444e-09
"hsa-miR-512-3p"	102.858867793256	9.19611779932077e+30	102.292513058489	66.429159764061	1.33206271532741e-10	8.50070266421444e-09
"hsa-miR-188-5p"	94.3648004581901	2.55055957905515e+28	95.5096032751279	65.1876174968892	1.50905551593976e-10	8.50070266421444e-09
"hsa-miR-520a-3p"	95.65387459562	6.23283248369792e+28	97.9997411832364	64.4245982680408	1.63123340001367e-10	8.50070266421444e-09
"ebv-miR-BART4-5p"	98.8018402836735	5.52481260916265e+29	99.8669435533325	63.5873529307082	1.77860155603905e-10	8.50070266421444e-09
"hsa-miR-548a-3p"	101.913725659181	4.77626476542004e+30	101.795712826442	63.3290648408058	1.82711638565777e-10	8.50070266421444e-09
"hsa-miR-205-5p"	95.2140552725684	4.5950119572104e+28	95.3264962084464	62.7500130747171	1.94152049728092e-10	8.50070266421444e-09
"hsa-miR-515-3p"	98.4744877449459	4.40326292812195e+29	98.7046463104917	62.4928866666293	1.99494977778175e-10	8.50070266421444e-09
"kshv-miR-K12-4-3p"	92.0587880928007	5.15770597139085e+27	91.5704048017637	60.840007989795	2.38174806919939e-10	8.76918117076097e-09
"hsa-miR-16-2-3p"	100.84306794177	2.27398871576451e+30	100.297221363064	60.6900932167721	2.42091304051571e-10	8.76918117076097e-09
"hsa-miR-651-5p"	106.151020972992	9.00826976460006e+31	107.76021466837	59.1748120536972	2.86134602018571e-10	8.76918117076097e-09
"hsa-miR-517c-3p"	103.338575221439	1.28236262203923e+31	102.479525940215	59.0754933622312	2.89329586270547e-10	8.76918117076097e-09
"hsa-miR-525-3p"	91.1368146971474	2.72216805459012e+27	91.6452959601975	58.8798101370319	2.95745419782749e-10	8.76918117076097e-09
"hsa-miR-567"	92.169312483756	5.56836554224895e+27	90.5319189470962	57.6228155076584	3.41088298577461e-10	8.76918117076097e-09
"hsa-miR-146a-3p"	104.772631702479	3.4650129901766e+31	105.122577010017	57.5675522754055	3.43258409205095e-10	8.76918117076097e-09
"hsa-miR-373-5p"	98.0574411769686	3.2978514738703e+29	101.504062068931	57.4422260783117	3.48238931205522e-10	8.76918117076097e-09
"kshv-miR-K12-3-3p"	97.3862824604468	2.07105764384066e+29	97.8121915188404	57.4193974512691	3.49155078754698e-10	8.76918117076097e-09
"hsa-miR-555"	76.5840660322872	1.13266391729368e+23	76.5645958741003	57.2050289887624	3.57894677703769e-10	8.76918117076097e-09
"hsa-miR-10a-5p"	116.435300063087	1.12335719980554e+35	115.25434402172	57.179205680121	3.58964361325284e-10	8.76918117076097e-09
"hsa-miR-615-5p"	96.7383195012941	1.32170916049686e+29	97.1542546681093	56.925312695501	3.69679678964623e-10	8.76918117076097e-09
"hsa-miR-148a-5p"	83.4875817467654	1.35602086244967e+25	83.1663556671047	56.6229574556325	3.82923829716276e-10	8.76918117076097e-09
"hsa-miR-19b-1-5p"	89.7127701632285	1.01445973300268e+27	90.5498257475911	56.5147572669685	3.87795413360465e-10	8.76918117076097e-09
"hsa-miR-302d-3p"	101.697215836107	4.11066837841705e+30	99.6978909901654	56.4705672523119	3.89805500029632e-10	8.76918117076097e-09
"hsa-miR-519c-3p"	102.260377983509	6.07352944005175e+30	102.608276867944	56.2860396567285	3.98329769431439e-10	8.76918117076097e-09
"hsa-miR-484"	119.344066262663	8.43613944077403e+35	122.450148803312	56.0996226295185	4.0715987675776e-10	8.76918117076097e-09
"hsa-miR-613"	89.5914983349673	9.32670746727803e+26	89.8437716253412	56.0078137117475	4.11591293542888e-10	8.76918117076097e-09
"hsa-miR-760"	113.789965847157	1.79553107406799e+34	115.158160969524	55.3534593993225	4.44833371448804e-10	8.95647408257941e-09
"hsa-miR-378a-5p"	88.400744646439	4.08578752060586e+26	88.9479816274095	54.784976383396	4.76240161847335e-10	8.95647408257941e-09
"hsa-miR-518d-3p"	97.0710541802539	1.66455833203381e+29	98.2437823098835	54.6693970256726	4.82933492289428e-10	8.95647408257941e-09
"ebv-miR-BART2-5p"	97.7790097432821	2.71903550771207e+29	98.986968548087	54.645263928745	4.84344691509168e-10	8.95647408257941e-09
"hsa-miR-548d-3p"	108.179499586662	3.67514341749172e+32	110.397710008195	54.6319932219641	4.8512272699329e-10	8.95647408257941e-09
"hsa-miR-609"	102.718192035678	8.34174487341967e+30	103.752702461649	54.4991007156921	4.92993785574491e-10	8.95647408257941e-09
"kshv-miR-K12-12-5p&kshv-miR-K12-12-3p"	95.2414050379102	4.6829524235866e+28	95.8301087759195	54.3078941521567	5.0457797628994e-10	8.95647408257941e-09
"hsa-miR-767-5p"	91.3552882776907	3.16724773409649e+27	91.1287536240088	53.8922013056867	5.30860249947826e-10	8.95647408257941e-09
"hsa-miR-517b-3p"	102.010102167491	5.10623282557032e+30	103.407573783117	53.7644035195973	5.39254473406622e-10	8.95647408257941e-09
"hsa-miR-371a-3p"	100.42221634805	1.69863219734696e+30	100.647897841322	53.6345062076953	5.47943516101128e-10	8.95647408257941e-09
"hsa-miR-92a-1-5p"	87.7551306689035	2.61171993955568e+26	87.56184238309	53.6213548362846	5.48832179766926e-10	8.95647408257941e-09
"hiv1-miR-N367"	104.20547411462	2.338694104636e+31	103.070252287451	53.1406906795079	5.82478937739275e-10	9.06534552731649e-09
"ebv-miR-BART14-3p"	98.9848637023296	6.27210169192646e+29	98.5095283146492	52.5607753110318	6.26279617965895e-10	9.06534552731649e-09
"hsa-miR-191-3p"	103.628321564716	1.56759255169673e+31	101.665713930676	52.4790399005693	6.32752856118111e-10	9.06534552731649e-09
"hsa-miR-125a-3p"	162.525281717622	8.41365792230541e+48	164.012600849461	52.4681983791451	6.33617247190898e-10	9.06534552731649e-09
"hcmv-miR-UL22A-5p"	87.8332752756635	2.75708703099946e+26	85.8418510627593	52.4268409415394	6.36927164304451e-10	9.06534552731649e-09
"hsa-miR-501-3p"	95.5932950179003	5.97653111328286e+28	94.5898761783685	52.3471701961669	6.43359614365187e-10	9.06534552731649e-09
"hsa-miR-892b"	98.5593394590389	4.67000698340757e+29	98.7681783148373	52.3190137650659	6.45650760028929e-10	9.06534552731649e-09
"sv40-miR-S1-3p"	106.718689689048	1.33513965278118e+32	107.415312572765	52.2651816786071	6.50057371580713e-10	9.06534552731649e-09
"ebv-miR-BHRF1-2-5p"	77.3746189957996	1.95921104662693e+23	77.2565734679322	52.1029794477645	6.6354570381938e-10	9.06977649435549e-09
"hsa-miR-96-5p"	115.400251655744	5.48197758639151e+34	114.731439737114	51.7978788656452	6.89799435767984e-10	9.06977649435549e-09
"hsa-miR-15a-5p"	1213.45956556248	Inf	1218.60497701833	51.7764400743173	6.91688736163104e-10	9.06977649435549e-09
"hsa-miR-424-3p"	87.1708712136289	1.74199531821664e+26	87.3841005185077	51.3126700766227	7.3405330848083e-10	9.06977649435549e-09
"hsa-miR-587"	86.8367351958939	1.38185355289941e+26	86.3213675208634	51.1550279217824	7.49128068231439e-10	9.06977649435549e-09
"hsa-miR-196b-5p"	103.213879091808	1.17617941818881e+31	103.865380248098	51.1475890030971	7.49848180212326e-10	9.06977649435549e-09
"hsa-miR-518c-3p"	96.4366598791908	1.07232715828037e+29	97.3206766875245	51.031584458515	7.61181510970021e-10	9.06977649435549e-09
"hsa-miR-19a-5p"	80.1687065421813	1.35889337952216e+24	80.771932989848	50.9277744847065	7.71490845266735e-10	9.06977649435549e-09
"hsa-miR-618"	107.214981131051	1.88332514551458e+32	107.969837696822	50.7937751707079	7.85036713728756e-10	9.06977649435549e-09
"hsa-miR-450b-5p"	84.9521486454002	3.74235462131594e+25	84.2460277153636	50.7249595994331	7.92099468208225e-10	9.06977649435549e-09
"hsa-miR-588"	85.6736023859418	6.17055396414103e+25	87.9377878347667	50.6482561324886	8.00058104979846e-10	9.06977649435549e-09
"hsa-miR-595"	121.830494714858	4.72751913928011e+36	123.462996077699	50.5690869190606	8.08369241724932e-10	9.06977649435549e-09
"hsa-miR-606"	76.9451816203591	1.45481472967883e+23	76.5109944925665	50.5473590675794	8.1066756337201e-10	9.06977649435549e-09
"hsa-miR-632"	106.415418719731	1.0820143879409e+32	106.557083961281	50.3946997212129	8.27029193120238e-10	9.06977649435549e-09
"hsa-miR-26b-3p"	107.177009867514	1.83440326916332e+32	107.898729297912	50.3070202939506	8.36598123080885e-10	9.06977649435549e-09
"hsa-miR-375-3p"	100.032462468866	1.29649767789931e+30	98.924093632065	50.2799772529877	8.39575138330169e-10	9.06977649435549e-09
"hsa-miR-223-5p"	104.956233413017	3.93526958718864e+31	105.972453243482	50.1258785245331	8.56773452113612e-10	9.07275493395258e-09
"hcmv-miR-US5-2-3p"	95.0643070831853	4.14197953769263e+28	94.9257737746859	50.066046093821	8.63560101016995e-10	9.07275493395258e-09
"hsa-miR-200a-5p"	101.243908512765	3.0022948452803e+30	99.5889989801785	49.8762420595719	8.85502043261362e-10	9.07275493395258e-09
"hsa-miR-29a-3p"	14557.4757221496	Inf	14628.2517033101	49.7312923594939	9.02691241749592e-10	9.07275493395258e-09
"hsa-miR-517a-3p"	97.4580137158925	2.17663418820347e+29	97.7477421139486	49.4723061057403	9.3436877299422e-10	9.07275493395258e-09
"hsa-miR-367-3p"	96.5042501669281	1.12376113824585e+29	96.2305983145739	49.4243704550093	9.40371255434357e-10	9.07275493395258e-09
"hsa-miR-188-3p"	84.6380842799759	3.01024708011617e+25	85.5935006844121	49.3546701327402	9.49178440513473e-10	9.07275493395258e-09
"hsa-miR-148a-3p"	102.621945999815	7.80340161818647e+30	101.692363247923	49.3252928225086	9.52918900827588e-10	9.07275493395258e-09
"hsa-miR-646"	72.0782717033476	4.98565035820382e+21	73.2085683394051	49.2944132737573	9.56868929909989e-10	9.07275493395258e-09
"hsa-miR-521"	94.3430826462118	2.51245192210706e+28	94.5600826780561	49.2845101410663	9.58139699674262e-10	9.07275493395258e-09
"hsa-miR-190b-5p"	93.7501212122586	1.66570688950932e+28	92.0906921573621	49.1648902300849	9.73643731392331e-10	9.1071309997307e-09
"hsa-miR-30c-1-3p"	119.16828600366	7.46841803394607e+35	119.259778399874	49.0254877274501	9.92077345428665e-10	9.16775089088898e-09
"hsa-miR-224-5p"	97.8829934693215	2.92224819900234e+29	99.8406788497251	48.8896752401872	1.01042345802194e-09	9.22612847979559e-09
"hsa-miR-569"	81.9768125008582	4.75860341224493e+24	82.3625353089819	48.6986132084914	1.03689781451528e-09	9.35647792627317e-09
"ebv-miR-BART6-5p"	79.2297729328119	7.08823654905942e+23	78.9069108787222	48.3353815211842	1.08946129747983e-09	9.71647459496543e-09
"hcmv-miR-UL70-3p"	99.4014543571644	8.37181020736706e+29	100.319396206809	48.2325550499885	1.10489377504929e-09	9.74084512026209e-09
"hsa-miR-582-3p"	115.490886294278	5.83742078832139e+34	110.911162896316	48.0627814448082	1.13092774925251e-09	9.85706345087127e-09
"hsa-miR-875-3p"	106.209430145365	9.38046346134395e+31	108.22229741463	47.7929339285834	1.1737740970753e-09	9.96284711216495e-09
"ebv-miR-BART10-5p"	106.346748247181	1.03171837094229e+32	106.784630091941	47.7142165539649	1.18662267374504e-09	9.96284711216495e-09
"hsa-miR-604"	89.1473631219789	6.85536107259932e+26	89.1122399090143	47.6861926355882	1.19123586120271e-09	9.96284711216495e-09
"hsa-miR-519b-3p"	92.436215166385	6.69997914277215e+27	93.8693483357637	47.663285487026	1.19502207864299e-09	9.96284711216495e-09
"hsa-miR-18b-3p"	102.471844497512	7.03232453445117e+30	101.520654921723	47.4491652040034	1.23109077161023e-09	1.01531894819898e-08
"hsa-miR-488-5p"	114.693207749624	3.35811706385152e+34	112.369996931168	47.3584709757818	1.24674480285048e-09	1.01729070615566e-08
"hsa-miR-497-3p"	85.8838681279968	7.13872167817261e+25	87.3906984927956	46.9905537745211	1.3126419808931e-09	1.05250429521494e-08
"hsa-miR-507"	103.702746000163	1.65058228147447e+31	104.479368139638	46.9162379746624	1.32643417947268e-09	1.05250429521494e-08
"hsa-miR-541-5p"	91.4093296295668	3.2881384986578e+27	92.8107189550214	46.891469062448	1.3310680135052e-09	1.05250429521494e-08
"hsa-miR-192-5p"	146.946618462872	1.71925350624563e+44	148.02162296921	46.7939120209324	1.3495013094777e-09	1.05619133098918e-08
"ebv-miR-BART17-3p"	111.002481551924	2.600617856912e+33	111.451115116587	46.5725169619111	1.3924339527011e-09	1.07878468860782e-08
"hsa-miR-192-3p"	88.0180946213962	3.13391088065008e+26	88.6649326811856	46.2980548303929	1.44785678628463e-09	1.10790773817653e-08
"hsa-miR-452-3p"	85.6002536079452	5.86467530268775e+25	84.8056446394424	46.188238288863	1.47074023831969e-09	1.10790773817653e-08
"hsa-miR-892a"	90.9917845589893	2.46182122240295e+27	91.3382802617971	46.1757993142161	1.47335840018261e-09	1.10790773817653e-08
"ebv-miR-BART3-5p"	101.952414562894	4.90608325499109e+30	101.19549364441	46.0516618987266	1.49978284454142e-09	1.11682858423618e-08
"hsa-miR-577"	76.7344028212919	1.25706272468141e+23	76.6957246251346	45.9246745558197	1.5273797801839e-09	1.12644258788563e-08
"hsa-miR-218-1-3p"	84.0546967074223	2.00902335453406e+25	83.1776564221475	45.621993644738	1.59554740880554e-09	1.15818438120477e-08
"hsa-miR-641"	90.306522470686	1.53098899094712e+27	88.8218978513166	45.4699765584632	1.6311003763484e-09	1.15818438120477e-08
"hsa-miR-216a-5p"	93.8133374435094	1.74031780665973e+28	92.5690239894369	45.4619637349584	1.63299951807296e-09	1.15818438120477e-08
"hsa-miR-891b"	102.12375910221	5.52477708541566e+30	102.630916361414	45.4167928616486	1.64375331171079e-09	1.15818438120477e-08
"hsa-miR-122-5p"	125.49275486368	5.98526594740973e+37	123.414701342572	45.4077311026596	1.64592043743572e-09	1.15818438120477e-08
"hsa-miR-520e-3p"	100.38921035355	1.66021203374137e+30	101.721617844623	45.2545332091701	1.6830600554141e-09	1.17355187500238e-08
"hsa-miR-661"	102.432415424271	6.84273263201588e+30	102.622191388442	45.1411686787384	1.71116420999692e-09	1.18239905321409e-08
"hsa-miR-545-3p"	94.3118059542219	2.45856977071825e+28	96.2394599684693	44.9560012335618	1.75823854590417e-09	1.1988481889534e-08
"ebv-miR-BART3-3p"	79.6425313411253	9.43606370595003e+23	78.5915838599185	44.9251332344944	1.76623005673708e-09	1.1988481889534e-08
"hsa-miR-425-3p"	137.945224983511	3.35467520424351e+41	138.637009047222	44.6480559815112	1.83986576915841e-09	1.23787460082851e-08
"hsa-miR-570-3p"	94.9867111784875	3.9250867001365e+28	94.9461775761187	44.5340501863551	1.87118508982306e-09	1.2392255913096e-08
"hsa-miR-429"	96.0319390456426	8.10017113601579e+28	95.8096362293312	44.5232371424265	1.87418733496628e-09	1.2392255913096e-08
"hcmv-miR-US4-5p"	73.7184896098909	1.55409158056957e+22	73.6343169063991	44.2979531540823	1.93801604340894e-09	1.25939682759935e-08
"hsa-miR-629-3p&hsa-miR-629-5p"	129.014513947496	6.87445976098835e+38	129.854043389603	44.2379519667719	1.95543531425322e-09	1.25939682759935e-08
"hsa-miR-373-3p"	106.068876660911	8.50968494240461e+31	104.79377505274	44.1874827675693	1.97022689316572e-09	1.25939682759935e-08
"ebv-miR-BART14-5p"	109.732713548196	1.07854503421863e+33	110.865234135503	44.1869859720684	1.9703731331411e-09	1.25939682759935e-08
"hsa-let-7f-2-3p"	99.1804265096752	7.18262780090775e+29	97.8058301136893	44.0594590695572	2.00832929750942e-09	1.26311989201544e-08
"hsa-miR-16-1-3p"	105.55339404984	5.95302564077332e+31	104.139545006711	44.0567833606314	2.00913463919014e-09	1.26311989201544e-08
"hsa-miR-875-5p"	95.4858335297874	5.54753503218776e+28	94.7818086756424	43.9919818031388	2.0287527114505e-09	1.26508400787198e-08
"hsa-miR-520g-3p"	103.269331889084	1.22226825069494e+31	99.2833408096438	43.9070069948406	2.05481298306049e-09	1.27100125645758e-08
"hsa-miR-937-3p"	160.854968055603	2.6434453498876e+48	176.760594313835	43.7502720180613	2.10389795628683e-09	1.2909517859776e-08
"hsa-miR-210-3p"	97.4887533589623	2.22350955945328e+29	98.4631723552876	43.5723498049313	2.1612613101021e-09	1.3156249403558e-08
"hsa-miR-877-3p"	109.321091417587	8.10826016911726e+32	110.53967968033	43.4321353835373	2.20773730293584e-09	1.318941719498e-08
"hsa-miR-208b-3p"	90.6471753622262	1.93873658719648e+27	90.4015627989248	43.3684098813687	2.22923936335725e-09	1.318941719498e-08
"hsa-miR-27b-5p"	113.712565737022	1.70173985710812e+34	113.923323925437	43.3189343312904	2.24609948788737e-09	1.318941719498e-08
"hsa-miR-139-3p"	117.841517646263	2.97736134812062e+35	116.430064722939	43.3008313035761	2.25230520953197e-09	1.318941719498e-08
"hsa-let-7i-3p"	93.4329946424071	1.33700789594937e+28	92.9740287300885	43.2997090974657	2.25269055090272e-09	1.318941719498e-08
"hsa-let-7d-3p"	210.873789357452	3.01533727165464e+63	212.869890869625	43.1734101328145	2.29654760221976e-09	1.33443334159285e-08
"hcmv-miR-US25-1-5p"	101.998614637358	5.0657356402434e+30	101.640112042942	42.9578345028033	2.37369553310444e-09	1.36524012355241e-08
"hsa-miR-616-5p"	111.530269012205	3.74935357115857e+33	111.784503532703	42.9064823018183	2.39251004139763e-09	1.36524012355241e-08
"ebv-miR-BART13-3p"	260.081304382796	1.96008060177667e+78	268.551583091198	42.8373526925369	2.41810947166518e-09	1.36524012355241e-08
"hsa-miR-769-3p"	119.888601723873	1.23045364491338e+36	120.353093059293	42.8302305010006	2.42076475623374e-09	1.36524012355241e-08
"hsa-miR-501-5p"	105.746845369192	6.80726100909154e+31	106.077910493474	42.7126568725694	2.46508684950903e-09	1.37124548620816e-08
"hsa-miR-941"	90.7435604591779	2.0726864657902e+27	91.2737859213516	42.707192957517	2.4671691929169e-09	1.37124548620816e-08
"hsa-miR-624-5p&hsa-miR-624-3p"	76.3148180078145	9.39830065164395e+22	76.3659432042057	42.4127947513687	2.5824183129907e-09	1.42497470939846e-08
"hsa-miR-532-5p"	127.622315802675	2.61905834111617e+38	126.978106105259	42.3408871850423	2.61150180611777e-09	1.42654283886849e-08
"hsa-miR-328-3p"	126.035597923588	8.719578591952e+37	127.901427106274	42.3007588695054	2.62789572497198e-09	1.42654283886849e-08
"hsa-miR-493-5p"	108.480750238388	4.52855632639339e+32	109.757629240497	42.2687507913087	2.64105714627544e-09	1.42654283886849e-08
"hsa-miR-524-3p"	84.509959286691	2.75443594766737e+25	85.6811506441716	42.0171663212577	2.74718890344881e-09	1.45816210976252e-08
"hsa-miR-502-3p"	131.222888679921	3.1770614163368e+39	131.353879114198	41.9676897495571	2.76863363191684e-09	1.45816210976252e-08
"kshv-miR-K12-11-3p"	115.077974511173	4.38452113743649e+34	113.059119921272	41.9430577986122	2.77938167978842e-09	1.45816210976252e-08
"hsa-miR-377-5p"	149.646008712422	1.11670215396334e+45	144.285834901969	41.9232943024997	2.78804011737729e-09	1.45816210976252e-08
"hsa-miR-522-3p"	94.8930564616622	3.6783781586702e+28	94.1613141202185	41.896257096558	2.79993550115045e-09	1.45816210976252e-08
"hsa-miR-200a-3p"	97.950910310864	3.0631065653926e+29	97.6159033204932	41.8321110612071	2.82839176610163e-09	1.45816210976252e-08
"hsa-miR-518f-3p"	74.455981807371	2.59109824779654e+22	74.6967384735895	41.8225206509429	2.83267476342393e-09	1.45816210976252e-08
"hsa-miR-596"	95.4954699903047	5.58471374074508e+28	97.6273923231337	41.7491955510489	2.86566890200379e-09	1.46531203189127e-08
"hcmv-miR-UL36-5p"	108.453907356095	4.44507672052483e+32	108.020769074273	41.6335266808126	2.91861957540042e-09	1.47296534846335e-08
"hsa-miR-593-5p"	89.5036891071733	8.77597028041562e+26	91.2438658135943	41.6326076792654	2.91904475836284e-09	1.47296534846335e-08
"ebv-miR-BHRF1-1"	317.113030079555	2.88758029724336e+95	325.065711030923	41.5098891141925	2.9764669596354e-09	1.49212428630088e-08
"hsa-miR-556-3p"	88.5362351529986	4.48809957917785e+26	87.9590852196616	41.4140794205337	3.02220240259401e-09	1.50521379401922e-08
"hsa-miR-639"	80.2621458860753	1.449817802033e+24	82.1873888993223	41.324344470211	3.06577266798315e-09	1.51240381400365e-08
"hsa-miR-150-3p"	92.7465107806798	8.3077178447377e+27	91.2274354792367	41.3033396217229	3.07607555390573e-09	1.51240381400365e-08
"hsa-miR-325"	104.93976489196	3.8906034754291e+31	105.85465904231	41.2021364690176	3.12627747289097e-09	1.52685970225751e-08
"hsa-miR-431-3p"	118.624455520306	5.12294072523379e+35	117.916107253214	41.1642935013909	3.14529117283816e-09	1.52685970225751e-08
"ebv-miR-BART9-3p"	109.371601402852	8.39716517651192e+32	109.858291471345	40.9452686540119	3.25798642129664e-09	1.57161986486448e-08
"hsa-miR-940"	107.544326918444	2.3662916212504e+32	106.98795851312	40.8845082393374	3.29006797671458e-09	1.57717633633755e-08
"hsa-miR-15a-3p"	80.9599090653046	2.35158713114502e+24	81.7825102328979	40.833498387609	3.3172820936402e-09	1.58034494771555e-08
"hsa-miR-449a"	105.046417690445	4.18911865625292e+31	104.694747434697	40.7180583264881	3.37983197376995e-09	1.59599281265564e-08
"hcmv-miR-UL112-3p"	95.8363233152038	7.07307058378359e+28	96.8788337888638	40.6963510117212	3.39174483002437e-09	1.59599281265564e-08
"hsa-miR-26a-5p"	12920.7967375452	Inf	13053.2083614569	40.6494158156499	3.41766813839263e-09	1.5983850378946e-08
"hsa-miR-593-5p&hsa-miR-593-3p"	107.431153201104	2.18775951980748e+32	108.876413496201	40.339303503311	3.59479330314497e-09	1.67103422031042e-08
"hsa-miR-542-5p"	98.9768502549652	6.23735988878637e+29	102.658443024477	40.1393864987234	3.71457673702968e-09	1.71631346825408e-08
"hsa-miR-362-3p"	123.786062312931	1.83365573588333e+37	123.406944728562	39.9089259384994	3.85839999937443e-09	1.77209149671867e-08
"hsa-miR-370-3p"	103.294459642019	1.24374325394624e+31	103.102813831826	39.8096022635313	3.92235310053235e-09	1.79074096911209e-08
"kshv-miR-K12-9-3p"	74.5307453267689	2.72891458550865e+22	75.1484365383356	39.7620097261991	3.95342890105073e-09	1.7942485012461e-08
"hsa-miR-561-3p"	94.3456290722091	2.51689043629151e+28	95.0304138116868	39.5537302192686	4.09280136049876e-09	1.84149710905625e-08
"hsa-miR-449b-5p"	96.3685359262227	1.02286884768961e+29	96.0275321403392	39.534714726766	4.1058049953322e-09	1.84149710905625e-08
"hsa-miR-323b-5p"	105.857579289802	7.35032656471994e+31	105.489668718958	39.4521375194598	4.16282914391629e-09	1.84149710905625e-08
"hsa-miR-330-5p"	223.652618712303	2.11907750467756e+67	229.71863742481	39.4487681712451	4.16517514214253e-09	1.84149710905625e-08
"hsa-miR-15b-3p"	107.188391015064	1.84893175954023e+32	107.888873862623	39.4309863285145	4.1775814468812e-09	1.84149710905625e-08
"ebv-miR-BART1-3p"	110.631177466919	2.01049442501767e+33	113.363584703462	39.3169029374927	4.25819576712365e-09	1.8663063733622e-08
"ebv-miR-BART19-5p"	85.585605004919	5.80542880608464e+25	87.431221537526	39.1886763057158	4.35094871236894e-09	1.89348266732683e-08
"ebv-miR-BART13-5p"	94.1369625350209	2.17795761497058e+28	94.9606796447791	39.1633049678011	4.36957538613883e-09	1.89348266732683e-08
"hsa-miR-302b-5p"	96.887851743314	1.46605272724535e+29	92.9090135640522	38.9363791235166	4.54031904356865e-09	1.95641837439166e-08
"hsa-miR-490-5p"	122.735463704543	8.85229965896606e+36	123.248596899752	38.8770782467726	4.58619496849532e-09	1.95741762909365e-08
"hsa-miR-624-5p"	79.1939099122342	6.91420668205326e+23	77.5253758416045	38.8674689806683	4.59367892094991e-09	1.95741762909365e-08
"hsa-miR-202-5p"	93.7348996902978	1.64822481090197e+28	93.2673443149921	38.6284849333427	4.78440443438139e-09	2.0274244205362e-08
"hsa-miR-626"	89.0204445009441	6.2780391858763e+26	87.9230275849672	38.1664897109098	5.17953964980385e-09	2.176169057198e-08
"hsa-miR-500a-3p"	202.098483445607	6.88185622788644e+60	202.353997812744	38.1524045530929	5.19216346111127e-09	2.176169057198e-08
"hcmv-miR-UL36-3p"	77.2359399852266	1.7796503275223e+23	80.0836334694064	38.0935788422053	5.24526999111472e-09	2.18647939303532e-08
"kshv-miR-K12-2"	89.1362529670957	6.80277088298378e+26	91.09669304172	38.0483499870003	5.28652673152184e-09	2.19139380300382e-08
"hsa-miR-105-3p"	100.40222828026	1.67526048157957e+30	98.9002057318336	38.0182378075434	5.31420139972244e-09	2.19139380300382e-08
"hsa-miR-935"	110.151019559336	1.44132175002462e+33	111.449623469389	37.6563186752542	5.6602071622413e-09	2.32159299114389e-08
"hsa-miR-499a-3p"	82.0819668492474	5.11839884478004e+24	82.8281673979484	37.4654472633903	5.85308849897063e-09	2.36959061633307e-08
"hsa-miR-130a-5p"	93.3597626185392	1.2708343241866e+28	95.5412847339834	37.4651841477895	5.8533595545574e-09	2.36959061633307e-08
"hsa-miR-563"	83.1973315262719	1.10889991097559e+25	84.1300848823893	37.4491434999318	5.86991156588375e-09	2.36959061633307e-08
"hsa-miR-326"	221.320703953881	4.20891884191684e+66	222.888694528203	37.4043549071026	5.91641380196194e-09	2.37585831733236e-08
"hsa-miR-330-3p"	159.434838683283	9.87799489810316e+47	172.467296440816	37.1706435576735	6.16605168025227e-09	2.46320918685078e-08
"hsa-miR-182-5p"	102.915045274768	9.56127111058436e+30	102.250855435523	36.9735097065925	6.38607345201235e-09	2.53646812592604e-08
"hsa-miR-506-3p"	104.548458903728	2.96634821245131e+31	101.683825751352	36.9476696748485	6.41557778917409e-09	2.53646812592604e-08
"ebv-miR-BART8-5p"	88.9600582446099	6.02068558178982e+26	91.7297811571274	36.7912997419568	6.59750430548479e-09	2.59372134183657e-08
"hsa-miR-548c-3p"	90.5707690560832	1.83873107678057e+27	90.2068011771211	36.7655541862793	6.62802324641418e-09	2.59372134183657e-08
"hsa-miR-323a-5p"	101.599962562118	3.84269831145612e+30	101.268568118847	36.64516009273	6.77291208579829e-09	2.63696627908999e-08
"hsa-miR-100-3p"	68.9756032267958	5.80397509608834e+20	71.3053518720153	36.5919833715689	6.8380656178992e-09	2.64888703481247e-08
"hsa-miR-1296-5p"	121.167332873115	2.98539423210902e+36	124.811426409713	36.5138798706882	6.93507172954197e-09	2.66012356944632e-08
"hsa-miR-26a-1-3p"	103.756368925458	1.71308648069426e+31	104.775154172187	36.512789663561	6.93643694770879e-09	2.66012356944632e-08
"hsa-miR-194-5p"	131.361861930682	3.49832962155129e+39	133.549804996075	36.4620313371144	7.00034298183413e-09	2.67127515774466e-08
"hsa-miR-10b-5p"	114.27038264236	2.50502919274789e+34	111.831679674577	36.2417401011904	7.28566056460745e-09	2.76638695695738e-08
"hsa-miR-579-3p"	62.3892782018642	6040100246425985024	62.3892782018642	36.0655995656006	7.52344431327925e-09	2.83172054016686e-08
"hsa-miR-202-3p"	145.268671546462	5.37313269124822e+43	144.104149668336	36.0596980348835	7.53156440930951e-09	2.83172054016686e-08
"hsa-miR-590-3p"	81.7253344514806	3.99739509809906e+24	81.5117566825736	35.9473993181627	7.68801745035879e-09	2.86997402189594e-08
"hsa-miR-548b-3p"	105.210519445894	4.693774406732e+31	104.20492367962	35.9231414263276	7.72230231408993e-09	2.86997402189594e-08
"hsa-miR-361-3p"	178.044343337735	3.95082599817378e+53	180.473224549502	35.9067545530443	7.74556222336975e-09	2.86997402189594e-08
"hsa-miR-589-3p"	77.2239535158184	1.76492555728254e+23	78.872656692578	35.7046278264187	8.03919584287731e-09	2.96445346706101e-08
"hsa-miR-27a-5p"	112.677181004626	8.30254635902324e+33	113.823585995836	35.5932967430045	8.20638867828589e-09	2.99911904523421e-08
"hsa-miR-346"	81.0738824442055	2.54489858730782e+24	80.670702790198	35.5899948458532	8.21140807691244e-09	2.99911904523421e-08
"hsa-miR-586"	93.7573895409967	1.67411993150043e+28	95.3216883146677	35.5444968815583	8.28093293896273e-09	3.01017799250446e-08
"hsa-miR-605-5p"	127.288557862206	2.07813626574144e+38	137.546273679411	35.4534909064699	8.42203990779369e-09	3.04703047607441e-08
"hsa-miR-196a-5p"	104.855155216901	3.6689933135546e+31	105.4838036896	35.4188086308327	8.47654205983382e-09	3.05235106098241e-08
"hsa-miR-33a-3p"	91.7866743003828	4.27112386756893e+27	91.4344535298428	35.361105656544	8.5681221511413e-09	3.07091107005859e-08
"hsa-miR-105-5p"	136.708631276324	1.42363507791238e+41	136.498584661836	35.2455421270476	8.75497638308169e-09	3.12328692363891e-08
"hsa-miR-145-3p"	111.909641934476	4.87707041865021e+33	111.681145472588	35.2019768965895	8.82663030616578e-09	3.13427103927276e-08
"hsa-miR-92b-5p"	83.1253414611839	1.05492401649132e+25	82.2138370018001	35.1768271828027	8.8683023464083e-09	3.13455663580422e-08
"hsa-miR-511-5p"	100.753233379742	2.13670913842542e+30	101.372044898015	34.8607968121778	9.41172106786752e-09	3.3113715867222e-08
"hsa-miR-558"	85.5330276374063	5.59766544933175e+25	89.0967599841856	34.7405360308142	9.62850133844368e-09	3.3721737564321e-08
"hsa-miR-591"	87.926933094367	2.9420109725595e+26	89.2230716118239	34.6115240390899	9.86746886762472e-09	3.44015846430371e-08
"hsa-miR-324-3p"	123.556005928936	1.56337775814456e+37	127.894607625444	34.5112696721889	1.00578858938576e-08	3.49067804551527e-08
"hsa-miR-532-3p"	113.870493278013	1.89860271568714e+34	119.489543200126	34.4798092137315	1.0118508825843e-08	3.49589922046017e-08
"hcmv-miR-US33-3p"	74.8974823401614	3.51875301326981e+22	74.6297369225546	34.0170016114875	1.10607279267321e-08	3.80429521067422e-08
"ebv-miR-BART10-3p"	98.2817057934863	3.8524895456299e+29	100.03070311637	33.9696957506139	1.11626003100521e-08	3.82219394545087e-08
"hsa-miR-10b-3p"	84.8624064995373	3.51665578112729e+25	85.3122575495022	33.838615068322	1.14505668480292e-08	3.90337100997262e-08
"hsa-miR-345-5p"	128.430295252429	4.58533661197113e+38	132.728754788105	33.7784234516527	1.15856563611677e-08	3.93194620752905e-08
"hsa-miR-206"	133.880250015507	2.00433856015662e+40	130.460189599271	33.7467824653906	1.16574036337772e-08	3.93886721898991e-08
"hsa-miR-96-3p"	79.4603036858388	8.31639050705125e+23	79.8078332091147	33.4311366571137	1.24018377045391e-08	4.17202171902696e-08
"hsa-miR-767-3p"	100.099077606801	1.35776590213004e+30	99.2791275880123	33.3526882141154	1.25952454099285e-08	4.21858219625116e-08
"hsa-miR-24-1-5p"	414.327689790582	5.30961047131935e+124	405.074818011392	33.2877879432086	1.2757876718751e-08	4.25447454055741e-08
"hsa-miR-194-3p"	121.248161789669	3.15742917667064e+36	123.377776763544	33.0304857436032	1.34268580871589e-08	4.45818188435101e-08
"hsa-miR-34a-3p"	123.388923374408	1.39240979078276e+37	121.221410965237	32.6930384237141	1.4366294482723e-08	4.73993282390947e-08
"hsa-miR-200c-5p"	106.676242818601	1.29642952499908e+32	105.202969632796	32.6817466369493	1.43990136632452e-08	4.73993282390947e-08
"hsa-miR-31-3p"	125.626921977936	6.56858430542229e+37	125.924303149804	32.4434673382994	1.51098515140883e-08	4.95267355184005e-08
"hsa-miR-590-5p"	130.475713741131	1.892794833045e+39	133.035169154026	32.3661679980052	1.53490628070565e-08	5.00967283957972e-08
"hcmv-miR-US33-5p"	90.0010360609	1.2388293761746e+27	90.8316872543043	32.0668492760627	1.63173484107441e-08	5.30313823349183e-08
"ebv-miR-BART12"	126.963000605655	1.65833215512765e+38	131.208857374942	31.9795891646788	1.66127305949938e-08	5.35895330184826e-08
"hsa-miR-30a-3p"	139.144645297226	7.70392365785564e+41	138.412056931681	31.9748859755457	1.66288251087339e-08	5.35895330184826e-08
"hsa-miR-148b-5p"	85.9995497748823	7.73471108000449e+25	86.4107655399356	31.7658564669429	1.73625818906626e-08	5.56306028206558e-08
"hsa-miR-454-5p"	85.5878544928009	5.81448784339171e+25	86.7827873457481	31.7534668911253	1.7407229044273e-08	5.56306028206558e-08
"hsa-miR-181d-5p"	160.842398514881	2.62051426110051e+48	162.128710473051	31.5423812686143	1.8188564095276e-08	5.78864259795713e-08
"hsa-miR-1307-3p"	106.477716708349	1.12976105322764e+32	107.795479311952	31.3790041803365	1.882106268258e-08	5.96518804856979e-08
"hsa-miR-559"	81.7400859086881	4.03847786333612e+24	78.579099772043	31.3103989661731	1.9094176617064e-08	6.02684504744366e-08
"hsa-miR-122-3p"	104.269791516079	2.44531542828152e+31	103.631429074791	31.2893900630732	1.91787216739015e-08	6.02872111634526e-08
"hsa-miR-134-5p"	103.414333975712	1.35150142610305e+31	104.848290972229	31.235632118018	1.93970245689158e-08	6.07245626300343e-08
"hsa-miR-130b-5p"	139.320889438822	8.70495927503716e+41	135.130124854986	30.978443659876	2.04817886800157e-08	6.38598858437889e-08
"hsa-miR-616-5p&hsa-miR-616-3p"	88.5532785379073	4.54143449426079e+26	90.1304483429112	30.701690749533	2.17278068319926e-08	6.74705580572403e-08
"hsa-miR-542-3p"	129.463226433718	9.38241183235529e+38	132.485347364265	30.673122020638	2.18613251448899e-08	6.76114370408491e-08
"hsa-miR-551a"	150.931227524582	2.72161548519789e+45	149.639192825922	30.5823699253081	2.22917645629969e-08	6.86657968667415e-08
"hsa-miR-942-5p"	104.961866254196	3.95066444065275e+31	104.729830779712	30.5467075295254	2.24635740169926e-08	6.89182450841334e-08
"hsa-miR-519e-3p"	215.519848288899	7.54986169491474e+64	213.018191399014	30.4508362537302	2.29330512697142e-08	7.00782881429116e-08
"hsa-miR-508-3p"	107.381053573253	2.11309047090543e+32	105.410413281855	30.3666626007275	2.33545677952409e-08	7.09454164540272e-08
"hsa-miR-33b-5p"	99.681588485523	1.01659542187921e+30	98.8820782985584	30.3573371593129	2.34018127286426e-08	7.09454164540272e-08
"hsa-miR-135b-3p"	88.0898231578439	3.29366240958473e+26	87.2129902956787	30.2166552609294	2.41280481417724e-08	7.28591060029112e-08
"hsa-miR-147a"	162.664630488408	9.26686872040835e+48	166.81486370968	30.1602014446142	2.44267400314471e-08	7.34718023690977e-08
"hsa-let-7e-3p"	147.389023025955	2.33623734783922e+44	149.514995319152	30.0184255993727	2.51958007358838e-08	7.54889811110269e-08
"hsa-miR-500a-3p&hsa-miR-500a-5p"	167.623075784815	2.88120245851502e+50	165.998038109488	29.756201325034	2.66928227647277e-08	7.96630157997906e-08
"hsa-miR-124-5p"	253.580503847456	2.16440223474508e+76	242.556391910333	29.5738423433093	2.77942699535303e-08	8.26287017610764e-08
"hsa-miR-135b-5p"	123.830161330672	1.8905707240015e+37	122.875144493677	29.4692594510282	2.84495005656009e-08	8.39388596531769e-08
"hsa-miR-485-3p"	763.913784037083	9.14035569075759e+229	711.77846907904	29.4685743969563	2.84538507298905e-08	8.39388596531769e-08
"hsa-miR-183-5p"	147.487780013035	2.50176076844053e+44	138.72769462192	29.39079468609	2.89527713006244e-08	8.50834313700342e-08
"hsa-miR-509-3p"	101.293360523332	3.10699016933418e+30	101.76984101637	29.2372861106927	2.99672769386304e-08	8.77286313432423e-08
"hsa-miR-543"	100.287311432706	1.54699505595859e+30	98.9811919647054	28.9550601635917	3.1941055944675e-08	9.31512924318087e-08
"ebv-miR-BART9-5p"	106.415036184853	1.08172752664229e+32	103.552387968629	28.9260555930554	3.21522447089066e-08	9.34120139838308e-08
"ebv-miR-BART11-5p"	100.502193754181	1.79545675822708e+30	103.297235772041	28.8885325092934	3.24278454551798e-08	9.36358261864802e-08
"hsa-miR-671-3p"	97.8393097680914	2.83509094734201e+29	100.495547045981	28.8823599393727	3.24734416761457e-08	9.36358261864802e-08
"hsa-miR-27a-3p"	1111.2292679728	Inf	1145.39051698783	28.8421700832102	3.27721297846957e-08	9.41431593440509e-08
"hsa-miR-873-5p"	222.88246030736	1.24252764434299e+67	229.085275246744	28.78395346411	3.32104119933126e-08	9.5046216413697e-08
"hsa-miR-217-5p"	87.1686595676988	1.73932689198253e+26	85.5685052339261	28.7092116686075	3.37830215832738e-08	9.63255671166207e-08
"hsa-miR-572"	85.792103699529	6.69879372259536e+25	86.8684052549793	28.6458764599958	3.4277142793731e-08	9.73724760103397e-08
"hsa-miR-545-5p"	90.5306057347158	1.78824842733622e+27	87.2828896746911	28.4459361773446	3.58924182499368e-08	1.01584814751666e-07
"hsa-miR-520f-3p"	87.2004760302847	1.77811121549352e+26	87.0135434329285	28.4032622249167	3.62484068660445e-08	1.02215176714177e-07
"hcmv-miR-UL70-5p"	93.4446808475477	1.34788198975855e+28	91.5326069384944	28.3107672053413	3.70340341321561e-08	1.0404800065701e-07
"hsa-miR-380-5p"	84.738133642926	3.22641332853714e+25	84.4260669836681	28.1834638765972	3.81475507340359e-08	1.06785297127757e-07
"hsa-miR-655-3p"	88.3489285268048	3.94164557995644e+26	85.9028326364822	28.0863843965881	3.9022611657484e-08	1.08666380933153e-07
"hsa-miR-19b-2-5p"	104.072401268481	2.13262503246382e+31	103.730869385033	28.0776032333111	3.91028958768582e-08	1.08666380933153e-07
"hsa-miR-26b-5p"	13686.5348165445	Inf	12805.8392388164	28.0495492532441	3.93606627615012e-08	1.08987827935276e-07
"hsa-miR-650"	97.2103817044348	1.83333058184565e+29	98.2977616882448	27.8922042268829	4.08431172025644e-08	1.126858665265e-07
"hsa-miR-744-3p"	103.743831286392	1.6982635261808e+31	106.1605704262	27.8394784621683	4.13541707007235e-08	1.13686913718477e-07
"hsa-miR-887-3p"	188.187052117466	4.46629580201686e+56	167.48191838833	27.8216908232312	4.15282363616106e-08	1.1375770460484e-07
"hsa-miR-302c-3p"	106.312268170202	1.00735286583351e+32	111.443176252232	27.7933685901929	4.1807132731623e-08	1.14114130979199e-07
"hsa-miR-645"	118.47237131202	4.6103874285895e+35	117.773536131593	27.6536454940284	4.32149397827962e-08	1.17538506430513e-07
"hsa-miR-539-5p"	178.862038154291	6.96367621817276e+53	177.799972740807	27.6330476264882	4.34270543163384e-08	1.1769805887149e-07
"kshv-miR-K12-9-5p"	81.4543287031657	3.31280761910431e+24	81.1371404077099	27.5095346573989	4.4724377297537e-08	1.207873147437e-07
"hsa-miR-380-3p"	104.366829319307	2.61544852750571e+31	103.318382359366	27.4120578269023	4.57797470054602e-08	1.23203740186625e-07
"hsa-miR-888-3p"	1480.50113832234	Inf	1335.00238807736	27.3907443606616	4.60143036069159e-08	1.23401996036729e-07
"hsa-miR-483-3p"	127.555615919129	2.50072828926921e+38	129.799486573556	27.3200945803772	4.68017514622436e-08	1.2507645774056e-07
"ebv-miR-BART11-3p"	89.4425388620438	8.41176411958366e+26	89.4067597884706	27.280952700059	4.72446842317124e-08	1.25821780575428e-07
"hsa-miR-199b-5p"	114.626909867743	3.20728963281134e+34	114.39210275898	27.2324744130512	4.77999663091271e-08	1.2686011819758e-07
"ebv-miR-BART20-5p"	102.298580067558	6.23650269235173e+30	99.9128322002766	27.1405506790067	4.88736195364689e-08	1.29262297187833e-07
"hsa-miR-34c-3p"	85.4574380505973	5.31192831835018e+25	86.6014303370575	27.1137351498162	4.91920263096274e-08	1.29657333950118e-07
"hsa-miR-541-3p"	85.0851924968726	4.10388448998137e+25	84.7244570133674	27.0181739238738	5.03462730057064e-08	1.32198391821365e-07
"hsa-miR-492"	94.264544422892	2.37933393592848e+28	92.60254725985	26.993736131578	5.06464275823526e-08	1.32198391821365e-07
"hsa-miR-603"	129.168528288803	7.64894451701687e+38	127.971250720276	26.9915663039564	5.06731775690759e-08	1.32198391821365e-07
"hsa-miR-629-3p"	151.282901420243	3.47289104632059e+45	157.293366830462	26.9163749390408	5.16102629056727e-08	1.34186683554749e-07
"hsa-miR-342-5p"	163.027064694709	1.19134234380721e+49	164.399247505669	26.89951437924	5.182311610905e-08	1.34284898836626e-07
"hsa-miR-33b-3p"	73.3705925880706	1.22109420065294e+22	75.6240653512426	26.8062852631163	5.30184516315776e-08	1.36919705055286e-07
"hsa-miR-200b-3p"	120.495111674361	1.8734536151526e+36	118.888999911502	26.750834763802	5.37444354508715e-08	1.38328798626908e-07
"hsa-miR-186-3p"	103.710690173608	1.6596962520733e+31	104.580588824882	26.6791506336385	5.46999609853221e-08	1.40317291223218e-07
"hsa-miR-489-3p"	79.9364967815468	1.15686659159188e+24	76.4300482565138	26.5606034156712	5.63233484501336e-08	1.44000027537508e-07
"hsa-miR-215-5p"	147.323790292566	2.23295490747833e+44	144.594687070032	26.5223530097362	5.68589207649172e-08	1.44886352912596e-07
"hiv1-miR-H1"	98.1109728908905	3.42251802398033e+29	100.356429686896	26.5012947199221	5.71562716309409e-08	1.45161789208383e-07
"hsa-miR-770-5p"	113.751983002352	1.74887572633307e+34	112.163492806693	26.4796537822074	5.74637140956557e-08	1.45460952842799e-07
"hsa-miR-28-3p"	98.15269895752	3.52295050419759e+29	99.8819901079596	26.3890895322267	5.8771116023568e-08	1.48281072335779e-07
"hsa-miR-301b-3p"	121.921415248832	5.03504207087499e+36	124.617313324834	26.1808039142847	6.19098689651871e-08	1.55522414613427e-07
"hsa-miR-874-3p"	251.264021122373	4.3451741678472e+75	256.049647594414	26.1598940334177	6.22354817495267e-08	1.55522414613427e-07
"hsa-miR-23a-5p"	119.844917043123	1.19375404954406e+36	122.220302926364	26.1589954150411	6.22495192781252e-08	1.55522414613427e-07
"hsa-miR-601"	160.111429383021	1.5788573489667e+48	160.366313972565	26.1392658956887	6.25586379979764e-08	1.55787257611844e-07
"hsa-miR-452-5p"	114.834713713739	3.70419099244431e+34	114.641203947893	26.1121180388756	6.29868754499679e-08	1.56346063010114e-07
"hsa-miR-450a-5p"	127.430613937754	2.29317480280386e+38	128.391017867266	26.0701360336078	6.36557642442525e-08	1.5749668121078e-07
"hsa-miR-888-5p"	67.685816529869	2.37389254452802e+20	67.0851231010831	26.054105956747	6.39133192832396e-08	1.57625453023295e-07
"hsa-miR-34c-5p"	207.985855503407	4.07362624841861e+62	209.021126334389	26.0110995133033	6.46102433648997e-08	1.58833514938712e-07
"hsa-miR-660-5p"	134.613633623368	3.33228045591578e+40	134.260906953102	25.9941347439092	6.48875594264395e-08	1.59005616869262e-07
"hsa-miR-384"	74.8173627964945	3.32866736582448e+22	79.1628987022604	25.9658309434668	6.53532818669277e-08	1.59636838190871e-07
"hsa-miR-7-1-3p"	128.172377519739	3.83468989479937e+38	127.950175868021	25.9239015382734	6.60502874181957e-08	1.60827207777004e-07
"hsa-miR-218-2-3p"	125.605264982213	6.47071650556074e+37	121.520498157557	25.8999419611416	6.64524107080323e-08	1.61294300674243e-07
"hsa-miR-197-3p"	425.147706802343	9.5986981636644e+127	414.55000685792	25.8133538833851	6.79293043021802e-08	1.64358916087609e-07
"hsa-miR-93-3p"	92.8779662238141	9.10025935202601e+27	94.5301760174339	25.716129227367	6.96328001855114e-08	1.67880970133278e-07
"hsa-miR-155-3p"	87.6583549047535	2.44227293614893e+26	87.1931704527817	25.7054592744462	6.98227242144926e-08	1.67880970133278e-07
"hsa-miR-18a-3p"	104.260594749101	2.42977682367848e+31	103.366603953179	25.6296396024248	7.11895899176584e-08	1.70632548333887e-07
"hsa-miR-200c-3p"	108.28515285506	3.95438631450834e+32	105.806858060549	25.2834036051676	7.78357782829071e-08	1.85981439074734e-07
"hsa-miR-337-3p"	182.758994101358	1.03738317944251e+55	177.312772444424	25.2557656617688	7.8396360897223e-08	1.86739157789348e-07
"hsa-miR-34b-5p"	105.542642520512	5.90882625880892e+31	108.714395237752	25.1985324536172	7.95720500647995e-08	1.88952824766877e-07
"hsa-miR-517-5p"	105.35163125673	5.17608143454158e+31	105.595107642735	25.1319310334826	8.09657844512083e-08	1.91669002080484e-07
"hsa-miR-600"	264.449436650183	4.04774148769507e+79	270.574199905485	25.1155400917499	8.13130795130658e-08	1.91898867650835e-07
"ebv-miR-BART20-3p"	99.9672208205762	1.23917330823419e+30	99.8862182825816	24.9947961874482	8.39248685520382e-08	1.97455135519673e-07
"hsa-miR-106a-5p"	689.814476938115	4.51698867430489e+207	675.336506278619	24.8971948862845	8.61067024259711e-08	2.01968931989969e-07
"hsa-miR-548a-5p"	80.708861463182	1.97600580594126e+24	81.0569725597603	24.7834368679066	8.87324801447441e-08	2.07493330094569e-07
"hsa-miR-505-3p"	109.319344951424	8.09845058784658e+32	112.21920993942	24.6997847075271	9.07221458017476e-08	2.11501172735381e-07
"hsa-miR-148b-3p"	620.488357447133	6.10390199421237e+186	669.388327326266	24.3114927440124	1.00655983506107e-07	2.3394890711874e-07
"hsa-miR-571"	97.3863886084852	2.07121003002612e+29	101.540651110895	24.2780029356488	1.01569834234536e-07	2.35359706519301e-07
"hsa-miR-548b-5p"	97.877919042979	2.91198775959022e+29	98.2219259565363	24.2422634381759	1.02555610225234e-07	2.36864410991523e-07
"hsa-miR-152-3p"	204.735004152902	4.27934610140553e+61	206.829408961153	24.2321401035234	1.02836830326176e-07	2.36864410991523e-07
"hsa-miR-20b-5p"	196.391983299228	1.31788611088249e+59	189.154668988524	24.0132485466018	1.09139816812376e-07	2.50160923899608e-07
"hsa-miR-138-2-3p"	146.593156331637	1.34566579967663e+44	147.619328694195	24.0091519538205	1.09261941990051e-07	2.50160923899608e-07
"hsa-miR-518e-3p"	109.293969551068	7.95725324607748e+32	104.521068048296	23.9748319086227	1.10291264417648e-07	2.51766070858143e-07
"ebv-miR-BART1-5p"	131.179282544236	3.08246997841342e+39	124.813810099568	23.9571721785339	1.10825253752229e-07	2.52234331240236e-07
"hsa-miR-568"	73.7122935256824	1.54743138303185e+22	73.9203038793766	23.8880351732295	1.12944585014833e-07	2.5629732753366e-07
"hsa-miR-7-2-3p"	190.397233975155	2.06670513233541e+57	182.026298492408	23.8152412127123	1.15226531063494e-07	2.6070427529705e-07
"hsa-miR-130b-3p"	248.784298012051	7.78997657703598e+74	246.991878370819	23.417957145315	1.28654996972795e-07	2.9023053728863e-07
"hsa-miR-486-3p"	74.1305601613805	2.06786510188416e+22	75.8901767301796	23.3541069483049	1.30976968161874e-07	2.94602154194011e-07
"hsa-miR-125a-5p"	5966.66465407983	Inf	5889.8572351452	23.2927150013943	1.33255074099756e-07	2.98849829925475e-07
"hsa-miR-550a-3p"	128.636982049494	5.29163826881791e+38	132.135687750522	23.250898337685	1.34832869904423e-07	3.01506738241086e-07
"hsa-miR-199a-5p"	200.304969286277	1.9851989449762e+60	192.224711150131	23.2219086021549	1.35939294970257e-07	3.03097207099381e-07
"hsa-let-7c"	12228.2718684293	Inf	12824.9917185753	23.1237079161628	1.39765536925572e-07	3.10725121222939e-07
"hsa-miR-548c-5p"	99.4709340720394	8.78486015473579e+29	103.186685187749	23.0486795475951	1.4277243215119e-07	3.16492645838042e-07
"hcmv-miR-US25-2-3p"	87.0439224110648	1.5952604050468e+26	85.889649769156	22.9416848287048	1.4718998082996e-07	3.25345000854696e-07
"ebv-miR-BHRF1-3"	137.206061746927	2.00974137142642e+41	141.060678254	22.8975905597634	1.49056090107819e-07	3.28523049174418e-07
"hsa-miR-382-5p"	319.144491994165	1.18049741709219e+96	321.313017793297	22.8027401933334	1.53163161568159e-07	3.35934799710496e-07
"hsa-miR-297"	185.434187249693	6.62601757879946e+55	177.129166814701	22.7997465647449	1.5329488904651e-07	3.35934799710496e-07
"hsa-miR-656-3p"	180.98090277298	3.02468656308738e+54	173.612810133861	22.7344161245932	1.56202283196738e-07	3.40856297094211e-07
"hsa-miR-652-3p"	145.634672223508	6.92476034844832e+43	145.588271829829	22.7217938352873	1.56771289387261e-07	3.40856297094211e-07
"hsa-miR-34b-5p&hsa-miR-34b-3p"	1671.73786347819	Inf	1588.05068184978	22.7195234665703	1.56873889014676e-07	3.40856297094211e-07
"hsa-miR-580-3p"	99.236579564905	7.46770435758801e+29	103.793646938301	22.671217678103	1.5907525924016e-07	3.44663061687013e-07
"hsa-miR-636"	126.706044541771	1.38777812951887e+38	123.978483483691	22.6579228094741	1.59687343256597e-07	3.45014626134676e-07
"hsa-miR-29b-2-5p"	135.759785204841	7.37509385611074e+40	132.943711169411	22.6194713740095	1.61472905565559e-07	3.47892467889841e-07
"hsa-miR-448"	105.825640845252	7.1893926740386e+31	100.607195424501	22.6006779203047	1.623539554567e-07	3.48810879090444e-07
"hsa-miR-885-3p"	151.431200761082	3.84887412943357e+45	151.641855955812	22.5372684680467	1.65367665884716e-07	3.54293295345188e-07
"hsa-miR-576-5p"	161.897075434025	5.4434710294548e+48	160.840701917925	22.4358523520259	1.70322414914546e-07	3.63892178939992e-07
"hsa-miR-302c-5p"	237.831878912839	3.93123927424571e+71	224.466569709068	22.3988912113379	1.72170438324019e-07	3.66818683873674e-07
"hsa-miR-378a-5p&hsa-miR-378a-3p"	322.582924097214	1.2797827210522e+97	324.827638862288	22.3594892981768	1.74165924408589e-07	3.69429665683955e-07
"hsa-miR-423-5p"	1109.89255178293	Inf	1149.77713838896	22.355699721336	1.74359242474044e-07	3.69429665683955e-07
"hsa-miR-125b-2-3p"	158.400821145325	4.8239022914358e+47	172.472395011202	22.2360618693989	1.80591031530757e-07	3.81579397201352e-07
"hcmv-miR-UL22A-3p"	97.4665148244618	2.18949791010822e+29	99.6252235891736	22.2081898627748	1.82079377004925e-07	3.83667258688948e-07
"hsa-miR-562"	88.2678509550645	3.72623971456971e+26	86.9393420935357	21.9924063300067	1.94091397657191e-07	4.07857813707029e-07
"hsa-miR-20b-3p"	153.695183984165	1.84867500050099e+46	149.555633802944	21.842655254235	2.02963521107831e-07	4.25336122103023e-07
"hsa-miR-22-3p"	6451.38824235507	Inf	6265.79399047811	21.7991498704311	2.056277803664e-07	4.29745252155392e-07
"hsa-let-7d"	757.579554842748	1.1328440016491e+228	759.061570084359	21.6655397814493	2.14064756521699e-07	4.45895507443404e-07
"hsa-miR-421"	209.71989736111	1.35512635993644e+63	201.873817752301	21.6585313532449	2.14518177635745e-07	4.45895507443404e-07
"hsa-miR-143-5p"	94.2505936288115	2.35643677288257e+28	96.2827963589578	21.4845287317913	2.26137382607185e-07	4.68652630874289e-07
"hsa-miR-802"	78.8534180369972	5.46064683667934e+23	75.7236079266013	21.4765312963355	2.2668856069669e-07	4.68652630874289e-07
"ebv-miR-BART5-5p"	184.743962106035	4.10652160189377e+55	179.661641373507	21.366323679489	2.34443412711668e-07	4.83381982660886e-07
"hsa-miR-890"	149.838178649547	1.27581078516545e+45	149.028591228086	21.2243313417883	2.44888449350781e-07	5.03564184053751e-07
"hsa-miR-663a"	93.4220916355999	1.3269416929615e+28	95.4358924235107	21.1812681253577	2.4816117579214e-07	5.08929470140566e-07
"hsa-miR-149-3p"	1261.21355169706	Inf	1252.36384004712	21.1262454770667	2.52416191606852e-07	5.16000143523411e-07
"hsa-miR-99a-3p"	175.288450249507	5.8489972686167e+52	173.659783397759	21.1111027757672	2.53601877292774e-07	5.16000143523411e-07
"hsa-miR-455-5p"	137.154699945114	1.93945063423871e+41	133.14640687709	21.1107803983219	2.53627189189473e-07	5.16000143523411e-07
"kshv-miR-K12-6-5p"	131.312504471437	3.38066900327964e+39	120.898936555951	21.0934573887166	2.54991607326165e-07	5.17403605341716e-07
"hsa-miR-649"	113.84618243772	1.86687743148081e+34	107.172934813546	21.0558957583981	2.57979159526402e-07	5.22084473236809e-07
"hsa-miR-615-3p"	226.564183113335	1.59446525592387e+68	224.234913134998	20.8494539982546	2.75134917750787e-07	5.55338110302247e-07
"hsa-miR-485-5p"	186.666480998036	1.55671806577798e+56	185.69073126259	20.7510079104842	2.83775302361787e-07	5.71274690056406e-07
"hsa-miR-544a"	110.177210624567	1.46772684145389e+33	110.54346318214	20.6826393240686	2.8995939548303e-07	5.81871479432851e-07
"hsa-miR-455-3p"	108.874402874763	5.94923364427052e+32	107.756098685222	20.6761276689407	2.90556423237004e-07	5.81871479432851e-07
"hsa-miR-186-5p"	261.553517198184	5.43818713411167e+78	269.349462335002	20.6605019158765	2.91994856541431e-07	5.83229309810619e-07
"hsa-miR-592"	149.674583649852	1.13904076460712e+45	148.351297145193	20.6085644918011	2.9683510270965e-07	5.91357204618966e-07
"hsa-miR-222-5p"	97.6142346402573	2.42556339825857e+29	92.9184893825773	20.594037039001	2.98205425963635e-07	5.92548087342249e-07
"hsa-miR-564"	74.9376548060442	3.61811112402445e+22	74.6031837184189	20.5600314105962	3.01441571636619e-07	5.95523432554576e-07
"hsa-miR-589-3p&hsa-miR-589-5p"	134.495842998114	3.07102275605797e+40	141.230449535648	20.5565084128198	3.01779138430919e-07	5.95523432554576e-07
"hsa-miR-299-3p"	152.035623421198	5.85171355855857e+45	153.813896291423	20.5538714332349	3.02032092912295e-07	5.95523432554576e-07
"hsa-miR-99b-3p"	259.179061640715	1.04874958479908e+78	267.311667630102	20.4303256740701	3.14161032593814e-07	6.17850030767834e-07
"hsa-miR-708-3p"	145.74602894213	7.48042822965438e+43	142.071263886471	20.3383984928171	3.23549530225862e-07	6.33861231647933e-07
"hsa-miR-208a-3p"	194.768108112825	4.27604966423911e+58	200.077331765781	20.3344961339658	3.23955153593207e-07	6.33861231647933e-07
"hcmv-miR-US5-1"	92.6028090131814	7.52009272681e+27	96.8553841079335	20.3172605658573	3.25753675234779e-07	6.35758445051083e-07
"hsa-miR-554"	85.9793250741053	7.62703701796184e+25	87.1402126054238	20.1637207526378	3.42291936241396e-07	6.66339886033377e-07
"hsa-miR-138-1-3p"	845.449069964366	3.20280033669185e+254	813.382228866983	20.0350662584622	3.56895487096189e-07	6.91277549508429e-07
"kshv-miR-K12-7-3p"	97.8619867667864	2.88000639480948e+29	95.7944770085654	20.0349869619562	3.5690470613473e-07	6.91277549508429e-07
"hsa-miR-135a-3p"	108.373390946762	4.20379381417813e+32	111.045058721513	20.0224965778039	3.58360263860793e-07	6.92348419096292e-07
"hsa-miR-183-3p"	196.736402839302	1.67324098442061e+59	207.326176218684	19.9657735747427	3.65056836626893e-07	7.0351405450459e-07
"hsa-miR-758-3p"	141.21065432923	3.22583879396204e+42	139.679915691358	19.956927267034	3.66114115562013e-07	7.03783274777102e-07
"kshv-miR-K12-10a-3p"	159.638249656032	1.13736956244417e+48	159.881915374585	19.776072014343	3.88519897154682e-07	7.44986902794103e-07
"hsa-miR-552-3p"	124.22693556287	2.48905145025359e+37	128.893969034583	19.7526710229524	3.91532530023203e-07	7.45787996653351e-07
"hsa-miR-599"	79.8569345707041	1.09479465279322e+24	76.0764294888134	19.7455985362697	3.9244831336252e-07	7.45787996653351e-07
"hsa-miR-29a-5p"	213.324429335805	1.64835988926417e+64	212.143891205897	19.7435015107146	3.92720320218109e-07	7.45787996653351e-07
"hsa-miR-944"	105.95768155349	7.87844338715268e+31	105.994681980093	19.7426791045156	3.92827054299809e-07	7.45787996653351e-07
"hsa-miR-216b-5p"	102.124846956671	5.52894457733508e+30	99.2724626328582	19.5474841856853	4.19129380740469e-07	7.93758605007258e-07
"hsa-miR-363-5p"	156.825248194175	1.61846675845838e+47	155.074591944996	19.4840894194867	4.28102912663538e-07	8.08755995105748e-07
"hsa-miR-24-3p"	4650.27085313945	Inf	4986.62409324739	19.4290512646145	4.36072891170971e-07	8.21788470585097e-07
"hsa-miR-17-5p"	727.682026312735	1.13270606437815e+219	720.695428394186	19.4187647557009	4.37581295829575e-07	8.22609936032558e-07
"hsa-miR-550a-3p&hsa-miR-550a-5p"	1351.52369794507	Inf	1346.69745050678	19.2565734535902	4.62175393548915e-07	8.6672011455261e-07
"hsa-miR-885-5p"	1259.70966046163	Inf	1268.46482720999	19.2471831509074	4.63647240161137e-07	8.67359593179492e-07
"kshv-miR-K12-10b"	160.493110822155	2.05702919168404e+48	159.684373386959	19.1257859259713	4.83168199421927e-07	9.01678853909047e-07
"hsa-miR-30c-5p"	6145.32147255992	Inf	5993.86262436343	19.0161712652722	5.01609198544883e-07	9.33821007970692e-07
"hsa-miR-376b-3p"	148.851578273618	6.43857801440493e+44	150.759982205512	18.9609037767625	5.11212916121079e-07	9.49395415653432e-07
"hsa-miR-93-5p"	466.720054381508	3.13859982906406e+140	492.903228215416	18.8123993974253	5.38082129890182e-07	9.96881627115386e-07
"hsa-miR-146a-5p"	219.332674036638	1.06099640950821e+66	214.814304665248	18.8041371873093	5.39624025870093e-07	9.97329223716533e-07
"hsa-miR-99b-5p"	1852.75866384579	Inf	1814.28557321757	18.6730580982449	5.64777912807432e-07	1.03939465319374e-06
"hsa-miR-409-5p"	169.490853756188	1.05155252683125e+51	176.855272392041	18.6714507313905	5.65094615882387e-07	1.03939465319374e-06
"hsa-miR-581"	102.881648725499	9.34248199925905e+30	105.84088790137	18.6369661181362	5.71938573366912e-07	1.04946623390531e-06
"hsa-miR-662"	117.440155221402	2.25428809274539e+35	117.011298065115	18.6207945906654	5.75180797614012e-07	1.05289659133639e-06
"hsa-miR-433-3p"	251.446958275986	4.93260977847598e+75	259.075023710068	18.4954305810445	6.01043698290859e-07	1.09762027759307e-06
"kshv-miR-K12-5-3p"	169.379579634065	9.73495891112627e+50	166.848405610202	18.4784431904211	6.04649966881172e-07	1.09990142596047e-06
"hsa-miR-508-5p"	85.0436974681252	3.98752923431121e+25	89.565749055996	18.4760458961695	6.05160888859606e-07	1.09990142596047e-06
"hsa-miR-493-5p&hsa-miR-493-3p"	113.06511869022	1.08640608405463e+34	109.312315327681	18.4101932775305	6.19391478016597e-07	1.12310464217194e-06
"hsa-miR-610"	127.050768826055	1.76235091691639e+38	129.720653957965	18.3744019694519	6.27286908311171e-07	1.13473834593082e-06
"hsa-let-7e"	8647.58959921759	Inf	8575.0168479366	18.3255120702485	6.38259341127816e-07	1.15187038740008e-06
"hsa-miR-339-3p"	135.951598209848	8.4238188622019e+40	139.419826241732	18.135968024521	6.8293436394526e-07	1.22960248156341e-06
"hsa-miR-877-5p"	265.656576564174	9.34540422884154e+79	280.606718395111	18.0913474975113	6.93967008684711e-07	1.24654027086926e-06
"hsa-miR-619-3p"	87.1881764904214	1.76301655682956e+26	84.6867938846941	18.0523385348385	7.03780099128387e-07	1.26121340194269e-06
"hsa-miR-181a-2-3p"	137.615268981978	2.66884790784093e+41	140.987575376332	18.0330007109091	7.08703737421293e-07	1.26707637902595e-06
"hsa-miR-340-3p"	248.038823526799	4.64650031332107e+74	237.189977910537	17.9943882042598	7.18653759580071e-07	1.28187775255329e-06
"hsa-miR-876-3p"	181.030540548827	3.13056579998316e+54	176.278254372334	17.9690733875266	7.25264171549718e-07	1.2906673308089e-06
"hsa-miR-631"	88.5438746381042	4.51192839158297e+26	90.0082281550334	17.9468990020718	7.31111945233628e-07	1.29806218054211e-06
"hsa-miR-423-3p"	484.63881386461	7.77714213625023e+145	502.096724868419	17.8725543532108	7.51116729765517e-07	1.3305000732798e-06
"hsa-miR-376a-3p"	280.930643452389	3.70297159248251e+84	281.086664106643	17.8340483896879	7.617246567296e-07	1.34618159380554e-06
"kshv-miR-K12-1-5p"	139.117423567138	7.5599237152852e+41	138.923158120737	17.7902707945211	7.73994432162878e-07	1.36472121716995e-06
"hsa-miR-525-5p"	361.096300408714	5.02131823362152e+108	383.946568285233	17.6426275200804	8.17080552141953e-07	1.43738711810293e-06
"hsa-miR-18b-5p"	175.180034029656	5.42556391972839e+52	183.862816017752	17.6334535203819	8.19847370390682e-07	1.43895408029669e-06
"hcmv-miR-US25-1-3p"	97.1003652495892	1.69872285552221e+29	107.486418668835	17.61212799746	8.2632067798276e-07	1.44700447491502e-06
"hsa-miR-657"	141.346866367648	3.54524758430071e+42	144.708287687743	17.5981547634971	8.30594041487755e-07	1.45117455540116e-06
"hsa-miR-25-5p"	280.380246636372	2.52850856572752e+84	275.856886305402	17.2726561886706	9.37698364841652e-07	1.63457874053079e-06
"hsa-miR-140-3p"	1124.95089103775	Inf	1125.59296045959	17.2574964132343	9.43060659213883e-07	1.64019847078696e-06
"hsa-let-7g"	236.69035873927	1.78195882597757e+71	231.522070862414	17.2143637867396	9.58511095075737e-07	1.66111730614633e-06
"hsa-miR-633"	89.7630510705639	1.05043908944534e+27	85.4720230990462	17.2118519419992	9.59419773954137e-07	1.66111730614633e-06
"hsa-miR-140-5p"	373.61899382975	2.95477280039031e+112	373.686654501986	17.0331186288817	1.02669185429156e-06	1.77003398804639e-06
"hsa-miR-488-5p&hsa-miR-488-3p"	961.678830029888	3.12013966151154e+289	953.637062219761	17.032477315539	1.0269427961938e-06	1.77003398804639e-06
"hsa-miR-337-5p"	183.532920832131	1.77383966631993e+55	181.978447960123	16.9794353181325	1.04794366878793e-06	1.80218115237744e-06
"hsa-miR-335-3p"	126.287176112662	1.03807343575351e+38	119.323769334544	16.9479407997727	1.06064641473841e-06	1.819945861531e-06
"hsa-miR-585-3p"	131.625502825343	4.19976069549926e+39	139.532239704584	16.9248423071188	1.07007517900391e-06	1.82926022727902e-06
"hsa-miR-214-3p"	387.452432059992	4.31324316733491e+116	379.955238675333	16.9229675983542	1.07084464413074e-06	1.82926022727902e-06
"hsa-miR-889-3p"	151.796667864594	4.95849944644257e+45	151.204089280869	16.8590195696515	1.09747614671828e-06	1.87058712118427e-06
"hsa-miR-28-5p"	721.780242551087	1.89453784675743e+217	759.888568320329	16.8498486701913	1.10135741320164e-06	1.87304021269548e-06
"ebv-miR-BART19-3p"	269.497063840438	1.33875146577871e+81	290.662728045635	16.8128184000765	1.1171902858664e-06	1.89576316207861e-06
"hsa-miR-623"	166.100823480915	1.00306753004971e+50	172.500004876899	16.8007259557834	1.12241707649758e-06	1.90042803018464e-06
"hsa-let-7b"	5108.4635481717	Inf	5370.45496930828	16.7846482456859	1.12940997359693e-06	1.90457569104405e-06
"hsa-miR-432-3p"	97.0041373043945	1.58911392077894e+29	100.499251140584	16.7836792279105	1.12983303706003e-06	1.90457569104405e-06
"ebv-miR-BART7-5p"	146.988151902453	1.76946806852975e+44	141.49182525634	16.7340502672547	1.15174579000576e-06	1.93725662485618e-06
"hsa-miR-551b-3p"	3552.81740835082	Inf	3077.51241314509	16.7045536303249	1.16500050286758e-06	1.95379301887108e-06
"hsa-miR-142-3p"	417.983608769573	6.69273971781546e+125	408.695190282333	16.7008619370575	1.1666717113989e-06	1.95379301887108e-06
"hcmv-miR-UL148D"	273.758115996988	2.56687353039904e+82	333.094739239076	16.6381598680139	1.19548116418002e-06	1.9976776752202e-06
"hsa-miR-520a-5p"	143.835875741178	1.99027482979252e+43	145.719346042175	16.5227976461886	1.25064654597872e-06	2.08531717557756e-06
"hsa-miR-15b-5p"	531.420356859909	9.40735907733852e+159	527.419351384345	16.4535156456996	1.28517946620255e-06	2.13824869973396e-06
"hsa-let-7b-3p"	228.998883063717	8.62050634264735e+68	240.738040291994	16.4321384132564	1.29605477002019e-06	2.15167534330192e-06
"hsa-miR-574-3p"	469.003218527189	1.52769564164803e+141	453.436259022535	16.4110142036059	1.30690523724125e-06	2.16500284441477e-06
"hsa-miR-212-3p"	330.8349809371	3.90169104618554e+99	313.762517209981	16.3858020617518	1.31999221798351e-06	2.18196989481325e-06
"hsa-miR-938"	181.992971654394	6.10019148878663e+54	176.108489440332	16.3499179804911	1.3388789788015e-06	2.20843048761451e-06
"hsa-miR-30a-5p"	5295.50210984455	Inf	5262.94877595983	16.3054139311151	1.36273508284723e-06	2.24295667069491e-06
"hsa-miR-221-5p"	249.868613899874	1.65176309617914e+75	241.50771768871	16.2840064367684	1.37438397305422e-06	2.25728588293916e-06
"hsa-let-7i"	2288.3885804308	Inf	2287.49552128942	16.2724201843747	1.38073627860002e-06	2.26287334548337e-06
"hsa-miR-100-5p"	2787.0564269473	Inf	2845.29851450305	16.2657977213228	1.38438225747389e-06	2.26401106925901e-06
"hsa-miR-769-5p"	709.284071692739	3.27929907255818e+213	687.976088360432	16.2113241202834	1.41479544454579e-06	2.3088257573758e-06
"hsa-miR-181a-3p"	226.619392722877	1.65666542587963e+68	224.505558457235	16.1269027544084	1.46345670355439e-06	2.38316622425948e-06
"hsa-miR-17-3p"	143.247495677067	1.32371046567784e+43	140.811035550018	16.1203356009408	1.46732191048884e-06	2.38439810454437e-06
"hsa-miR-412-3p"	124.26226440672	2.55075599212603e+37	124.032510734919	16.0842411140669	1.48877623146153e-06	2.4141466586279e-06
"ebv-miR-BART7-3p"	84.2428969174841	2.28896363891644e+25	89.7357591019883	16.0614794363357	1.50249068260203e-06	2.43124547163662e-06
"hsa-miR-25-3p"	168.022228660365	3.79953776151962e+50	178.874543312754	16.0419581095336	1.5143683321628e-06	2.44115431553953e-06
"hsa-miR-132-3p"	889.686731529833	6.64343874081619e+267	850.504339302014	16.0409580124805	1.51497973167773e-06	2.44115431553953e-06
"hsa-miR-125b-1-3p"	225.894889202297	1.00262266305779e+68	242.518103741219	16.017002090728	1.52970995589076e-06	2.45972229804657e-06
"hsa-miR-496"	87.79775098959	2.690026756163e+26	86.9472250050028	16.0039150710432	1.53782640488592e-06	2.467600109932e-06
"hsa-miR-320a-3p"	1406.61176545275	Inf	1405.97517452847	15.9900218010012	1.54649701488041e-06	2.47633238082103e-06
"hsa-miR-296-5p"	159.918577061715	1.38130174188727e+48	159.11712738516	15.9617893694456	1.56428992559431e-06	2.49692369488801e-06
"hsa-miR-103a-3p"	2274.72183197727	Inf	2195.96219001473	15.9593041510348	1.56586740187892e-06	2.49692369488801e-06
"hsa-miR-374b-5p"	361.611604869564	7.17694876566224e+108	375.979209012544	15.9017947823649	1.60288602564781e-06	2.55065058438147e-06
"ebv-miR-BART18-3p"	152.937319360295	1.09325276368225e+46	147.473628813239	15.8345427019285	1.64745657350793e-06	2.6161473951979e-06
"hsa-miR-424-5p"	690.549487745957	7.51812084015201e+207	656.993008780823	15.8223438820172	1.65569272182673e-06	2.62379404471301e-06
"hsa-miR-526b-3p"	105.968168833714	7.93592225449042e+31	112.695303652112	15.804103667691	1.66809607721202e-06	2.63799936334354e-06
"hsa-miR-504-5p"	199.123470833834	8.75260968077985e+59	196.093700723689	15.7880950970467	1.67906983050967e-06	2.64989004115415e-06
"hsa-miR-607"	83.4801463437345	1.3490501416625e+25	78.0027889864855	15.7400345033267	1.71251600342081e-06	2.69712479388863e-06
"hsa-miR-129-5p"	1380.17382521431	Inf	1410.44345191287	15.6636496283509	1.7672592309637e-06	2.77763899620728e-06
"hsa-miR-187-3p"	101.050728118178	2.62603341065964e+30	105.839151653018	15.533792198239	1.86500019787597e-06	2.92240903752646e-06
"hsa-miR-101-3p"	2555.50285809109	Inf	2657.09079299303	15.5312317455828	1.86698882449539e-06	2.92240903752646e-06
"hsa-miR-520d-5p"	2680.04925740873	Inf	2691.1912379988	15.3956964540061	1.97581320817718e-06	3.086453626623e-06
"hsa-miR-141-5p"	117.802154211311	2.89722331481098e+35	123.058426619827	15.3684912606715	1.99852404988747e-06	3.11558525663351e-06
"hsa-miR-491-3p"	1774.97563747753	Inf	2055.6444852107	15.3296151896594	2.0314994974844e-06	3.16056818371306e-06
"hsa-miR-519a-3p"	121.604174113475	4.04114102202161e+36	121.052412365251	15.3215727491356	2.03839893118343e-06	3.16488255104796e-06
"hsa-miR-410-3p"	345.851017141187	1.29279656766908e+104	344.036498234838	15.3125252402975	2.04619274562665e-06	3.1705653250417e-06
"hsa-miR-106b-5p"	1516.96272547042	Inf	1569.95382420753	15.2536369500609	2.0977645789843e-06	3.24392224209871e-06
"hsa-miR-22-5p"	399.238692494752	1.52342777935203e+120	392.390273576719	15.187022030636	2.15790985159006e-06	3.33021500235327e-06
"hsa-miR-933"	5984.1571427379	Inf	5894.55868716769	15.1784343183089	2.16580655012976e-06	3.33569000793078e-06
"hsa-miR-383-5p"	220.790360033903	2.91421187571168e+66	234.675941487599	15.1661740743343	2.17713778717692e-06	3.34642220994929e-06
"hsa-miR-9-3p"	13741.1646290784	Inf	13048.2033696894	15.1426067025602	2.19911093218855e-06	3.37343616997724e-06
"hsa-miR-363-3p"	335.901168604705	1.30715572277494e+101	319.424072046486	15.0957957608645	2.24351421982205e-06	3.43468145030641e-06
"hsa-miR-648"	72.9447721812687	9.0900119349012e+21	79.4804065389813	15.0307996983563	2.30688364403546e-06	3.51861352271953e-06
"hsa-miR-578"	112.819770263437	9.16505241869739e+33	108.819580281506	15.0301643254422	2.30751317070134e-06	3.51861352271953e-06
"hsa-miR-150-5p"	210.076971145128	1.73568021478005e+63	213.854203733989	14.8509745856085	2.49318676866138e-06	3.79419494357794e-06
"hsa-miR-340-3p&hsa-miR-340-5p"	1185.4566909512	Inf	1197.02617096462	14.8384811263878	2.50675875707083e-06	3.80729498351154e-06
"hsa-miR-425-3p&hsa-miR-425-5p"	325.163908928901	7.65755447389761e+97	326.802002452519	14.8066172814631	2.54175872561499e-06	3.85282399712787e-06
"hsa-miR-654-3p"	265.850695146945	1.06913760993725e+80	264.677076762258	14.7829484343771	2.56812013085759e-06	3.88372041851074e-06
"hsa-miR-211-5p"	111.390676520024	3.40357143276199e+33	111.458286928569	14.7792491272718	2.57226854315966e-06	3.88372041851074e-06
"hsa-miR-30e-3p"	594.535314460278	9.3964354369393e+178	563.526405766854	14.7499730318756	2.60537131706362e-06	3.92597210253005e-06
"hsa-miR-221-3p"	834.525271222244	1.64868914108982e+251	824.70593990969	14.7202955235952	2.63942767368364e-06	3.969492207285e-06
"hsa-miR-296-3p"	146.502891979919	1.26405199229169e+44	153.841944802719	14.6766028859785	2.69050056136674e-06	4.03838342576965e-06
"hsa-miR-548d-5p"	132.315114005568	6.77357892271393e+39	128.018806327408	14.6372897286491	2.73742492940996e-06	4.10079086104968e-06
"hsa-miR-643"	118.231444654615	3.90131728341462e+35	110.817617700938	14.6274124434566	2.74936159581512e-06	4.10387104469885e-06
"hsa-miR-193a-3p"	224.71740069066	4.43280018758766e+67	236.568587948376	14.6267352548561	2.75018216033274e-06	4.10387104469885e-06
"hsa-miR-142-5p"	278.566256275523	7.19115945422465e+83	285.448861777975	14.572154708673	2.81725186087719e-06	4.19579063552001e-06
"hsa-miR-924"	91.1535034419612	2.75384026660394e+27	87.8450842125475	14.4902910937411	2.92139563986868e-06	4.34246212360326e-06
"hsa-miR-518a-3p"	172.576862245979	8.92919060449284e+51	170.581762724135	14.4816564622972	2.93263546260851e-06	4.35073771725479e-06
"hsa-let-7a-3p"	144.113186905405	2.41208178599026e+43	135.410531285465	14.4285266279495	3.00289675807845e-06	4.44637415723199e-06
"hsa-miR-494-3p"	1304.0673741811	Inf	1344.13192056106	14.3752035802963	3.0753615154708e-06	4.5448984245975e-06
"hsa-miR-299-5p"	240.246786685291	2.09647242344171e+72	238.305927217344	14.3558136044808	3.102207712258e-06	4.57575637558055e-06
"hsa-miR-18a-5p"	175.721364184521	7.89589743815412e+52	189.304959326948	14.3125000573196	3.16315350383956e-06	4.6566962330997e-06
"hsa-miR-23b-3p"	6477.96606002556	Inf	6596.75918095594	14.2203966971651	3.29737185896914e-06	4.84498891921328e-06
"hsa-miR-654-5p"	101.836655799362	4.5278085342121e+30	103.407987190526	14.1964052601908	3.33339799543773e-06	4.88855881931307e-06
"hsa-miR-151a-5p"	976.041037289097	6.57096604490994e+293	1010.90683419535	14.1619496275337	3.38592988674272e-06	4.95612256322838e-06
"hsa-miR-19a-3p"	518.400753608251	1.13286096064621e+156	566.326625579478	14.1134510979302	3.46148856084703e-06	5.0570699546089e-06
"hsa-miR-374b-3p"	490.375480699842	4.14695028371761e+147	469.018815117831	14.0291765543426	3.59743136237207e-06	5.24568413486573e-06
"hsa-miR-519e-5p"	422.271255196239	1.30711596989145e+127	432.052086483004	14.0197438645563	3.61302463628701e-06	5.25842485015586e-06
"hsa-miR-181c-3p"	95.3148202355612	4.92742386075591e+28	93.5129176993108	13.9843553209256	3.6722205564956e-06	5.33105006015225e-06
"hsa-miR-32-5p"	200.254628551218	1.91712294239722e+60	207.820391634877	13.9807770663124	3.6782677162335e-06	5.33105006015225e-06
"hsa-miR-653-5p"	100.987465793876	2.51336978634636e+30	98.7450145959911	13.9775232816009	3.68377644312998e-06	5.33105006015225e-06
"hsa-miR-497-5p"	205.548022170907	7.5183098957821e+61	204.270268527592	13.9567372369221	3.7191917131179e-06	5.37216580783697e-06
"hsa-miR-27b-3p"	2169.91007031373	Inf	2224.4399857061	13.9206678064383	3.78157738260235e-06	5.45201100085714e-06
"hsa-miR-23a-3p"	2136.23670259481	Inf	2099.83762113611	13.9095304533393	3.80108235654697e-06	5.46985022039686e-06
"hsa-miR-361-5p"	1379.04429273196	Inf	1341.38795073302	13.8667727053661	3.87704351869776e-06	5.5687123199273e-06
"hsa-miR-193b-5p"	236.00750686486	1.11004035640243e+71	238.069545094404	13.8531322693767	3.90164149505318e-06	5.59356827421643e-06
"hsa-miR-301a-3p"	734.052567440003	9.37219235751088e+220	719.41123077055	13.8480931939685	3.91077374694224e-06	5.59620049235951e-06
"hsa-miR-936"	120.299293906957	1.63567088462207e+36	124.964870485274	13.8310800819318	3.94178792716842e-06	5.63007698349754e-06
"hsa-miR-29b-1-5p"	158.051314164926	3.78605063318574e+47	151.379837117103	13.7303908684007	4.13121792197942e-06	5.88967313412307e-06
"hsa-miR-608"	97.060081316101	1.65194604201543e+29	92.4804189682832	13.6222849368018	4.34631840444692e-06	6.18483528053949e-06
"hsa-miR-598-3p"	304.266001020164	3.91915976403539e+91	299.044857835964	13.5348866193933	4.52963303986011e-06	6.43375655846797e-06
"hsa-miR-647"	164.629647463396	3.61794584672076e+49	153.267899207349	13.5220009903463	4.55740293904886e-06	6.46123485074025e-06
"hsa-miR-127-5p"	306.851914369203	2.35304618804813e+92	306.140533538661	13.4914993037051	4.62391851511613e-06	6.54344188393739e-06
"hsa-miR-132-5p"	485.031130406795	1.02074928233646e+146	469.488013185243	13.3870878888014	4.8601824129408e-06	6.86511954093111e-06
"hsa-miR-369-3p"	220.428356953775	2.26750022075493e+66	220.446819462673	13.3814239170912	4.87338943520224e-06	6.87112076617669e-06
"hsa-miR-486-5p"	224.82114949235	4.76331888613662e+67	224.836636858509	13.3406649241168	4.96965199732272e-06	6.9939873063239e-06
"hsa-miR-622"	169.692961941716	1.20968305595539e+51	178.196306130725	13.2896529288259	5.09321556109164e-06	7.15475519296206e-06
"hsa-miR-597-5p"	95.7149286149222	6.50226321418603e+28	89.9138598437593	13.2715348204449	5.13794669083489e-06	7.20439691383978e-06
"hsa-miR-376a-5p"	543.099661770579	3.08523910895219e+163	510.99256302508	13.1939189975197	5.33473560184399e-06	7.46668285878529e-06
"hsa-miR-223-3p"	372.400683996704	1.2699197831195e+112	379.562534022722	13.1804127344355	5.36985504087421e-06	7.50214720646725e-06
"hsa-miR-339-5p"	228.493257369752	6.07189531423724e+68	244.225850491999	13.0842421729133	5.62772295398e-06	7.84584007174212e-06
"hsa-miR-324-5p"	256.139671664926	1.27562860870994e+77	255.900542321829	13.0810455428378	5.63653485129883e-06	7.84584007174212e-06
"hsa-miR-138-5p"	4452.37788879634	Inf	4784.13649118359	13.077419424928	5.64654982998911e-06	7.84584007174212e-06
"hsa-miR-934"	531.960741239575	1.36816863081461e+160	502.599533273175	12.9641422554839	5.96992300699346e-06	8.28016445997103e-06
"hsa-miR-331-3p"	1053.27536748526	Inf	1037.65665768696	12.9604081222133	5.980938698852e-06	8.28046928162362e-06
"hsa-miR-432-5p"	354.131898518317	4.02090558412097e+106	355.963617157562	12.9490154879357	6.01469116284822e-06	8.3121948142425e-06
"hsa-let-7a-5p"	9717.32387716094	Inf	9673.5884432176	12.934229408003	6.05882318953838e-06	8.35812479564017e-06
"hsa-miR-376c-3p"	660.066588206896	5.010051450531e+198	633.194947634444	12.9018150389576	6.15687490497799e-06	8.47813833414385e-06
"hsa-miR-520d-3p"	116.977044766953	1.63530693679363e+35	108.459738899021	12.8020516076215	6.47025696956131e-06	8.89370447249736e-06
"hsa-miR-454-3p"	97.2050046682392	1.82651033441337e+29	95.6345917185367	12.7943326396949	6.49525636576226e-06	8.91209594372031e-06
"hsa-miR-30d-3p"	111.217147525288	3.017848524115e+33	107.181004168928	12.7647104012393	6.59222646682482e-06	9.02899589295471e-06
"hsa-miR-20a-5p"	1480.90407553434	Inf	1375.55052436848	12.7554784873058	6.62278591113764e-06	9.05468234196537e-06
"hsa-miR-154-3p"	217.771442795026	3.59531113935165e+65	213.003513323792	12.7511462034829	6.63718254941799e-06	9.0582188886185e-06
"hsa-miR-513a-3p"	105.608325914927	6.18406281421773e+31	101.590322262807	12.7162599519026	6.75442915497667e-06	9.20185996779237e-06
"hsa-miR-196a-3p"	184.979854516585	4.83598341803714e+55	196.678665907072	12.7024570779838	6.80147201317936e-06	9.24951956402228e-06
"ebv-miR-BART18-5p"	111.1937346821	2.96926848765384e+33	106.307998134806	12.6866242531291	6.85589621874145e-06	9.3070307960614e-06
"hsa-miR-9-5p"	7288.85370023572	Inf	6595.2377915325	12.6800923252219	6.87849449952867e-06	9.32121074406094e-06
"hsa-miR-19b-3p"	563.930213535227	5.7532034908666e+169	616.39894546932	12.6713760125746	6.90878305532409e-06	9.34574356866592e-06
"hsa-miR-92a-2-5p"	96.7763838273919	1.35704548341772e+29	102.743337104149	12.6672071992992	6.92332337378819e-06	9.34892434453441e-06
"hsa-miR-575"	118.608634135295	5.06706668043983e+35	112.431433497063	12.6076838479706	7.13480498323808e-06	9.60477092361329e-06
"hsa-miR-891a-5p"	303.618675583034	2.50223787950378e+91	291.309120898474	12.6068457745714	7.13783497582734e-06	9.60477092361329e-06
"hsa-miR-133a-3p"	240.228909688133	2.07065450594577e+72	236.165751075253	12.4711716251736	7.64837598565836e-06	1.02737379702276e-05
"hsa-miR-514a-3p"	233.322226023185	1.72579294022468e+70	235.336430866598	12.4516263830166	7.72531820650344e-06	1.0358949413266e-05
"hsa-miR-139-5p"	329.668566866404	1.73831010325501e+99	310.234138840407	12.4441622762982	7.75493522194642e-06	1.0375637661908e-05
"hsa-miR-136-3p"	443.627118598926	3.50808080441418e+133	444.607672370674	12.4416786720423	7.76481879782948e-06	1.0375637661908e-05
"hsa-miR-505-5p"	346.780132420917	2.461624235449e+104	351.122570468243	12.2549498871368	8.55097730105383e-06	1.14062601563622e-05
"hsa-miR-516a-5p"	384.554125576504	5.78531159478691e+115	383.562882741436	12.230768787367	8.65930210041779e-06	1.15307026232994e-05
"hsa-miR-509-3-5p"	148.690087463854	5.75673694191222e+44	155.010768656681	12.2262882586592	8.67954578392493e-06	1.15376284510753e-05
"hsa-miR-133b"	297.628700560618	3.93700928692597e+89	291.746793130057	12.2056112321875	8.77367257214931e-06	1.16425724270563e-05
"hsa-miR-218-5p"	457.566034437649	5.50936267919496e+137	447.410457010463	12.1945511752431	8.82450018459386e-06	1.16897955813186e-05
"hsa-miR-671-5p"	234.998784003197	5.51674524714196e+70	236.31302845179	12.1848916281829	8.86916760843194e-06	1.17287095787367e-05
"hsa-miR-516b-5p"	246.199264916155	1.29826590010549e+74	247.249604111638	12.1809008031689	8.88769741732672e-06	1.17329843702058e-05
"hsa-miR-92b-3p"	336.645337074738	2.18949702742546e+101	335.844184279453	12.1294902323263	9.1304098336533e-06	1.20326878735603e-05
"hsa-miR-614"	96.4119701403423	1.05413189322833e+29	100.091575248314	12.114050172428	9.20477908993965e-06	1.21098894716702e-05
"hsa-miR-365a-3p"	606.160666685428	2.96853971789399e+182	602.422812414644	12.0827002194022	9.35792485864125e-06	1.22902882989347e-05
"hsa-miR-155-5p"	179.180473171231	8.68354505138694e+53	194.986596120356	12.020804667329	9.66893434852847e-06	1.26646799089992e-05
"hsa-miR-668-3p"	220.632633121115	2.61240551416582e+66	226.06306284334	12.0194224359843	9.67601359409845e-06	1.26646799089992e-05
"hsa-miR-92a-3p"	112.594189717123	7.8384184135969e+33	124.164959898682	12.0067659729229	9.7411117184201e-06	1.27281647155506e-05
"hsa-miR-634"	1565.01359189743	Inf	1602.53413991317	11.9501605420356	1.00384647623248e-05	1.30943919603795e-05
"hsa-miR-524-5p"	278.066661416926	5.08634577508935e+83	268.60686313475	11.8996670382769	1.0312507473367e-05	1.34290207675254e-05
"hsa-miR-16-5p"	4070.09685825809	Inf	3814.70655263133	11.8659204630625	1.05004351482908e-05	1.3650565692778e-05
"hsa-miR-106a-3p"	96.7770191473441	1.35764321745672e+29	89.7372536275382	11.8320365259753	1.06930829277559e-05	1.38774866422822e-05
"hsa-miR-625-3p"	653.164478808871	4.18890222769038e+196	663.511403825778	11.8162321343255	1.07843207439546e-05	1.39722533963061e-05
"hsa-miR-204-5p"	441.145732024284	6.28199806737742e+132	399.036727070101	11.733887047988	1.12743553294538e-05	1.45825135542852e-05
"hsa-miR-302a-5p"	103.354892947654	1.29694923069561e+31	96.5149053866632	11.6568553113031	1.17559681304726e-05	1.51798443704924e-05
"hsa-miR-487b-3p"	1122.42534983856	Inf	1021.875946854	11.6150074577067	1.20274566066408e-05	1.54975024808369e-05
"hsa-miR-193b-3p"	401.582246680019	7.73218037847101e+120	408.111943103703	11.6127373625412	1.20423878469084e-05	1.54975024808369e-05
"hsa-miR-191-5p"	2348.71937759713	Inf	2333.22404965428	11.5890467047802	1.219948252013e-05	1.56733720149745e-05
"hsa-miR-411-3p"	264.421570171042	3.9703072980806e+79	254.62038875643	11.5783353244336	1.2271279635186e-05	1.5739249966869e-05
"hsv1-miR-H1-5p"	191.248651845677	3.72890085043039e+57	194.918134494718	11.5209630994032	1.26641695802983e-05	1.62160568749396e-05
"hsa-miR-154-5p"	651.669271789118	1.48592900812169e+196	642.179696797219	11.4726040315255	1.30065458190544e-05	1.66267010720246e-05
"hsa-miR-203a-3p"	161.938136607822	5.60062585394074e+48	160.214736271371	11.4543783038405	1.31383211108201e-05	1.67672084725441e-05
"hsa-miR-553"	169.933784546821	1.42944162760723e+51	170.865546497529	11.4250671466728	1.33534635940483e-05	1.70134660741446e-05
"hsa-miR-487a-3p"	345.214583695383	8.31657738535022e+103	337.887175180846	11.4153664103386	1.34255523962798e-05	1.70769464145051e-05
"hsa-miR-181a-5p"	1878.05765277682	Inf	2120.9604660502	11.3574919505265	1.38650019157222e-05	1.76067160088725e-05
"hsa-miR-582-5p"	282.072169335583	8.16928245236567e+84	265.819246852307	11.3524331754808	1.39041899528032e-05	1.7627295361653e-05
"hsa-miR-374a-5p"	1418.15365371094	Inf	1403.9778348112	11.3305221247012	1.40753947581821e-05	1.78148973259499e-05
"hsa-miR-519d-3p"	3987.21205664815	Inf	3413.29971308644	11.2639122633217	1.4610859505319e-05	1.84621569037556e-05
"hsa-miR-29c-5p"	317.588806148417	4.01566002927023e+95	321.240154715506	11.1664832190086	1.54366020844683e-05	1.94734766427421e-05
"hsa-miR-323a-3p"	230.979094454612	3.40122844226305e+69	224.500775411461	11.0812352477062	1.620312528127e-05	2.04068917746044e-05
"hsa-miR-329-3p"	597.066427903409	5.4313051398515e+179	559.867809394251	11.0680052359477	1.63259470300716e-05	2.05278711017457e-05
"hsa-miR-200b-5p"	319.431349664922	1.44018341250274e+96	325.597102796287	11.0627847074361	1.63747049540611e-05	2.05554806870129e-05
"hsa-miR-766-3p"	373.83652791134	3.43564574126894e+112	389.373213746939	11.0486404695876	1.65076464418252e-05	2.06885046092809e-05
"hsa-miR-498-5p"	377.912288081099	5.79341237159742e+113	387.88545443595	11.0208265327946	1.67726865872119e-05	2.09863794655652e-05
"hsa-miR-31-5p"	247.826749541982	4.01130181509289e+74	252.388118895128	11.0024099079821	1.6950857845276e-05	2.11747686764279e-05
"hsa-miR-7-5p"	3334.11749736149	Inf	3248.50842289733	10.9957968572774	1.70153631903094e-05	2.12207862877517e-05
"hsa-miR-146b-5p"	1009.8608018649	9.96306139623326e+303	968.443745414832	10.9651068265259	1.73184204312958e-05	2.153589819464e-05
"hsa-miR-302b-3p"	116.029406622027	8.47874887254511e+34	108.752665163226	10.9645291191158	1.73241840757404e-05	2.153589819464e-05
"hsa-miR-24-2-5p"	107.809938848103	2.84462762956106e+32	112.116154677584	10.8443862429208	1.85719366608769e-05	2.30496366001498e-05
"hsa-miR-920"	325.642752800019	1.06717701651246e+98	323.457092469695	10.8082903469068	1.89666713284616e-05	2.35015135847012e-05
"hsa-miR-127-3p"	403.977659655285	4.06811418548073e+121	409.462560676451	10.7827603912978	1.92516548507096e-05	2.38161601137005e-05
"hsa-miR-625-5p"	589.911272427121	3.81055102033994e+177	620.433236008175	10.77993695906	1.92834716567078e-05	2.38171058948387e-05
"hsa-miR-379-3p"	197.82714220845	3.56372153332448e+59	193.395221046196	10.7629971464971	1.94756311094033e-05	2.40157701943928e-05
"hsa-miR-184"	466.97758172627	3.75197038916426e+140	491.005289892219	10.7572109575337	1.95417686773707e-05	2.40586461886731e-05
"hsa-miR-342-3p"	1876.92520807934	Inf	1831.08747535783	10.7484956201481	1.9641872487449e-05	2.4120902069573e-05
"hsa-miR-30e-5p"	1289.38691959241	Inf	1284.57302218956	10.7473362473655	1.96552331075399e-05	2.4120902069573e-05
"hsa-miR-190a-5p"	430.607767265739	4.22526850905348e+129	414.41873756621	10.7127606106526	2.00585001440475e-05	2.4576469026333e-05
"hsa-miR-145-5p"	435.566449447193	1.313912330933e+131	429.631695399954	10.6799201924272	2.04503111082301e-05	2.50165687719498e-05
"hsa-miR-149-5p"	636.538372094933	4.14136388314761e+191	614.551215846928	10.600763247024	2.14312099674938e-05	2.61747421099805e-05
"hsa-miR-141-3p"	118.669257208148	5.28452531657766e+35	110.303250640667	10.5674394388219	2.18601625114436e-05	2.66561918064822e-05
"ebv-miR-BART2-3p"	2061.11536995588	Inf	1925.35444965301	10.5102387388445	2.2619555857557e-05	2.75384116551527e-05
"hsa-miR-377-3p"	977.011423721718	1.28749231849099e+294	948.648444085863	10.4936433008377	2.284548874908e-05	2.776939757614e-05
"hsa-miR-130a-3p"	1347.81824015503	Inf	1287.04278035601	10.4882700044554	2.29191936945389e-05	2.78149075375179e-05
"hsa-miR-99a-5p"	956.674111447563	9.71859805726494e+287	924.969216175272	10.4695070962861	2.31787026721035e-05	2.80854106627226e-05
"hsa-miR-34a-5p"	1295.21119416555	Inf	1236.54783680127	10.461126750146	2.32956948614887e-05	2.81826466226527e-05
"hsa-miR-302d-5p"	1927.56751651751	Inf	1935.00722644218	10.3876295076867	2.43511711829504e-05	2.93883340438147e-05
"kshv-miR-K12-3-5p"	209.813843050383	1.4463062525095e+63	235.449613497375	10.3864232300616	2.4368944526553e-05	2.93883340438147e-05
"hsa-let-7f-5p"	384.322871904839	4.92847392387551e+115	339.072353749045	10.3772633562278	2.45043912946234e-05	2.95052874771996e-05
"hsa-miR-198"	269.103372756431	1.01903038553909e+81	269.853432614855	10.2415838856455	2.6614931250063e-05	3.19963201705303e-05
"hsa-miR-331-5p"	123.188790192566	1.21205123249391e+37	112.729703516366	10.164099260705	2.79131093033742e-05	3.35044676614836e-05
"hsa-miR-129-2-3p"	5212.90295341705	Inf	4953.68559539004	10.1511317675607	2.81373620707429e-05	3.37208698566559e-05
"hsa-miR-107"	1664.59509926685	Inf	1669.75555163186	10.1438740251416	2.82637716800742e-05	3.38195208714772e-05
"hsa-miR-483-5p"	283.024810709405	1.58109345411438e+85	293.873032835389	10.0910813536927	2.92030493309111e-05	3.48890013034405e-05
"hsa-miR-515-5p"	106.416547454755	1.08286126506267e+32	99.5198286569825	10.0733004561126	2.95273951632216e-05	3.52216362211368e-05
"hsa-miR-510-5p"	359.816374302408	2.06786220757409e+108	359.635989646684	9.99054159821693	3.10922164228095e-05	3.70306366402094e-05
"hsa-miR-30d-5p"	1416.03529002308	Inf	1486.3046806792	9.9754183401102	3.13882974976596e-05	3.73253088072944e-05
"hsa-miR-708-5p"	985.885562877134	6.04124874719863e+296	900.603935180028	9.97113731046202	3.14726948918329e-05	3.73677352663094e-05
"hsa-miR-98-5p"	858.547292637694	2.80858634511386e+258	816.391178152183	9.88761096637679	3.3172367080817e-05	3.93248926599484e-05
"hsa-miR-513a-5p"	330.091598536336	2.33062540465534e+99	366.268369979069	9.8846733691207	3.32340252875087e-05	3.93371873387641e-05
"hsa-miR-509-5p"	537.031534397018	4.59833355419982e+161	506.954715656897	9.87654467851976	3.34053244557911e-05	3.94790198113895e-05
"hsa-miR-617"	356.852878579697	2.65106570465029e+107	330.386779936754	9.87107324774819	3.35211939528331e-05	3.9555008864343e-05
"hsa-miR-627-5p"	99.1814445003479	7.18769777632876e+29	106.301729157968	9.83658757146027	3.42621564479086e-05	4.03672411605927e-05
"hsa-miR-1-3p"	805.452421470916	2.91970479389225e+242	709.30571101982	9.81900639188736	3.46470955866704e-05	4.07581630597794e-05
"hsa-miR-26a-2-3p"	127.065450439227	1.78037708033998e+38	136.347976165706	9.67480995716867	3.7997581679967e-05	4.46311564296091e-05
"hsa-miR-495-3p"	394.124788318283	4.39929736458719e+118	367.209122100155	9.67200100407367	3.80664284415689e-05	4.46436553741335e-05
"hsa-miR-10a-3p"	98.756605945287	5.35427483172695e+29	106.986880559413	9.61788560294007	3.94209911633514e-05	4.61616797286878e-05
"ebv-miR-BART8-3p"	364.382705253697	4.89918887183924e+109	344.730393444764	9.55129597902032	4.11639618078363e-05	4.81292053454427e-05
"kshv-miR-K12-8-3p"	237.635129518031	3.43006230193796e+71	246.157000600049	9.54011405173945	4.14651931053215e-05	4.84076150864256e-05
"hsa-miR-136-5p"	551.898275659978	1.3738380132973e+166	558.40104411986	9.48425313535475	4.30082356773543e-05	5.01327002500467e-05
"hsa-miR-630"	346.13532690078	1.57440317206321e+104	354.60278315145	9.47275110839823	4.33340334404679e-05	5.04358173730484e-05
"hsa-miR-602"	166.404149144009	1.23777097717433e+50	189.99432796668	9.44541769689137	4.41196226486925e-05	5.1272349350829e-05
"hsa-miR-490-3p"	330.622981177874	3.3684847876793e+99	318.84882142857	9.39159075246614	4.57146649185441e-05	5.30456096709884e-05
"hsa-miR-491-5p"	377.180170839365	3.48774875463269e+113	374.6846041205	9.38255131606161	4.59889331671225e-05	5.32832503613036e-05
"hsa-miR-185-5p"	2361.23290059064	Inf	2413.9049042795	9.36853091080397	4.64180538689134e-05	5.36993172208999e-05
"hsa-miR-549a-3p"	809.863898862617	6.21335207131438e+243	794.87492867012	9.35185198992638	4.69345068620007e-05	5.42150101854737e-05
"hsa-miR-628-5p"	251.902993601603	6.76639071157679e+75	231.131775221927	9.31538376678215	4.80867313366017e-05	5.54624405040203e-05
"hsa-miR-369-5p"	165.923643354438	8.8714301928627e+49	169.516873474268	9.30587040167511	4.83925946796639e-05	5.56965107017369e-05
"hsa-miR-128-3p"	3781.65936755894	Inf	3722.0571442417	9.30455979332446	4.84349056558781e-05	5.56965107017369e-05
"hsa-miR-628-3p"	3418.15534807797	Inf	3516.51474000121	9.20536911107835	5.17631176840941e-05	5.94345977001499e-05
"ebv-miR-BART16"	408.716938685269	1.08657142647232e+123	419.750031612382	9.19424397012479	5.21524213902273e-05	5.97920884997076e-05
"hsa-miR-126-5p"	470.562933198595	4.50357853371757e+141	437.380722065986	9.18310915627952	5.25454116179248e-05	6.01527324044005e-05
"hsa-miR-642a-5p"	2709.98680601449	Inf	3391.23698829805	9.17569420089469	5.28089876323477e-05	6.03643718539653e-05
"hsa-miR-922"	228.748041197082	7.24472407942813e+68	196.937509590237	9.15691203701604	5.34834042374689e-05	6.10443021579445e-05
"hsa-miR-411-5p"	510.139859120812	3.6931723817381e+153	479.092404443157	9.14724332091536	5.38344090195552e-05	6.13536281099537e-05
"hsa-miR-640"	131.86972468233	4.97442227383627e+39	130.471003815153	9.09619543985241	5.57317349990791e-05	6.34217221725425e-05
"hsa-miR-30c-2-3p"	1708.13678505806	Inf	1657.62643513746	8.9747504864816	6.05601032036699e-05	6.88142209736516e-05
"hsa-miR-222-3p"	3271.72616904618	Inf	3227.91874580804	8.94453155681153	6.18345354740735e-05	7.01584152494295e-05
"hsa-miR-744-5p"	2101.61835109483	Inf	1960.6740822326	8.93713588111924	6.21510757984461e-05	7.04134049297019e-05
"hsa-miR-518b"	352.575421795981	1.36702889527734e+106	378.400478642453	8.87699121062859	6.47950515402674e-05	7.33005966539603e-05
"hsa-miR-143-3p"	3120.32512167683	Inf	2991.66201617424	8.84816892597666	6.61073813558166e-05	7.46750537553922e-05
"hsa-miR-557"	202.247783712042	7.63219492919339e+60	211.331831439937	8.83244550680276	6.68360564628456e-05	7.53871401573567e-05
"hsa-miR-181b-5p"	573.869329798697	5.64783318666962e+172	602.777919025296	8.80558639074844	6.81020787848471e-05	7.6702341303932e-05
"hsa-miR-379-5p"	751.1783515921	1.34034291384263e+226	709.615902741816	8.78501534359584	6.90902085106414e-05	7.77011582517038e-05
"hsa-miR-409-3p"	204.019194604364	2.60553713416883e+61	220.207130467968	8.62723026394761	7.72371024152016e-05	8.67362482466466e-05
"hsa-miR-29c-3p"	3266.30414919117	Inf	3158.02834395987	8.60258003773311	7.86062892811448e-05	8.81447717523948e-05
"hsa-miR-21-5p"	578.603079754486	1.50273565064267e+174	623.496619733879	8.59312451951084	7.91388148475706e-05	8.8612366405966e-05
"hsa-miR-576-3p"	1249.12854332239	Inf	1131.44247831305	8.52560362924739	8.30632579578953e-05	9.28710187371803e-05
"hsa-miR-144-3p"	529.06709896086	1.8410539116129e+159	491.292816115454	8.38668995040806	9.18551152230717e-05	0.000102551489630416
"hsa-miR-129-1-3p"	6485.1011843309	Inf	6049.17896329954	8.36615100601958	9.32429192693859e-05	0.000103949591685493
"hsa-miR-153-3p"	1175.52657069914	Inf	1035.21907656351	8.26133559468379	0.000100707861586674	0.000112108751577618
"hsa-miR-95-3p"	667.411484925592	8.14472477400069e+200	600.829709531973	8.06680121789395	0.000116439793915654	0.000129433799903343
"hsa-miR-33a-5p"	521.82909345656	1.21957844665068e+157	539.202845546781	8.04166434350451	0.000118669694140634	0.000131721643134395
"hsa-miR-101-5p"	118.588351913198	4.99632939128611e+35	131.021191126368	8.00022051807134	0.000122453119133344	0.000135724772218606
"hsa-miR-29b-3p"	4138.43439813162	Inf	4134.0722526543	7.93715585456267	0.000128476621410426	0.000142195625716878
"hsa-miR-23b-5p"	109.835650031025	1.158311191797e+33	100.609344681523	7.89017259309295	0.000133183520881985	0.000147192738496372
"hsa-miR-30b-5p"	3462.79644409466	Inf	3213.13999409568	7.805553132673	0.000142164294218997	0.000156892105994202
"hsa-miR-146b-3p"	659.453244229177	3.27496943343716e+198	614.776326794503	7.7784343489805	0.000145186690370352	0.000159997401600661
"hsa-miR-195-5p"	2275.80836375994	Inf	2219.7128807583	7.73711662783305	0.000149933068802476	0.00016499090928479
"hsa-let-7f-1-3p"	129.465214502386	9.39534993530015e+38	138.455275419651	7.71609311502936	0.000152415697530605	0.000167482578805121
"hsa-miR-431-5p"	123.287112149295	1.2975342659015e+37	111.071020545706	7.68924538925242	0.000155654316640587	0.000170796653595608
"hsa-miR-195-3p"	253.52958184808	2.08933906472852e+76	252.336683109943	7.64938490793034	0.000160607964327891	0.000175980440913561
"hsa-miR-876-5p"	321.816321154207	7.52256175442851e+96	291.566399559915	7.62204818226591	0.000164108800482206	0.000179559843038305
"hsa-miR-126-3p"	5614.41742829225	Inf	5225.60413031446	7.57835677375841	0.000169885646037831	0.000185525394085607
"hsa-miR-635"	253.348595794719	1.84300576435234e+76	227.7707511775	7.57717714965571	0.000170044787538698	0.000185525394085607
"hsa-miR-137-3p"	417.216442938875	3.93245723871754e+125	397.956840466209	7.53172325126047	0.000176307866657354	0.000192085417224702
"hsa-miR-187-5p"	443.261016732868	2.72183594479015e+133	477.496191205006	7.37332976338849	0.000200272603240926	0.000217885229341546
"hsa-miR-151a-3p"	431.31432716	6.89525028329955e+129	484.516171087361	7.36598573866471	0.000201470382620614	0.000218877880269137
"hsa-miR-362-5p"	144.361860796949	2.86582937387851e+43	131.872652357574	7.32053173169004	0.000209067216503442	0.000226809837423112
"hsa-miR-638"	380.158973452403	2.74950257025864e+114	389.18265094844	7.31709461006857	0.000209654768651722	0.000227125999372699
"hsa-miR-943"	446.427344571367	2.44355208516466e+134	518.691853289207	7.29596929887082	0.000213307423024152	0.00023075711348311
"hsa-miR-518f-5p"	129.986236311954	1.3482056827083e+39	118.021875843082	7.16283533902411	0.00023805958463025	0.000257171410438594
"hsa-miR-214-5p"	138.373093638057	4.51285913782153e+41	129.830604179552	7.14495380268592	0.000241625985582304	0.00026065700554378
"hsa-miR-300"	1709.5809914459	Inf	1757.91217350103	7.10071259486929	0.000250713148292226	0.000270080034747383
"hsa-miR-219a-1-3p"	128.771652617207	5.80938326070697e+38	114.9961528038	7.05204299353714	0.000261160601945504	0.000280939946272372
"hsa-miR-181c-5p"	196.747297865084	1.68592489331096e+59	181.049829166917	6.88259057256737	0.000301582454288691	0.000323968826945975
"hsa-miR-620"	4112.7688745221	Inf	4109.09148415078	6.80338275737371	0.000322876167962531	0.000346358071087078
"hsa-miR-450b-3p"	96.1389412208217	8.72378711133331e+28	105.042384920939	6.78616392052681	0.000327727473220762	0.000351071189888722
"hsa-miR-335-5p"	2521.75325205812	Inf	2312.28122989388	6.75537946394066	0.000336607984993186	0.000360081345174021
"ebv-miR-BART17-5p"	2168.21874653545	Inf	2168.03901648982	6.71500507241839	0.00034867095038384	0.000372466043098057
"hsa-miR-765"	2445.42388593778	Inf	2356.52459034316	6.69427971676346	0.000355052849018301	0.000378755959940246
"hsa-miR-675-5p"	245.922684083348	1.07177722285105e+74	260.392368348983	6.6711393783082	0.000362335154606726	0.00038598758831022
"ebv-miR-BART6-3p"	162.861666712589	1.06229912637798e+49	191.61851790542	6.61343758145485	0.000381242006426563	0.000405565352190255
"hsa-miR-523-3p"	108.66949831426	5.16153178802096e+32	118.443540655952	6.58273501227035	0.000391755728043619	0.000416172636301185
"hsa-miR-193a-5p"	2804.72181626846	Inf	3560.20283649005	6.41082092726149	0.000457045906533061	0.000484860595174077
"sv40-miR-S1-5p"	1181.66271801028	Inf	1175.03334495048	6.38749936712043	0.000466816507340913	0.000494541797141547
"hsa-miR-658"	3427.9816977131	Inf	3426.7743776618	6.33455237788969	0.000489887647052051	0.000518267345226101
"hsa-miR-144-5p"	109.023658654538	6.59768371336312e+32	105.776380565901	6.30715437804163	0.000502330155501131	0.000530698662905465
"hsa-miR-30b-3p"	1814.8243582567	Inf	1876.97456750181	6.29784361247905	0.000506639525056718	0.000534515152295051
"hsa-miR-574-5p"	1099.06450371841	Inf	1112.47595393087	6.29564104438786	0.000507665054410671	0.000534861396611243
"hsa-miR-939-5p"	2062.96079296681	Inf	2235.90245970524	6.29411169878491	0.000508378506677086	0.00053487834653131
"hsa-miR-583"	1377.54533728758	Inf	1368.81865865044	6.09638023080356	0.000610929500505604	0.000641894420394245
"hsa-miR-637"	602.641193236223	2.58866461231589e+181	816.545026009445	5.93368161913051	0.000713014336358341	0.000748128585481324
"hsa-miR-422a"	525.79594100621	1.90699625969101e+158	515.971637156723	5.91614083623338	0.000725124847413826	0.000759796117440444
"hsa-miR-182-3p"	86.1879566077967	8.81373937075585e+25	99.9306725150237	5.85992296160725	0.000765528957329841	0.000801037803918128
"hsa-miR-611"	116.069042286389	8.71491782084622e+34	129.819867450403	5.85506672615975	0.000769136534605825	0.000803716242564942
"hsa-miR-659-3p"	303.05611685258	1.69426579102401e+91	330.615887983327	5.81050144608762	0.000803152353653829	0.000838119530955765
"hsa-miR-921"	4018.82974906976	Inf	4020.69804095489	5.79452896848947	0.000815753752475005	0.000850112945853708
"hsa-miR-451a"	7070.05213410095	Inf	6239.6929602211	5.78646920049802	0.000822196874398329	0.00085566486114453
"hsa-miR-32-3p"	4437.34042481296	Inf	4406.78301304644	5.76370972664847	0.000840702738766021	0.000873738483243277
"hsa-miR-135a-5p"	1720.61305023584	Inf	1568.54916551677	5.6942688170619	0.000900128170535031	0.00093423316211146
"ebv-miR-BHRF1-2-3p"	958.968390927332	4.76705939184887e+288	1047.12607949674	5.63105509526884	0.000958359986524917	0.000993327175222447
"hsa-miR-584-5p"	223.872005743978	2.46711229938402e+67	259.404525996037	5.61235426993669	0.000976390553959412	0.0010106498716422
"hsa-miR-499a-5p"	172.023728838563	6.08558519047626e+51	154.45201628185	5.44742910593619	0.00115301733952305	0.00119186563263366
"hsa-miR-551b-5p"	361.195082240533	5.37717338931506e+108	383.256981004695	5.38250466571083	0.00123217947802854	0.00127198069939151
"hsa-miR-518c-5p"	2335.45715600507	Inf	2414.66604968906	5.33797387261525	0.00129000095048268	0.00132988001212394
"hsa-miR-503-5p"	4321.72587631901	Inf	3852.19039558369	5.33385796268122	0.00129549719739603	0.0013337534904735
"hsa-let-7g-3p"	112.383202784908	6.77197033587074e+33	96.2452804393896	5.09508370503155	0.00166422759854945	0.00171107582853543
"hsa-miR-556-5p"	118.164120978261	3.72344399326885e+35	98.2149527803594	5.05604983557255	0.00173504204286144	0.00178149564507996
"hsa-miR-512-5p"	94.0476026429325	2.04714882201957e+28	106.012611249545	5.01052764200396	0.00182191947875416	0.0018681981820915
"hsa-miR-21-3p"	100.411271942388	1.68579498458629e+30	109.464460060133	4.98234150884001	0.00187814559214197	0.00192328126725353
"hsa-miR-298"	662.062622410828	1.99851933199305e+199	744.024061187614	4.87501373712664	0.00211071125745035	0.00215855404595256
"hsa-miR-302a-3p"	146.88239267865	1.64439455922492e+44	129.438821515111	4.85182969329017	0.00216506996311887	0.00221119662012273
"kshv-miR-K12-6-3p"	569.185855326555	2.19793862443146e+171	853.269523105091	4.84098889405937	0.0021910227284132	0.00223472663921931
"hsa-miR-338-5p"	418.43439969556	9.14756546069038e+125	509.734901089121	4.63043607285862	0.0027707011496506	0.0028222148496441
"hsa-miR-526b-5p"	372.79017947069	1.66351265717897e+112	417.196607861283	4.5420187684494	0.00306353130564882	0.00311635081091863
"hsa-miR-338-3p"	1100.29416889219	Inf	1312.10561885396	4.48635501404315	0.00326546549646822	0.00331736693482268
"hsa-miR-371a-5p"	6502.57501677664	Inf	7008.61320758916	4.29112126789947	0.00409964637058831	0.00415929730984291
"hsa-miR-185-3p"	900.8982137469	1.57538018235085e+271	1791.20146625003	4.20001174653099	0.00456769716399841	0.00462803662455321
"hsa-miR-665"	5895.95262021029	Inf	6796.5786108933	4.15951653823753	0.00479445462753098	0.00485138086981037
"hsa-miR-147b-3p"	163.309869488004	1.44933674785551e+49	133.532565238955	4.00089635688046	0.00581026913376567	0.00587151044215846
"hsa-miR-621"	84.400037778718	2.55236632796086e+25	100.452092172151	3.9603882637696	0.00610625227112655	0.00616249406836062
"hsa-miR-367-5p"	150.653403291714	2.24488107985471e+45	120.370276214297	3.57213036652706	0.00995597119347261	0.0100344676812004
"hsa-miR-219a-2-3p"	508.670411057881	1.33367998971963e+153	656.870995368031	3.4827370790102	0.0111779857833389	0.0112513321467467
"ebv-miR-BART15"	95.1269030326302	4.32564831526672e+28	121.633368807697	2.85831289358136	0.0259031205638831	0.0260389167398406
"hsa-miR-219a-5p"	3236.06969601963	Inf	4628.10404053355	2.70800393004847	0.0319491527725365	0.0320746075609103
"kshv-miR-K12-4-5p"	92.3929936238921	6.50223213316952e+27	121.082560592332	2.612124048674	0.0365698868345113	0.0366654943817911
"hsa-miR-644a"	320.884571603779	3.94349412837352e+96	211.918956158736	2.19444577749724	0.0664398753917921	0.0665266115215464
"hcmv-miR-US25-2-5p"	104.259337977344	2.42766109920667e+31	150.935471318544	1.57979917636156	0.160598231246515	0.160598231246515
