Reporter Identifier	VALUE
4610	-0.0287717791023467
10977	0.112874733513088
11102	0.545385440359468
19603	0.241262854811161
13145	-0.111379874378218
17306	-0.0106237537001888
17470	0.0462080047451914
17570	0.289766821963796
17660	0.195659713769897
17883	-0.0301619186262373
19591	0.0557561641544894
5740	0.702189404390501
10987	0.326316043233425
11043	-0.158462698265905
11111	0.308317164676884
11166	0.0286479750318156
13170	0.0832675211284624
17327	-0.125779080471671
17490	-0.106798973120482
17578	0.150677599245171
17732	0.264562639168969
17893	0.156324222691213
21498	0.142431313076243
10306	0.039983719199538
10995	0.0110194925340229
11052	0.279048765569382
11123	0.221185975252776
11175	0.0743288363733138
13178	0.434675990670812
17338	0.076775562205417
17499	0.186448757490652
17593	0.36265025569305
17817	0.249898797666157
17909	0.0144457491545741
27217	0.219760049162079
10919	0.178328243236924
11004	0.0588084507104148
11063	0.365329361097256
11135	-0.174818040250187
11182	0.352526700102995
14271	0.0335283067853518
17354	0.127245347749736
17509	-0.136549409576644
17608	0.266009450854872
17830	0.16280096928003
17928	0.462684559080206
27536	0.0888824557999513
28047	0.0046650252171216
30592	0.223939587567273
33718	-0.0285248679243979
42486	0.0193285207319967
42534	0.600418562302367
42571	0.144191192507157
42616	0.179323428457723
42666	-0.00942082507408596
42717	0.241725020544949
42760	0.525629104315796
42807	0.269884127582362
42860	0.104133218867057
28251	0.0444270410000999
30768	-0.0220974085684829
42442	-0.00772790031273535
42495	0.137772314114879
42539	0.377106046482986
42576	0.221492131709575
42622	0.62010765831129
42673	0.133963099942827
42724	0.361097842056316
42768	0.0730627889917038
42812	0.455178960300445
42870	0.133118811501506
28520	0.0244668215676069
31057	-0.186007665892661
42451	0.182845387418784
42501	0.254856595345452
42543	0.31827999442134
42581	0.520687544462697
42628	-0.125608987662852
42679	0.14338895525848
42729	0.342300255916865
42773	-0.0867915351247442
42820	-0.0395347363711055
42875	0.15068615270692
28889	0.619716368374757
31517	-0.0134620066122487
42458	0.344887955817735
42506	0.322466047175585
42548	-0.0158225777236289
42589	0.51623595923237
42634	0.22544434325086
42689	0.0888552416359378
42735	0.276459921394756
42777	0.0665929247109573
42827	0.203855111804182
42890	-0.0696180075694353
42924	-0.0271707866649183
42970	0.226418046819292
43009	0.622950274627014
28431	-0.101771301956314
11225	0.372388964004219
14305	-0.110881571471448
17537	-0.116318597848616
28054	0.116589113120873
42449	0.0815825541467049
42611	0.331763622622608
42764	0.0161457310275709
42871	0.0816336193325668
42929	0.169261614963271
42976	0.228840181380554
43012	0.178639267670685
42492	0.00454221707456212
11230	-0.0554644392477691
17278	0.0258808628022671
17604	0.052791813812508
28346	0.102542695553572
42462	-0.198951543242372
42626	-0.157738131798873
42779	0.165035755658631
42879	0.0139251174968947
42935	0.329856641200767
17752	0.106400626953668
43017	0.149455131159623
42530	0.22689459124969
11238	0.132013104849154
17303	-0.164556593503414
17621	0.0977160760652548
28547	0.115421018509154
42474	-0.0626450108545175
42639	0.104058677774044
42800	0.0917307085503546
42886	0.114107576531154
42943	-0.0316323280524516
17748	0.0586740849001197
11239	0.0417044359925164
42721	0.121015400961366
11249	0.0100696288879123
17352	0.226239630575965
17665	0.16442952537455
28944	0.409970337372862
42499	-0.109414411751907
42659	0.0084514116609892
42809	-0.130677388953665
42894	-0.143352489606354
42975	0.142180450407657
42677	0.631650017231038
13367	0.386974988328017
28876	0.224784314481516
11265	-0.105293265531424
42741	0.181125923822831
13388	0.392390774662093
29056	0.136325333390882
11273	0.366611132315124
42881	0.270320114530952
13421	0.214968513580468
14295	0.132526339319972
42933	-0.0968302963028087
24127	0.243509582641584
4040	0.135888270010174
10976	0.0701534278255218
11098	0.0408139087631989
19606	0.00646526841646493
13143	0.0699303990364329
17302	-0.308704819949579
17463	0.463192018185011
17569	0.0724793751206563
17657	-0.135491780802329
17882	0.0141742735470763
19588	-0.051424713984481
5730	0.438123850728297
10986	0.561356562540889
11041	0.795033090289599
11108	-0.0345533954192361
11165	-0.237281646350624
13148	0.292801043752397
17325	0.0663451929342458
17488	0.343027052319843
17577	-0.0747688846074646
17718	0.0534523906344212
17888	-0.0536327661289817
19596	0.311096478417424
10138	0.168931194820347
10991	-0.212894360626608
11048	0.40155107841119
11120	-0.0701061075342899
11171	0.121681202327852
13177	-0.173163466068639
17336	-0.224395488329675
17498	-0.192497957676073
17592	-0.0104083168110643
17814	-0.10421130994256
17904	0.821010563868283
21757	-0.0269932524952231
10914	-0.050279691280145
11000	0.10952304292483
11061	0.260935231223469
11134	-0.202796725657684
11181	-0.340572077137986
13485	-0.0894318723443753
17353	0.452735890950014
17508	0.345665472200283
17606	0.00127722815739006
17825	0.63390299049063
17927	0.597194326441977
27533	0.209020094243989
28019	0.159670817887096
30493	0.157118857757888
33668	0.0493950953249943
42485	-0.0213407295379229
42533	0.164875939452498
42570	-0.131798612369724
42615	0.00105164224129032
42663	0.0874146901605132
42716	0.819125861089717
42759	0.230854000084644
42806	0.43755302587485
42858	0.0314252745851437
28250	-0.0293873644108895
30755	0.169997650203784
33915	0.257096143188627
42493	-0.0819030946738354
42538	0.64074657149797
42575	0.146735744940806
42620	0.117079057930973
42672	0.246931317408178
42723	-0.0437734383377457
42766	0.254705964465508
42811	0.325352948574604
42869	0.043223193185155
28480	-0.0877438963668794
31038	-0.0397673833684532
42450	-0.147686372886526
42498	-0.0719655657051783
42542	0.442688870481895
42580	0.112749627996081
42627	0.298717064809856
42676	0.0378634899556021
42728	0.192388822353781
42772	0.116656392419345
42818	0.308329778239299
42874	-0.0371464397272305
28884	-0.0711641601018574
31436	0.140993630717144
42457	-0.102210973410284
42505	0.136094432450347
42547	0.422479156893047
42588	0.269592684105375
42633	-0.0585493054451736
42688	0.0682275245149308
42732	0.218087381191749
42776	0.230083182484434
42825	0.416326282710334
42887	0.126590336636169
42923	0.206046680906536
42969	0.064868927517605
43008	0.468231406881916
28302	0.63524605362001
11221	0.199813360343887
14304	0.328205494827337
17528	0.217382709233526
27855	0.157936941341486
42445	-0.0792877475796495
42606	0.168838960058081
42752	0.142392818673882
42868	0.0737945012220405
42928	0.102727775223048
42974	-0.0865211898656996
43011	0.321448216397817
42487	-0.163802493098528
11229	-0.137345406124688
17273	-0.0654664499052296
17597	-0.265523846184799
28309	0.205290696456287
42456	-0.0317937436397536
42625	0.148988604756646
42770	0.231416453548334
42878	-0.0818382899028243
42934	0.265792650607948
17751	0.085307936659461
43014	0.00261610370550638
42526	-0.350357041206609
11235	0.181724508753642
17291	-0.0334134117562683
17620	0.11342017679674
28505	0.126762748529017
42471	0.356934856238448
42637	0.0792172899106152
42799	0.172057531747326
42884	0.0664066541651372
42942	0.291169803484987
19602	0.315665350788286
5560	0.0904264231419012
42720	0.0833328849671997
11247	0.114505732422616
17316	0.173104622274491
17639	0.153033914564279
28769	-0.103386716221037
42494	-0.232953343008949
42658	-0.080986285887433
42805	0.149455169929133
42893	-0.161556170609509
42966	0.176968319881279
42669	0.35070582416975
32812	0.11983431689804
27821	0.221518124891656
11262	0.299801080992001
42722	0.0106835499805988
29544	-0.0582232021785228
26160	0.0648527236557485
11271	0.0804857425298636
42864	0.103514615994455
13417	0.315283858983428
14294	0.156615417355887
42907	0.185163064987269
28444	-0.179612765377677
3980	0.316924361236157
10975	0.282590192331123
11097	0.30993105738774
19005	0.518779452756884
13137	-0.0592613323478852
17299	-0.149133587803077
17460	-0.0429288705679131
17567	-0.121803293177591
17655	0.138309156801322
17878	0.0763858506751709
19585	0.5157136615617
5250	0.425755714767965
10985	0.362321537573652
11040	0.80188454813337
11105	0.102413027630527
11279	0.411669420918153
13147	-0.0394029316039789
17315	-0.0323924968077033
17482	-0.0887742844546627
17573	0.069036543960493
17676	0.128937664112597
17886	0.0264437000888643
19595	0.0839134393639847
9938	0.326159636472938
10990	-0.0935765254885101
11045	-0.150330620376794
11114	0.140850194454169
11169	-0.0468329410905707
13175	0.619879737734972
17332	-0.0897966703506457
17493	-0.113657306887305
17589	0.1710684222492
17810	-0.111590509407992
17902	0.0554929516920112
21702	-0.043343293714541
10618	-0.0927663126780867
10998	0.41642377026332
11058	-0.141602048190807
11128	0.0803265095382926
11177	0.121052789409702
13183	-0.103517694510872
17349	-0.265208162492171
17507	-0.142138645250728
17596	0.00927294894799199
17822	0.0399824067791957
17922	0.0800682475190107
27378	0.234115195413399
28009	0.042641210036535
30442	0.220954757492156
33596	-0.0788051154431434
42484	0.0270196952990516
42532	0.126964754067851
42569	-0.0704332157901331
42614	0.504524357469631
42662	-0.0703564759340004
42715	-0.0411737798960845
42758	0.138951348403271
42802	0.0857858456913761
42857	0.220366716134712
28191	0.124521840879916
30716	-0.0638753102492871
33902	0.220820905096413
42491	0.331623993386992
42537	0.482124875912152
42573	0.0652232060918841
42618	0.0710795149983302
42671	0.121471253514641
42719	-0.133710699734895
42762	0.0642406147588867
42810	0.173949683550761
42866	-0.705310220898588
28396	0.216943040344334
31026	0.779151172402961
42447	-0.0796148744070557
42497	0.186580911365343
42541	-0.00187747564991876
42578	-0.0220698143075688
42624	-0.327163265731699
42675	-0.0372528699450245
42727	0.343077145463742
42771	-0.0515816324188228
42815	0.39799242104562
42873	0.0833738148873374
28703	0.0136835180435422
31349	-0.112482595348774
42455	0.0542961504306416
42504	0.0956453319840286
42545	0.114286849309642
42584	-0.00415975285918262
42630	0.390609578670808
42683	-0.0148230540433562
42731	0.267973385299202
42775	0.526112354442963
42824	0.0462082336453175
42885	0.198819829552961
42921	0.179002497544406
42968	0.117994280720273
43007	0.0981919401344574
27560	0.212133490521434
11218	0.0172078644435338
14303	0.358997077657469
17527	0.119199620270785
27773	0.0036939564494828
42444	-0.0263808228186331
42605	-0.0816503518580717
42751	0.477926402720016
42867	0.0273145842214302
42926	0.0942832099894913
42972	-0.0153514608766223
43010	0.432432756718654
30209	0.141740946943163
11227	-0.116632583571658
16681	0.0094511871193248
17548	0.025035828427119
28213	0.151976571692047
42453	-0.118389301086947
42621	-0.196195512986105
42767	0.0629851686640026
42877	-0.15007789969993
42932	-0.0066382357959315
17750	0.216349744743138
33399	0.109282671336823
42521	0.124649438205948
11234	0.177461866524273
17290	-0.00737977619655691
17618	0.214053772249824
28456	0.0921949938971783
42469	0.00919006119908602
42636	0.125448979086239
42796	0.434861219914651
42883	0.0471117904642816
42941	0.150137806252453
19580	0.476209698058515
43018	0.243396011163128
42710	0.298857019659626
11246	0.184362447325028
17313	0.0942422043183464
17638	0.0490816019839919
28759	-0.0626359322678091
42489	0.148620962173575
42651	-0.21553357245449
42804	-0.163121997436116
42891	-0.315614763163548
42961	0.0874938420179868
42665	-0.019573965208136
13186	0.335854192673196
30293	0.104524859648999
42978	-0.205113497360861
42685	0.270746274229681
13371	0.109299487815653
25728	0.231337198226043
11268	0.406187032048761
42862	0.164701417811242
13393	0.261206188135024
30747	0.342027617931679
11275	0.0117658154635607
42903	0.147626289889759
28568	0.174397771111435
3320	-0.0873502106142347
10972	0.319625732242871
11093	-0.18155048513444
19011	0.0286786619208254
13133	-0.241127249894283
17295	-0.255136409086791
17459	-0.000972177326458826
17566	0.143031951343597
17652	-0.0982765047292718
17876	0.0463281779114087
19583	-0.143205573117774
4700	0.131071102107254
10978	-0.0732145965720784
11039	0.629765169952638
11104	-0.266697380563904
19013	-0.320171013415442
13146	-0.308331032835725
17312	-0.305502716466285
17474	-0.0898875488966808
17571	-0.0476066552222556
17668	0.0331945463427554
17885	-0.0818524430695333
19593	0.423754109931299
6880	-0.258162189983981
10988	-0.0300666100701662
11044	-0.341390023407953
11113	-0.207357960647607
11168	-0.244155052258525
13171	-0.141077057573665
17328	-0.00293948993384421
17492	-0.0247282089191893
17585	0.0211048945141989
17808	0.0138207749504493
17898	0.0505920424966611
21501	-0.329096629912404
10482	0.000725763078224821
10997	0.394616986619648
11053	0.441894294841204
11125	-0.219836956840292
11176	-0.0265903542333901
13179	-0.128379148660847
17347	-0.188739927932843
17506	0.0579307283875102
17594	-0.0596551573403219
17818	0.0984630476667615
17918	0.0370418411087449
27229	-0.157788481284651
27961	0.0419723157922805
30033	-0.0820086153060713
33430	0.0857979923558884
42483	-0.025721421256045
42531	0.341121034197421
42567	-0.0930542881552658
42613	0.354615854498747
42661	0.395598962912857
42713	-0.040030848206356
42757	-0.0822508334401199
42801	0.0877434549864099
42855	0.110153045289879
28150	-0.328204226110312
30687	0.134740372516192
33728	0.19257936183365
42490	-0.215269526617924
42535	-0.16233528805999
42572	-0.103427674908036
42617	-0.0231900511242717
42667	-0.0198569468523352
42718	-0.207976542549594
42761	0.0389013458712106
42808	0.211969220662488
42865	0.62144700070212
28257	0.118784399269908
30787	0.40012221055615
42446	-0.178613174852917
42496	0.0816661341251772
42540	0.475438988903778
42577	-0.103796616028527
42623	-0.327226616965043
42674	-0.122829146506054
42726	0.0606166984661341
42769	0.315700023958247
42814	-0.15735088309817
42872	0.077970072807599
28536	0.179537857125862
31076	0.162707019313725
42454	-0.112580543145754
42503	0.184325952776823
42544	-0.144055947392276
42583	0.107361605902338
42629	0.316268136677853
42682	0.145648157197565
42730	0.156217888396931
42774	0.102679555842253
42823	0.177557125733601
42882	-0.177178445396985
42920	0.2899823348975
42967	0.0924188961264561
33400	-0.0922060250864983
27542	-0.0423392445147094
11217	-0.113029505878183
14297	0.196474569816808
17525	0.137269550043586
27575	-0.24715479051926
42443	0.0687822607074009
42604	-0.184189786204572
42748	-0.379833783576864
42863	-0.0662987820138314
42925	0.343651059565974
42971	0.145912438028797
29502	0.378134505631411
28534	-0.0472141133300824
11226	-0.214543550222168
16528	-0.0396665097105787
17540	-0.0802943235092628
28161	-0.0452941887439085
42452	-0.117525682493487
42619	-0.188962447286665
42765	0.208603168011168
42876	-0.0894609453364163
42930	-0.0892022239622831
17749	0.323306380193432
43013	0.0314014241130917
42510	-0.144549252740228
11231	0.276602044957471
17287	-0.162646315836306
17610	-0.14788046874427
28450	0.380197477604582
42464	-0.626640594869743
42631	-0.104530171550984
42790	-0.105653269123833
42880	-0.371488245421661
42940	0.218562691348095
19004	0.27587770519912
43020	0.0346604217063646
42681	0.276774466880733
11245	0.0771802722544207
17304	-0.316558177944628
17632	0.04719592737259
28624	0.306027833420651
42488	-0.180654438489403
42646	-0.175449142065889
42803	-0.0999170036506216
42888	0.162155114977968
42953	0.267182545155207
42647	0.392351181481501
1100	0.150218173251418
27833	-0.063671778551044
42977	0.271875618283551
42684	0.151777314099173
29138	0.100405461201878
27318	-0.0589778920139098
11266	-0.187703392480079
42763	0.356887686479209
13389	0.0209353024154918
30756	0.201634142404895
11274	-0.176982620344127
42889	0.252294540141976
13430	-0.0742822099275292
10936	0.153475612956494
11013	0.445837057390504
11141	-0.0223090475217403
19604	0.334351242025457
14300	0.39301226841416
17391	0.185573979105858
17529	0.0451061020927088
17619	-0.133038303835108
17849	-0.199207013310534
17940	0.19144376662218
27541	-0.137764496792755
10944	0.257108137907976
11020	0.189448409333068
11077	-0.0448638571150946
11149	0.151011552037453
11222	-0.040054619930163
14313	0.445476433382275
17411	0.32548938079312
17536	0.0807821739492049
17626	0.158156582735271
17853	-0.132419153813802
17953	0.0728309742685524
27549	0.0322282109197913
10954	0.260737220248027
11024	0.285847877318867
11085	-0.284784881806029
11158	-0.182255790195399
11277	-0.0393448011686733
15619	0.0594779255589977
17427	0.380054235526831
17552	0.01370999490642
17636	-0.0277375654722347
17863	0.124208771486002
18900	0.254857077326438
27672	-0.0726929530499106
10967	0.0267140612118903
11038	-0.407680356435933
11092	0.0412143799392731
11164	0.237411257733208
13132	0.302901232726017
17289	-0.114488037610313
17445	-0.126693455971481
17565	0.457341916261671
17650	-0.0345124508262762
17875	0.0236152501178731
19582	0.402537722758767
27898	0.509128067678616
29328	0.292837957251624
32190	0.0894014072831352
42463	0.10651339279531
42513	-0.0111658042795877
42552	0.0024459409790133
42593	-0.0234743989421213
42642	0.0973279698613159
42694	0.0416352137973059
42739	0.348933674767896
42783	0.247310778509816
42832	-0.0673551569604727
42898	0.169879032653307
29562	0.0441513082969858
32825	-0.274460199322425
42468	0.23951098985798
42517	0.0581185476635182
42556	0.124617868067268
42599	0.170940084336823
42649	0.0953753890453806
42699	-0.253801970291044
42744	0.423687196423181
42787	-0.298916712681903
42839	0.42525695999884
42902	0.519501501224241
29802	0.219915140842937
32946	-0.0835684441761199
42476	-0.0632608939856975
42524	0.142210320894315
42560	-0.0853729491756102
42607	-0.128324096975539
42654	0.0240783681123109
42703	0.115488655339237
42750	0.0160618340365631
42792	0.124702841755783
42847	0.295127320318138
42910	0.0184945042617978
29883	0.0669210172104716
33407	-0.0850348739423243
42482	-0.0695506104099431
42529	-0.185277299749771
42564	-0.0328984773949336
42612	0.0431834912228914
42660	-0.135043225823352
42711	0.39296803162042
42756	0.0800343373855885
42798	0.0294827864255885
42854	-0.00693124637749733
42918	-0.0817434950094089
42950	0.259197736354594
42994	-0.155634554363668
17823	0.0911576377578398
42793	0.108541713661401
11254	-0.0745333930845239
17425	-0.0931843646283049
17743	0.128076451369526
29779	-0.0592372800059436
42519	0.208005365881334
42678	0.277868697850735
42821	0.341300984425306
42911	-0.0543285210892021
42955	0.17883734544254
42998	-0.062867463447556
17858	-0.212861771532736
42856	0.329957429349106
13150	-0.184881649140413
17446	0.011417417509457
19601	-0.212822848756866
31015	-0.220815544049539
42566	0.0400509623760525
42691	0.0757630383093954
42835	-0.12828486496319
42919	-0.0905267350409587
42959	0.277660028389207
43002	0.211302104543533
17892	-0.0126072659912827
11205	0.190460326981626
14268	0.0882488860499849
17489	-0.0668958671306926
25126	0.421057197620972
32707	0.144102931870007
42585	-0.368575757213885
42709	0.0549685217881048
42844	-0.0617545720678435
42937	-0.12618585864749
42965	0.259925421169723
43006	0.0593438386056725
17957	0.0716473376662843
11215	0.0467447342590951
14293	0.374015010976483
17517	0.238488254224097
27574	-0.0362760839329169
33163	-0.278723272740044
42601	0.0198714087109044
42733	-0.0631279669270037
42861	-0.38280649710229
42948	-0.289588515070361
27578	-0.0849211707134551
42973	0.0126571628648201
24163	0.0494267720524218
29001	-0.0169176333819099
42479	-0.127382837973008
42981	0.493111685280621
24199	-0.00973202403242234
30147	0.178660419764886
42568	-0.0574343446971788
42985	-0.0838637193433474
27968	0.214079109616855
42645	-0.035500138469099
42979	0.376576035392471
25611	0.00548856442363196
10928	0.271355907579867
11011	0.131203623503567
11140	0.100034889528276
19007	0.271872995957629
14285	0.162197267675076
17377	0.1628635479216
17522	-0.0809314363528544
17614	-0.435926416955458
17842	-0.23014349058219
17936	0.0875616423707125
27540	-0.181458613416263
10943	0.854755068262667
11018	0.351023689950293
11074	-0.048018483841416
11148	-0.248352331635832
11184	0.441804723357196
14306	0.338287331852665
17402	-0.278476644911438
17535	0.0769457239061178
17625	0.194376408725333
17852	0.0325948207934843
17946	-0.245579910792252
27546	-0.142256922981005
10952	-0.0286178770987624
11023	0.0887219012659071
11084	0.230640713363537
11154	-0.318748031754426
11260	0.361514902386062
14962	-0.338301902068478
17419	0.0722358166477116
17546	-0.0926235194538241
17634	-0.0347711298309357
17861	-0.17588109185054
18847	-0.174712833782216
27565	0.213013320974814
10964	0.180326176807467
11037	0.235873169190779
11091	0.36028232011229
11163	0.45176067678421
13131	-0.0295487697629355
17283	-0.292958564923265
17444	0.0777649652566944
17563	-0.338371121962634
17646	-0.103436350366846
17872	-0.0514346440312499
19581	0.51760304435506
-1	-0.0714309285293018
27838	-0.323398010351879
29190	-0.100894848457242
32095	0.259869419096912
42461	-0.0992171734443082
42512	0.458991919077074
42551	0.0836994867740975
42592	1.15859077384049
42641	0.0770378772591868
42693	-0.191468513678094
42738	-0.169100206739076
42782	-0.287625315487682
42831	0.37681237557215
42897	-0.325270227153961
29529	0.297001496730896
32809	0.0851874662463734
42467	0.147443505145241
42516	-0.176107085145426
42555	0.232294475410585
42598	-0.198710914198146
42648	0.0851877993947122
42698	0.0586700501889384
42743	-0.0292200401317845
42786	-0.215114779366278
42837	-0.0618178558126048
42901	-0.116009955283555
29736	0.00809555436247809
32891	0.249751703736372
42475	-0.145503875592009
42523	-0.0853997064906252
42559	-0.289864238549595
42603	0.0482546940364059
42653	0.0940324193582188
42702	0.0749455836965716
42749	0.101200187297142
42791	0.302363860237937
42845	0.230054055676557
42909	0.15808070155663
29872	0.440633418969511
33401	-0.127088821273142
42480	-0.0425519156876451
42528	-0.136833833085814
42563	0.103536496215915
42610	0.0480206980421132
42657	-0.316046160870986
42708	0.28344986932156
42755	0.164955497903657
42797	0.302917003687478
42853	0.207404902387216
42917	-0.010669448070583
42949	-0.0362721955343026
42993	0.0500506607133104
17820	-0.0163860121932003
42780	0.807474841587679
11253	-0.318831123534256
17422	-0.00242359496054553
17729	0.0556840523477263
29650	0.104890211717063
42518	0.134276343673726
42670	0.0181240455588818
42817	0.0887478718344396
42908	-0.261590540666843
42954	-0.0117814409804932
42997	0.134431713900074
17848	0.358619265599088
42848	0.172403417326882
13149	-0.0420981374338895
17438	-0.150911976661333
19600	0.0591970421365625
30973	-0.0872478043043494
42565	0.146384676300681
42687	-0.126832179515893
42830	-0.147037431178473
42916	-0.0857363876131255
42958	-0.130908794176081
43001	-0.25395634472249
17891	0.154681366468268
11202	0.111700301442237
14189	0.102526473743189
17478	-0.0972647851027852
25117	0.134018587147888
32608	0.0860464339538334
42582	-0.196948341080382
42707	0.225140991422723
42842	0.12257240739871
42931	-0.175084698488061
42964	-0.036432419378891
17955	0.253671141854864
11210	-0.118633633677816
14290	-0.0742379935334234
17513	-0.162908069003026
27572	-0.0502597995824436
33121	0.0629723981956752
42595	-0.185944265314392
42725	-0.264809004495503
42851	-0.27649850936965
42947	-0.141497031731351
14316	0.0194335184935292
42963	0.0955868668225934
27676	-0.0736702270756372
28684	0.293779714842885
42472	0.0772912185023284
42982	-0.0515617007276601
29837	-0.205049917139114
27350	-0.0296722156909999
42511	-0.16664319283556
42986	0.319480847385433
28098	0.0363670815078279
42640	0.00359362280860492
42980	0.138760696257794
25593	-0.19768425697899
10925	-0.171587321704261
11007	-0.108493508856218
11139	0.164194929976029
19008	0.232450680226608
14280	-0.160588084399841
17359	0.237064627869662
17520	0.0595619242240552
17613	-0.160619787575424
17836	-0.297485546102193
17935	0.0135939794569045
27539	0.139112658131345
10942	-0.0179333862295333
11015	0.110532163910482
11073	0.233824167262476
11144	0.376613636429706
11278	0.434829138543464
14302	0.44036811862752
17394	-0.265672445471771
17532	0.129544395428805
17624	-0.0789174970540618
17851	-0.0593242638989999
17944	0.146925907008872
27545	0.318386535921335
10947	0.164927582297479
11022	0.27067045103782
11083	-0.198799150574856
11151	-0.0576437978522578
11240	0.294378233195899
14854	0.0743895384343941
17418	-0.110977762154209
17541	-0.230166338464346
17631	-0.0433483477601798
17859	-0.0310290856053017
18739	0.102591629904509
27559	0.135266068347372
10962	0.245895080701483
11030	0.173181802543429
11090	0.185895785696615
11162	-0.195825746287577
13130	0.0224017729705053
17280	0.117025043789449
17439	-0.102908387305621
17562	0.0879429573379793
17641	0.223750109724469
17870	-0.219585377046853
19016	0.325428009337973
27740	-0.145887339063013
28966	-0.0842487887066449
31867	0.130024003446643
42460	-0.29412866011232
42509	1.85792931862779
42550	0.0796232666605743
42591	0.10727435399904
42638	-0.173721569040333
42692	0.29494765991747
42737	0.0845585444862869
42781	-0.00770105030775105
42829	0.195938333941617
42896	-0.0944978550730325
29460	-0.0532519536355506
32731	0.162279195055247
42466	0.00420141274212667
42515	0.354180132449671
42554	1.68508008370841
42597	0.254489934183645
42644	0.188571005580333
42696	-0.164891218379948
42742	0.0948820424041566
42785	-0.0579603917546079
42834	0.882990558017885
42900	-0.140911079105263
29577	0.137412337545332
32884	0.171833414179112
42473	-0.250282661793183
42522	0.346748151053221
42558	0.0443364211659857
42602	-0.0708909052714613
42652	0.529315051072537
42701	-0.0807442805938658
42747	0.229628227678109
42789	-0.0362626501803934
42843	0.269686298877141
42906	0.274311682740358
29871	0.0699232050864381
33177	0.193858736482604
42478	0.0334948071601202
42527	0.111501673593679
42562	-0.142449279348833
42609	0.115347617493533
42656	-0.381501716530439
42705	-0.285852702163725
42754	0.111042844677111
42795	0.0955285463653095
42852	-0.0244552467752288
42914	0.0419679373301626
42946	0.222951800984857
42992	0.185041271799424
17653	0.209954407661974
42745	-0.148028465108838
11251	-0.0974653522592677
17388	-0.181878787921737
17691	0.0489277666439335
29153	0.272996612680065
42507	-0.0693107426305821
42668	0.120992719323798
42816	0.285877259911693
42904	-0.116264648373885
42952	0.115572604256423
42996	-0.259763744959673
17841	0.341580008394188
42838	0.0141895246314459
11256	0.85488673576267
17433	0.186600893291244
19599	0.300233995747301
30831	0.114962199190701
42546	-0.0551801188923748
42686	0.557718249134344
42826	-0.0501498779350813
42915	-0.245041137456607
42957	-0.0243814996348364
43000	-0.285007067566919
17880	-0.0729053256963896
4390	-0.00972763224968414
13784	-0.401496168837763
17465	-0.0577998876938595
23767	0.0810381775336094
31388	0.379031502695147
42579	-0.0424549703275349
42706	-0.176080372230667
42841	-0.272180927634755
42927	0.213447536312399
42962	0.00638234512973448
43004	-0.0694241620903609
17952	0.595994999900968
11208	0.432668104472477
14289	0.165923371483592
17511	0.111124884382419
27571	0.0297929459695355
33116	0.0921499376014177
42594	-0.209019108599277
42714	-0.10621787754691
42849	-0.212678317407535
42945	-0.143192103383042
14312	0.10201928828037
42938	0.0204447582610039
29564	0.070388835223292
28581	0.170330689887416
42448	0.361420187314273
42984	0.438336750076923
27953	0.0640108854930907
30207	0.217724708942273
42502	0.0766149302442617
42987	0.218944626657389
24226	0.106208560186343
28488	-0.0676880310464387
42632	0.183597046336902
42989	-0.090459798771635
25557	0.00853933439022123
10923	0.101267278691655
11005	-0.0772668097557833
11138	0.138236893685557
19607	-0.147873526578308
14272	0.0511102834073865
17358	-0.0940178368750003
17519	0.331967010870967
17612	0.137773849798655
17831	0.159937038805094
17929	-0.14996647892669
27537	0.0664620061185929
10937	0.240750952079852
11014	-0.0078030979303299
11065	-0.100854648469055
11142	0.0539649391845747
19605	0.481857312060027
14301	-0.0103396812039153
17393	-0.289786335156126
17530	0.00160941102330555
17623	-0.0794274233067858
17850	-0.105655144482505
17942	-0.172582380154338
27544	-0.315349739345975
10946	-0.140860316057531
11021	-0.0223823042397588
11078	0.0586639838365545
11150	-0.132715902157266
11224	-0.0596511946236456
14328	-0.0205598406643877
17415	0.354845465648922
17539	-0.362196899460542
17630	-0.11412060238914
17854	0.0593286200411711
17961	-0.160177317382896
27551	-0.245316362816483
10955	0.382161135098531
11027	0.167500555455472
11089	0.371972308504213
11159	0.019815169540052
13127	-0.0798578945454349
17272	-0.0972252765283971
17437	-0.117222549404828
17561	0.571630650362495
17637	0.141947619782024
17866	0.312031106395216
19015	0.205069603437434
27720	0.260769997924765
28950	-0.0570407518804516
31809	0.156315137527158
42459	-0.126507322139976
42508	0.0756628601520224
42549	0.0266699523537206
42590	-0.137039853916625
42635	0.122656676649766
42690	-0.0369455869287254
42736	0.0630527185887625
42778	0.251074248709339
42828	-0.0782014178737538
42892	-0.193153395744345
29379	-0.0473526685231713
32711	0.000532220320643951
42465	0.0732599411031129
42514	0.666582525834327
42553	0.0265644164564868
42596	-0.0673130760672957
42643	0.0897535214827104
42695	0.00634942395742052
42740	0.138342755578099
42784	0.0195185431098571
42833	0.0510613834901735
42899	-0.0764291122525482
29575	-0.369363869553906
32883	-0.192859866967753
42470	0.231906407033601
42520	-0.323757015180474
42557	0.0341442900911557
42600	0.0099904743135878
42650	-0.00294036135477959
42700	0.158323521974238
42746	-0.0979739526034104
42788	0.0320957813810855
42840	0.0748725881871327
42905	-0.144731335989333
29852	-0.00801391128035809
33043	0.296937346073061
42477	0.231271389463395
42525	0.176621465202345
42561	0.00229698971758214
42608	0.335906875709144
42655	-0.0997905281888186
42704	0.370655416677234
42753	0.0877996007318343
42794	-0.0333273076987463
42850	-0.052187493764593
42912	0.134990991289363
42944	0.160819653491766
42991	-0.275309025666731
13140	0.0823854838189436
42734	0.235959566809684
11250	0.073396967328524
17378	-0.0997880376981301
17669	0.519312845457535
28979	0.219583423331601
42500	-0.204853019719843
42664	0.21420224136239
42813	0.091897899208189
42895	-0.15091374537109
42951	0.0162127676906943
42995	0.240750777427077
17824	0.106168500494605
42819	0.0405853440159006
11255	-0.236208712474714
17431	-0.17447240785134
17896	0.39959920412052
30681	0.0925863999531402
42536	-0.183877737792625
42680	0.0598904132947715
42822	-0.0661906177362413
42913	-0.00783693883553704
42956	-0.0048553629496874
42999	0.0881575714524721
17869	0.159414556634146
42859	-0.116410369018827
13176	-0.115019695751535
17464	-0.034219105860046
23524	-0.107200771544002
31053	0.0839549119776328
42574	-0.148495383354589
42697	0.00294948040311891
42836	-0.116270951115605
42922	0.0921541360831186
42960	0.175841835648716
17932	-0.0530940867288996
11207	0.388200921143136
14288	0.192873148715249
17495	-0.154181330716602
27558	-0.110494250948794
33114	-0.0304883523393835
42587	-0.176748861284922
42712	0.094221250754105
42846	-0.32323017739875
42939	0.404928817208325
14307	0.239559402395124
42936	0.10789294647974
24136	-0.0176323086255717
28393	0.183843647921642
30908	0.136781620805421
42983	0.151525261184032
27291	0.0941829158536563
29146	0.0342017007976728
42481	0.116980117034733
42988	0.0690155099204405
24217	0.0808163326794939
28038	-0.0651589752342592
42586	-0.128648529480967
42990	0.140258557284973
28929	-0.00724230265719265
