Reporter Identifier	VALUE
4610	0.191576821469685
10977	0.507671829838689
11102	0.461017877386758
19603	0.160867806142996
13145	0.184733782323338
17306	0.083815377466214
17470	0.00468923266221498
17570	0.192039018263732
17660	0.409002719460156
17883	-0.0468379558901001
19591	-0.0386311607942969
5740	0.387213256107944
10987	0.334460446386541
11043	-0.192397441405081
11111	0.181445159008626
11166	0.0196102853527317
13170	0.112148174514366
17327	0.60305985749409
17490	-0.126299780727627
17578	0.509090599688132
17732	0.257261501729227
17893	0.111878676152061
21498	0.145425115065467
10306	0.0127859000917081
10995	0.145996688539262
11052	0.0360270827054482
11123	0.287116538687862
11175	0.341863198918853
13178	-0.0519815322703833
17338	0.0266397847186269
17499	-0.00223804801468563
17593	0.138564395780403
17817	0.13182365213446
17909	0.0946081414630556
27217	0.309273096079332
10919	0.273555804305618
11004	0.0248770471978993
11063	0.351018324719486
11135	0.807003237513035
11182	0.272787401486024
14271	-0.0448311172616834
17354	-0.0327027958740192
17509	-0.124100631714573
17608	0.341213893402579
17830	0.280307822225181
17928	0.455411695037647
27536	0.040338810520635
28047	0.39035361287672
30592	0.197407087875521
33718	0.0904520269584884
42486	0.379586049646849
42534	0.305583065307973
42571	0.236494663098227
42616	0.187469894623183
42666	-0.0458936641843898
42717	0.319456132998853
42760	0.505008348832629
42807	0.51225729522717
42860	0.379858896651931
28251	0.0922830177421946
30768	0.0990209802492396
42442	0.393996357620513
42495	0.291546689364914
42539	0.84561759353985
42576	0.252671425385082
42622	0.661450344090707
42673	0.415646401260072
42724	0.519972629514364
42768	0.236627961560316
42812	0.383361379302481
42870	0.194543623753305
28520	-0.0555902141213826
31057	0.805147048557399
42451	0.159553396895435
42501	0.18514893714289
42543	0.295509368536679
42581	0.260201726938654
42628	0.0342697969655959
42679	0.154926369798317
42729	0.554026696956709
42773	0.0115256534785205
42820	0.582768886082795
42875	0.251836005454244
28889	0.684864283872341
31517	0.0477805197985677
42458	0.160382464786859
42506	0.309472287854034
42548	0.13445864142648
42589	0.304296899707416
42634	0.159685988750876
42689	0.116506678509803
42735	0.523217402136966
42777	0.323228291389054
42827	0.208664827611621
42890	0.172297731883463
42924	0.231315027647784
42970	0.167748537146717
43009	0.339808194076315
28431	0.461547753836314
11225	0.32236037572021
14305	-0.106874043434041
17537	0.637151325197265
28054	-0.0305400996390071
42449	0.139816739021449
42611	0.214083122108115
42764	0.139137410715132
42871	0.236174550131001
42929	0.50890858897293
42976	0.224268233349169
43012	0.308246637101043
42492	0.0823150069132035
11230	0.013887646634003
17278	0.115979286344749
17604	0.587148826216834
28346	0.0868065481048351
42462	0.790990965195421
42626	0.639724686475293
42779	0.213434258832338
42879	0.0306686364983334
42935	0.0629499539240298
17752	0.241390225214393
43017	0.292446233476258
42530	0.807172774802814
11238	0.136719886681931
17303	0.464645340425464
17621	0.049039388404166
28547	0.350390968176947
42474	0.297664005676193
42639	0.0679620709532089
42800	0.303150016680631
42886	0.12621771620342
42943	0.723461878654744
17748	0.239645137575427
11239	0.202352750726636
42721	0.00599199201373355
11249	-0.117557826399264
17352	0.271377981407242
17665	0.358780562569575
28944	0.997985837528511
42499	-0.285359380872446
42659	0.324900550099678
42809	0.124106102790001
42894	0.716724413863524
42975	0.0593250895848298
42677	0.732081922262146
13367	0.614607116141413
28876	0.152901828144286
11265	0.532990046335479
42741	0.423992747021085
13388	0.392345538186469
29056	0.212823540441528
11273	0.315414769396524
42881	0.299799467224575
13421	0.324110999212448
14295	0.199709780496534
42933	0.665358075950883
24127	0.150874777514808
4040	0.528043112774598
10976	0.21297302381192
11098	0.0175894480329639
19606	0.126576602222772
13143	0.163664472529251
17302	0.369681494171461
17463	0.369596611107129
17569	-0.0518727240537656
17657	-0.259328498166667
17882	0.381441975461313
19588	0.0190982479514585
5730	0.382869674885134
10986	0.255461911956669
11041	0.592312028468829
11108	-0.0749981970817352
11165	-0.182992996523872
13148	0.435057054322894
17325	0.131316369877984
17488	-0.0944519370262602
17577	0.0211825580514038
17718	0.196408782009803
17888	-0.120384787758567
19596	0.00489586224220977
10138	0.246681928041588
10991	-0.240080518180234
11048	0.454321902185743
11120	0.113530834796736
11171	0.409374462358484
13177	0.306811027268133
17336	-0.0441832137350235
17498	0.175038765473921
17592	0.0147810097969552
17814	-0.148119039893907
17904	-0.585192932451278
21757	0.217606436883196
10914	0.182949451166081
11000	0.0819724084606302
11061	0.249915801397072
11134	-0.114735774526386
11181	0.20327910719002
13485	0.0922535242491167
17353	-0.143643897807421
17508	0.124636093746884
17606	-0.0140217986456522
17825	0.432887063072363
17927	0.381807097293905
27533	0.454898120114918
28019	0.0809213282680933
30493	0.283183028567982
33668	-0.045074948185214
42485	-0.300145795491827
42533	0.317824518464203
42570	0.0517619152989531
42615	0.236094424922164
42663	0.157741924515057
42716	0.422878408924783
42759	0.180758336384987
42806	0.505240754937207
42858	-0.115717228164303
28250	-0.0857070657106042
30755	-0.0336729680310812
33915	-0.00811164747782065
42493	0.220100385165397
42538	0.666111806649901
42575	0.360071974151179
42620	0.0170793623229851
42672	0.167394852999824
42723	0.543075512267083
42766	0.200746715304328
42811	0.0830211516382371
42869	0.438398513611783
28480	0.166449475859688
31038	-0.0892281842106778
42450	0.0294407595837301
42498	-0.0989746756305324
42542	0.458171963700152
42580	-0.000289090719625325
42627	0.431168606941035
42676	0.467037318704966
42728	0.0779797496959786
42772	0.0917774239091943
42818	0.407711074280951
42874	0.268176201021914
28884	0.195806776858709
31436	0.208696496824672
42457	-0.0571580229474388
42505	0.303679474037459
42547	0.388751494403944
42588	0.389286059860154
42633	0.0955139227887605
42688	0.229317820779171
42732	0.100366283669449
42776	0.718076271156447
42825	0.994712512167939
42887	0.287575379452655
42923	0.308787483265474
42969	-0.0279269329022106
43008	0.468462926160046
28302	0.717239503900363
11221	0.473529421352853
14304	0.320857165774563
17528	0.17087008084263
27855	0.605612665076522
42445	0.752622297764518
42606	0.703454937964241
42752	0.78424832928527
42868	0.394810475056576
42928	0.0259254725030252
42974	0.691131557773058
43011	0.475174979223372
42487	0.179499165049776
11229	0.149231931065588
17273	0.10316898590159
17597	0.85909151428275
28309	0.520532953086713
42456	-0.220948193464223
42625	0.137078937828968
42770	0.49758513322914
42878	0.655099647526409
42934	0.255337922486193
17751	0.306625985548523
43014	0.282459335335072
42526	0.538552674706312
11235	0.724937023144827
17291	0.452189200354191
17620	0.0124003524067524
28505	-0.0756601567186308
42471	0.365528779411129
42637	-0.0812788290695978
42799	0.270660751900213
42884	-0.00755831570787548
42942	0.150939441654446
19602	0.230542931392247
5560	0.709391203858233
42720	0.124911856328274
11247	0.0560537789675717
17316	-0.0543664460822701
17639	0.062770680983144
28769	-0.214462248318914
42494	-0.135598155969443
42658	0.178410312079815
42805	-0.0675954886026254
42893	0.69559531347443
42966	-0.0293942988836463
42669	0.28399518852477
32812	0.0815095455015383
27821	-0.0379773724343116
11262	0.560524682929129
42722	-0.0524273649517817
29544	-0.0829778140807095
26160	0.0615713872741971
11271	0.265163360751008
42864	0.872169724856219
13417	0.221933652204171
14294	0.208249797190148
42907	0.140100143396082
28444	-0.161321385228698
3980	0.168230735217303
10975	0.573945394541153
11097	0.2135029248118
19005	0.445820926208787
13137	0.941975428360174
17299	-0.152171923501811
17460	0.205844738910313
17567	0.219610322305105
17655	0.39540289731886
17878	0.167186366014966
19585	0.218230711370293
5250	0.487847144414388
10985	0.264316630197244
11040	0.528730951573595
11105	0.222027325040778
11279	1.24309595306876
13147	0.0591547561078808
17315	-0.0536830442282656
17482	0.151643934932705
17573	0.454788333708064
17676	0.175911109156738
17886	-0.191115589984511
19595	0.0780609167392585
9938	0.185702506995451
10990	-0.0280667519978376
11045	0.435107825265174
11114	0.165293340170144
11169	-0.143391638173519
13175	0.376171786600092
17332	0.114265502178227
17493	0.188982324321756
17589	0.298172449951134
17810	-0.00602342662183911
17902	-0.233122981431517
21702	0.00467978266759078
10618	0.381903076379391
10998	0.18218639964216
11058	-0.122285614260146
11128	0.0716597273896038
11177	0.636873408193573
13183	0.0804305925815384
17349	0.377249762207354
17507	0.202364760781417
17596	0.276707297986891
17822	0.0150253083604817
17922	0.0724844178202006
27378	0.26146322248306
28009	0.0213644622695631
30442	0.219730785980511
33596	0.118408012507114
42484	-0.185210934455675
42532	0.1971797071681
42569	0.166050121270323
42614	0.503323054005942
42662	0.207795798172786
42715	0.10650107563109
42758	0.597015528893513
42802	0.342435171618177
42857	0.088413009726725
28191	0.0988065204279446
30716	0.31350685342609
33902	0.278216554926292
42491	-0.00644525306027117
42537	1.00504622690018
42573	0.0434490026581915
42618	0.0990814937999825
42671	0.433635815849549
42719	-0.0593983588614724
42762	0.623422704873558
42810	0.206531644235437
42866	0.889838874226744
28396	0.000364921615624742
31026	0.451178425994346
42447	-0.117859731383719
42497	0.0221120612175579
42541	-0.221324936325712
42578	0.0637198049878236
42624	-0.336040017853864
42675	-0.022862437116495
42727	0.273498908891359
42771	-0.136905949022809
42815	0.668419442814537
42873	0.337602926638729
28703	0.185324433399222
31349	-0.0895370833079162
42455	-0.0890156251158704
42504	0.244442667053973
42545	0.142270622552002
42584	0.262567619161166
42630	0.281444823696407
42683	0.404167779362261
42731	0.220962241116807
42775	0.56335714495948
42824	0.466082681278667
42885	0.135159546178875
42921	0.206355077590971
42968	0.154007134782439
43007	0.214607911780519
27560	0.116913577836232
11218	-0.0573550853932251
14303	0.333541288481663
17527	0.170560589835002
27773	-0.0316570149905188
42444	0.142471260860367
42605	0.499524949038837
42751	0.315310492953626
42867	0.0345561563787942
42926	0.16805017338884
42972	0.687374085568939
43010	0.305625310127941
30209	0.509951795189441
11227	0.623297173085045
16681	0.407384461756358
17548	0.0761553822068198
28213	0.169388635048556
42453	0.198322380727739
42621	-0.176452914946213
42767	0.667040188749448
42877	-0.118097225555055
42932	0.544432590060312
17750	0.162731826737358
33399	0.187653555937367
42521	0.179461840397176
11234	0.164825545096528
17290	0.403520288590861
17618	-0.0386492127296097
28456	0.339230505801032
42469	0.113371560053948
42636	0.263312365569947
42796	0.0576012824106977
42883	0.396356874350594
42941	0.0575421001939749
19580	0.216113440354784
43018	0.345286394455762
42710	0.0947644379224075
11246	0.169201552724835
17313	0.367826427568059
17638	0.0776681909226344
28759	0.0713791806035901
42489	0.0749026714952512
42651	0.293776694224888
42804	-0.261290765570789
42891	0.86841385347784
42961	0.856446990792324
42665	-0.0151774897312872
13186	0.362930853907407
30293	0.127504547750169
42978	0.617301213632543
42685	0.25755148425548
13371	0.306175126280473
25728	0.139608353937565
11268	0.801866495790339
42862	0.191424058817221
13393	0.245874524943464
30747	0.218953974120667
11275	-0.111157908043369
42903	0.258717012583642
28568	0.452370370802863
3320	0.107675352055291
10972	0.436190707803497
11093	0.102233054344017
19011	0.259854477810273
13133	0.0862397397921778
17295	0.713531316437531
17459	-0.114892461717651
17566	0.312123582626966
17652	-0.0658523903700554
17876	0.0320916179227048
19583	0.107419014228184
4700	0.1910786928265
10978	0.255249905639121
11039	0.400886772453709
11104	0.542130569238803
19013	0.09858743134464
13146	-0.194036510245383
17312	-0.152647939236439
17474	0.189384237624802
17571	0.475464118060645
17668	0.172237185740394
17885	0.708555802310156
19593	0.261362073503432
6880	0.223168816662356
10988	-0.0289373580702212
11044	-0.427813495034304
11113	-0.113959123731504
11168	0.125808380098139
13171	-0.188768901607718
17328	0.581777531758792
17492	0.45401483718542
17585	0.124748680284039
17808	0.127079143673148
17898	0.199381877873104
21501	-0.350121863199148
10482	-0.287384801086844
10997	0.190833111483853
11053	0.192473898137211
11125	-0.387898079257465
11176	0.501962953093988
13179	0.0888420783667939
17347	-0.1081065672068
17506	0.217217734506151
17594	-0.0784946196897945
17818	0.0425220408473902
17918	0.0777609578737936
27229	-0.18661197084848
27961	0.700621782388203
30033	0.265620545852329
33430	0.244221151686714
42483	-0.109705572742142
42531	0.260782680461047
42567	-0.0937622005556162
42613	0.454622229485916
42661	0.300570990585097
42713	-0.298569403974602
42757	-0.0392264815357592
42801	0.269312174241754
42855	0.13329127246302
28150	0.711001841544239
30687	0.282017944906085
33728	0.00608746833081558
42490	0.369541701047866
42535	-0.235219268635479
42572	0.154278574783094
42617	0.079940034474729
42667	0.162708331667625
42718	0.105959892602087
42761	0.464748489681482
42808	0.231878627064384
42865	0.32369706481331
28257	0.663421480676385
30787	0.402889347415032
42446	0.166665507981216
42496	0.148716814527874
42540	0.995495932651602
42577	-0.0866284220016066
42623	-0.381498997260077
42674	0.265119960557044
42726	0.396259627496538
42769	0.259831983544835
42814	-0.07699176745083
42872	0.650425337528291
28536	0.370254431028796
31076	0.336800871243849
42454	-0.0703993636785687
42503	0.00273864852234606
42544	0.138285887531327
42583	0.256565251407993
42629	0.294654677320603
42682	0.0670087193215497
42730	0.298433087268164
42774	0.177079204159133
42823	0.159025838009221
42882	-0.161803770222765
42920	0.139482503711696
42967	-0.126012435919044
33400	0.129658835594038
27542	0.115588971493065
11217	-0.106840654595391
14297	0.3633711338741
17525	0.169738774647778
27575	0.121454325146352
42443	0.353339323382312
42604	-0.16053187825498
42748	-0.323411921020763
42863	-0.18178022667272
42925	0.144767964774079
42971	0.0837420908164146
29502	0.408356115012174
28534	0.357990546626628
11226	0.408901722885886
16528	0.849202845760459
17540	0.344737631030436
28161	-0.0473475521064123
42452	0.801392833352383
42619	0.582687186507276
42765	0.00175760068107923
42876	-0.0797511202539945
42930	0.363126319362834
17749	0.35285903274764
43013	0.25572570434087
42510	-0.15401142459187
11231	0.474614023718214
17287	-0.122450507102831
17610	-0.27553459115382
28450	0.478935149602961
42464	-0.556943281611389
42631	-0.170177391828966
42790	0.16328148804406
42880	0.464823334746444
42940	0.226027725022701
19004	0.311381388251685
43020	0.166753832857436
42681	0.0700024162219612
11245	0.276088075466011
17304	0.112295006462163
17632	0.555170739024569
28624	0.477733026691307
42488	-0.118864422645833
42646	0.217909513303058
42803	0.679391416671314
42888	0.609018301350264
42953	0.435980497377971
42647	0.249950053059586
1100	0.189669186542767
27833	-0.140997146185846
42977	0.269407171568241
42684	0.0745725893322192
29138	0.178718756130048
27318	-0.0486150506944846
11266	0.234347485062
42763	0.487575670792471
13389	-0.0229542963367776
30756	0.234476642306306
11274	-0.160831815881379
42889	0.408138640676149
13430	-0.0824557824310231
10936	0.358218351426354
11013	0.305524436972903
11141	0.431470344372842
19604	0.573619737850834
14300	0.311156771224796
17391	0.746675621460372
17529	0.110956821904313
17619	0.158104526256882
17849	-0.0405687488879139
17940	0.242627721583047
27541	0.261861580085302
10944	0.492528665782483
11020	0.149280982203927
11077	0.17063815387742
11149	0.228647025543595
11222	-0.0888369634175275
14313	0.0107698483323105
17411	0.331276463914979
17536	-0.107842833204737
17626	0.240685244310049
17853	0.265348531788379
17953	0.383876130286201
27549	-0.109879021849233
10954	0.306858653366565
11024	0.317149540255337
11085	0.172622546281485
11158	0.178179881080309
11277	0.147624355360197
15619	0.199311047239709
17427	0.295309472473402
17552	0.427376664334591
17636	0.331277173874404
17863	0.827753280152491
18900	0.138775396933933
27672	0.47295834734745
10967	0.545511943352913
11038	-0.0710350340990499
11092	0.151017035581668
11164	0.432817844085784
13132	0.679009756936785
17289	-0.0116491587584786
17445	0.144488697348813
17565	0.513648286730699
17650	0.396584400696251
17875	0.292399968701373
19582	0.488813780156141
27898	0.554908058576432
29328	0.225729759804874
32190	0.0190189626662249
42463	0.310354609628419
42513	0.524972539743731
42552	0.267222571955429
42593	0.022717912717944
42642	0.273873904578543
42694	0.522474319223399
42739	0.32657502410845
42783	0.58978984393547
42832	0.466700082407581
42898	0.34372638244561
29562	0.156499974168293
32825	0.681281715741735
42468	0.16408012038079
42517	0.0461161694600666
42556	0.230433866488635
42599	-0.0211803531533581
42649	0.395630223808708
42699	0.336983027707505
42744	0.397257105967862
42787	0.0366786830101735
42839	0.465175629168644
42902	0.372905807696565
29802	0.87327016533188
32946	0.719950216527906
42476	0.443631657506982
42524	0.125324158761025
42560	-0.187426556716287
42607	-0.0455629520582314
42654	0.535365446845398
42703	0.688829445199564
42750	0.0828148955415422
42792	0.204450517621682
42847	0.382345520534831
42910	0.02049662587487
29883	0.201422559846012
33407	0.0589479954004653
42482	-0.0969354562789395
42529	0.523320398629907
42564	0.326349686611943
42612	0.0188577323184379
42660	-0.00711743024544121
42711	0.497994429108746
42756	0.182593797803914
42798	0.660318838236269
42854	0.00692661308254242
42918	-0.161894569968317
42950	0.491666441470626
42994	0.707932820190308
17823	0.0766506434074569
42793	0.701702159660884
11254	0.599206382549004
17425	0.0820357688660115
17743	0.18155495231175
29779	0.0695206052373617
42519	0.438553364441114
42678	0.271262799054638
42821	0.375564208623885
42911	0.0134430361984949
42955	0.100386435975628
42998	0.111003283375166
17858	-0.268642321577256
42856	0.612124156002069
13150	0.262130342690519
17446	0.10321692846227
19601	-0.177117619728001
31015	-0.149690961344056
42566	0.0785792732171982
42691	0.164302467085421
42835	0.333482417236157
42919	-0.104532503856899
42959	0.306587548752876
43002	0.329997983997594
17892	0.0811467142079434
11205	0.167939233617217
14268	0.107851034314613
17489	0.684802161546603
25126	0.336188453495597
32707	0.240914196798953
42585	0.950697219380737
42709	0.3507597785355
42844	0.0858093365116577
42937	-0.117779485031826
42965	0.479095092577034
43006	0.262045881377873
17957	0.0430088744774234
11215	-0.0353606768954974
14293	0.319603423359563
17517	-0.0806266907896141
27574	0.374254122816926
33163	0.0346035638940854
42601	0.162075675240173
42733	0.00911252529420342
42861	0.732922931358485
42948	0.840628224531355
27578	0.0814992345027413
42973	0.610548564747032
24163	0.230036296054235
29001	0.114527378971975
42479	0.0846331663439025
42981	0.499065943364693
24199	-0.0129254247520454
30147	0.191200292652135
42568	0.294045294894435
42985	0.970218107095808
27968	0.153348880119131
42645	0.427071644845476
42979	0.492355074877356
25611	0.081601851077208
10928	0.415628140831972
11011	0.163013544397174
11140	-0.156876248336163
19007	0.677274234315283
14285	0.388361931538435
17377	0.390900287933361
17522	0.824507219517574
17614	0.365069852775587
17842	-0.27679800804097
17936	0.172182318831138
27540	0.356232809003794
10943	0.496218207555755
11018	0.26648237515743
11074	0.237940003970491
11148	-0.127341392341869
11184	0.326654754580278
14306	0.42916061097583
17402	-0.310400592344801
17535	-0.034341271140741
17625	0.224055028469664
17852	0.096410188501209
17946	-0.223844908086405
27546	0.114654862934691
10952	0.162723234273296
11023	0.271243562543019
11084	0.240455317532653
11154	-0.0239409827927594
11260	0.35761968756443
14962	-0.280894326980407
17419	0.157816715346744
17546	0.0523576738429755
17634	-0.0333578698007518
17861	0.704623882203823
18847	-0.363295920292051
27565	0.424865979878555
10964	0.193405283984392
11037	0.0738244760315365
11091	0.256730673281734
11163	1.31782765493132
13131	0.632509812419004
17283	-0.38793455637366
17444	0.108105865434363
17563	-0.265632524079285
17646	0.214276991404554
17872	-0.0163147329492389
19581	0.528488786005156
-1	0.0403322661815941
27838	-0.19909463887648
29190	0.12876379032767
32095	0.256284401117067
42461	0.730542699104145
42512	0.325753205215456
42551	0.25980923741207
42592	0.608065383149247
42641	0.27846020296443
42693	0.173139374687158
42738	0.223218511902196
42782	0.107729852031213
42831	0.500300511316403
42897	-0.277960183174636
29529	0.201729891099511
32809	-0.162271453420626
42467	0.111080294751616
42516	0.161836637942309
42555	0.350252919096606
42598	-0.120235042533776
42648	0.399400839113989
42698	0.108345114130498
42743	-0.00807673205853285
42786	-0.131358652537379
42837	0.000875333604228438
42901	0.0237753748980294
29736	0.328138105922065
32891	0.200643942341013
42475	0.372779281656847
42523	-0.234226516783555
42559	-0.275519346170538
42603	0.189901615883337
42653	0.439430257524615
42702	0.139553005752006
42749	0.545399945478188
42791	0.0105441215138834
42845	0.204497738738713
42909	-0.0319769299397825
29872	0.598643560591709
33401	0.323334619896192
42480	0.145063134002267
42528	0.255265914390911
42563	0.184888700769768
42610	-0.00764756805866281
42657	-0.254608566254831
42708	0.506038074886877
42755	0.276681221939093
42797	0.04248249686826
42853	0.14244967115744
42917	1.00347806933043
42949	0.102194073197185
42993	0.0961485627537502
17820	0.236685878687174
42780	0.319658182635839
11253	0.786255525866312
17422	0.30672848918562
17729	0.0174200385906812
29650	0.419590471740898
42518	0.789105975996966
42670	-0.076572156887783
42817	0.10633189432778
42908	0.615297344246179
42954	0.390067112638784
42997	0.0770109205886971
17848	0.285242089153391
42848	-0.0936549394627088
13149	-0.0957855896516583
17438	0.00149367016359523
19600	0.4225013610563
30973	-0.0624515176685816
42565	0.299003268342955
42687	0.62706545116749
42830	-0.0847189894542938
42916	0.719341399111652
42958	0.433391881877938
43001	0.638462905133572
17891	0.205488106773739
11202	0.00246540488853985
14189	-0.0687441426939025
17478	0.010958297226929
25117	0.4321825758916
32608	0.464352413817561
42582	0.302979742849744
42707	0.593520657806506
42842	0.2274322696847
42931	-0.0817154243206257
42964	0.445385301045692
17955	0.765139530637601
11210	0.0564060270571681
14290	-0.150114570305953
17513	-0.188080736002679
27572	0.101020875411834
33121	0.188587867358157
42595	-0.156048556413953
42725	-0.160529581927876
42851	-0.255224860713825
42947	-0.0643167778523402
14316	0.683762671083272
42963	0.783455372795299
27676	-0.0549726653530966
28684	0.220821071598354
42472	-0.0825878462185183
42982	0.0216791256958707
29837	-0.148921889369653
27350	-0.0238050128281497
42511	-0.000272314448941514
42986	0.672769033524978
28098	0.00825622254215507
42640	0.30710809006382
42980	0.0650985929162221
25593	-0.228282537369293
10925	-0.0603949970429016
11007	0.101701829797494
11139	0.0196161355724511
19008	0.552451159784234
14280	-0.121179690677392
17359	0.178566187159
17520	0.101390557337872
17613	0.182505094887451
17836	0.553134373902977
17935	0.194783897489634
27539	-0.102923050592243
10942	-0.0930628238763764
11015	0.260422823731181
11073	0.125738056013335
11144	0.11811986046916
11278	0.611891353595559
14302	0.499380635598989
17394	-0.0147192197351476
17532	0.470861392476721
17624	-0.0355088879801387
17851	0.126669053195486
17944	0.0772512479885825
27545	-0.118919290034315
10947	0.411509459169803
11022	0.2912901187442
11083	-0.173011725741929
11151	0.488889229173471
11240	-0.0721707858783519
14854	0.202795818202002
17418	-0.00076060800797094
17541	0.18557331535643
17631	0.101320472732154
17859	0.470138932718303
18739	0.205985580480898
27559	0.244766672642419
10962	0.369993554248512
11030	0.204656908803489
11090	0.235372964852848
11162	-0.198731120348124
13130	0.0908195956660882
17280	0.411251912205324
17439	0.434456592190718
17562	0.140961848901184
17641	-0.252575331634368
17870	0.28636528775589
19016	0.273154933661749
27740	0.728611359526462
28966	0.536436328777881
31867	0.449065055280892
42460	-0.308701262004916
42509	0.674430669925464
42550	0.609373640196548
42591	0.717285486163409
42638	0.490898783247283
42692	0.204488318538368
42737	0.264284126768613
42781	0.623468805435643
42829	0.17847361915316
42896	0.0424027727096387
29460	0.40960366506242
32731	0.215651678992596
42466	0.277167973081844
42515	0.248213015075435
42554	0.78561281703445
42597	0.250915307273998
42644	0.227711455603802
42696	0.286323002219765
42742	-0.0852681977375723
42785	0.876406923706852
42834	0.549222647073861
42900	0.482863805139355
29577	-0.0339483039323493
32884	0.31175927010431
42473	-0.125863073899505
42522	0.289289943897679
42558	-0.0230762599755964
42602	0.0586758512121372
42652	0.43002768837774
42701	0.479220383645201
42747	0.0753125762514517
42789	-0.00447785326863639
42843	0.279448535512547
42906	0.384263636430608
29871	0.422080110401926
33177	0.0975330236499757
42478	0.122115088004336
42527	0.115129920477457
42562	-0.0841740460567806
42609	0.41431326669002
42656	-0.252905240380816
42705	-0.228945722642086
42754	0.220005195423246
42795	0.118521746374019
42852	0.0514641242368415
42914	0.619427484225242
42946	0.194337186200582
42992	0.21021196194809
17653	0.248479475516258
42745	0.618525727896298
11251	0.401940835277158
17388	0.47696589330915
17691	0.0465722103008985
29153	0.222350509350416
42507	-0.0265193919527962
42668	0.221891111228827
42816	0.142263398702065
42904	0.569553630979046
42952	0.0659241187726797
42996	-0.0262493989167393
17841	0.0645546142910871
42838	0.0774367272764921
11256	-0.506090432948561
17433	0.217201481473534
19599	0.324046526449357
30831	-0.126200483561137
42546	-0.0842510432239463
42686	0.294492838266395
42826	0.522969425159382
42915	0.579433749919106
42957	0.343874579193652
43000	0.576920318831421
17880	0.071546735849231
4390	0.153850887531749
13784	-0.26577930835343
17465	0.4394738947427
23767	0.0837027040351289
31388	0.509145711979097
42579	0.0332499616363659
42706	0.705868252064755
42841	0.600158693641888
42927	-0.0502117126673497
42962	0.276533001658479
43004	0.697750499552289
17952	0.990620510709794
11208	0.320334060035841
14289	0.246308465811349
17511	0.577878892437176
27571	0.0201947616247331
33116	0.423327404093916
42594	-0.132224668842682
42714	0.0241493897267894
42849	-0.308313999892137
42945	0.380411385607926
14312	0.0870909505273444
42938	-0.0449235065582345
29564	0.086958368058176
28581	0.188882082909286
42448	0.597337673404418
42984	0.526246235558882
27953	0.0445160639762362
30207	0.208743359824596
42502	0.476803446776949
42987	0.229412348773135
24226	-0.0683838216993283
28488	-0.0569023999918514
42632	0.145329503487916
42989	-0.0111253569125674
25557	0.084162749572598
10923	0.180115974946445
11005	-0.113732571217087
11138	0.535779236861534
19607	-0.093383276670402
14272	-0.0382749389449742
17358	0.231571832521852
17519	-0.0369062785132568
17612	0.162260091605345
17831	0.10111394798912
17929	-0.00339292707881545
27537	0.190432176204337
10937	0.19846596632946
11014	0.531894900903255
11065	0.339867433376163
11142	0.679165944023157
19605	0.56807232225136
14301	0.267066836609347
17393	-0.0212179019085048
17530	0.137033826147173
17623	-0.0790795597701909
17850	-0.149097613510126
17942	0.0140490141417683
27544	-0.318944981642453
10946	-0.160565379261538
11021	-0.0493640574609127
11078	0.1391293491302
11150	0.0897323455035804
11224	0.254046092098913
14328	0.0199505551050604
17415	0.323394621969538
17539	-0.339071162538502
17630	-0.150980959756042
17854	0.0325266459425527
17961	0.0311760176830625
27551	-0.197486396649109
10955	0.138774941264371
11027	0.345996428741416
11089	0.315792719176936
11159	0.195742912758089
13127	0.139530455090371
17272	0.184556633982016
17437	-0.287457395221062
17561	0.295280334471995
17637	0.233810981963244
17866	0.335473384526086
19015	0.344988244017533
27720	0.411905120055934
28950	0.134740275287329
31809	0.26215415353224
42459	0.142341098470796
42508	0.0221808332331076
42549	0.037672396711576
42590	-0.329851826831651
42635	0.217017322234729
42690	-0.0248672159347292
42736	0.213770896072061
42778	0.294350431435481
42828	0.0593733399580906
42892	-0.154266174922357
29379	0.191569594861577
32711	0.105823854840682
42465	0.200469110844912
42514	0.462192948108965
42553	0.149413161410556
42596	-0.0283921659547766
42643	0.212611509245374
42695	0.227061605788216
42740	0.156342647461115
42784	0.19222357280624
42833	0.134550089772436
42899	0.169427681338431
29575	0.522645858757399
32883	0.652045669568915
42470	0.233280526209047
42520	0.187461084116731
42557	-0.00528521666580191
42600	0.180531322643543
42650	0.349577985170322
42700	0.33801749547854
42746	0.442089731434625
42788	0.0973716870326175
42840	0.111797344895238
42905	-0.144354450921055
29852	0.0405154022780607
33043	-0.0307191152586028
42477	0.151727643868246
42525	0.481175531551742
42561	0.101534123096248
42608	0.256464454818019
42655	-0.176130816533785
42704	0.182979728032071
42753	0.371768978109962
42794	0.023896079734835
42850	-0.0557141999870969
42912	0.2028290546386
42944	0.197076337694253
42991	0.643334044954189
13140	0.0424396749871006
42734	0.269724819403804
11250	0.0273785623087682
17378	-0.106141104256149
17669	0.421565496939961
28979	0.138170620157768
42500	0.20658606494793
42664	0.199383935567463
42813	0.214767182283858
42895	0.445537895187368
42951	-0.218587045861051
42995	0.261850557852973
17824	0.061097910553419
42819	-0.06125841097996
11255	-0.172848904462994
17431	0.323945957852833
17896	-0.0172926848900622
30681	0.43742401468407
42536	-0.181913825528804
42680	0.0557020169398071
42822	0.594408237350729
42913	-0.101090715971683
42956	0.00157039830683969
42999	0.024726332360897
17869	0.664819084239347
42859	0.275450618360387
13176	-0.0253364248342665
17464	0.649555287076444
23524	-0.0637050683033415
31053	0.19431386800733
42574	0.513577627199809
42697	-0.0256892572693545
42836	0.148948605689478
42922	0.0918622016641442
42960	0.359014033948707
17932	0.0609195255196819
11207	0.188449222774757
14288	0.95018708775444
17495	0.0404821037703504
27558	0.102784189254216
33114	0.299112954979396
42587	0.727177602436925
42712	-0.0684843522517226
42846	-0.0742621866602819
42939	0.411285218089138
14307	0.283540200363753
42936	0.084933614609997
24136	0.0387636172612886
28393	0.158666717487001
30908	0.182113648866752
42983	0.297074315921011
27291	0.479204374702663
29146	0.0402031189572096
42481	0.205376444320847
42988	0.0971554739948207
24217	0.0441898294945726
28038	0.0435118562776075
42586	0.652683024296144
42990	0.235714356776287
28929	0.052352878111638
