""	"logFC"	"Fold Change"	"AveExpr"	"t"	"P.Value"	"adj.P.Val"
"hsa-miR-185-3p"	1748.82431893407	Inf	1748.82431893407	4.79350375952133	0.0104452472012721	0.969829504896527
"hsa-miR-183-5p"	-29.8573218708442	-972634059.017999	-29.8573218708442	-4.58368418349888	0.0120894744031279	0.969829504896527
"hsa-miR-106b-5p"	193.068156516941	1.31615282156361e+58	193.068156516941	4.25880573293833	0.0153167215793317	0.969829504896527
"hsa-miR-491-3p"	824.031121891959	1.14310217244872e+248	824.031121891959	4.03074706061899	0.0182287453143707	0.969829504896527
"hsa-miR-519d-3p"	-1372.4957141291	-Inf	-1372.4957141291	-3.99802093545564	0.0187003565539222	0.969829504896527
"hsa-miR-193a-5p"	1431.18178956118	Inf	1431.18178956118	3.77667677127661	0.0223133685690066	0.969829504896527
"kshv-miR-K12-6-3p"	841.767301755018	2.49578515617028e+253	841.767301755018	3.14016345037724	0.0386117507475971	0.969829504896527
"hsa-miR-93-5p"	89.4194223562917	8.27805531701593e+26	89.4194223562917	2.95496538922053	0.0458408678245146	0.969829504896527
"hsa-miR-330-3p"	26.1689136817894	75444567.3180547	26.1689136817894	2.93916742517312	0.0465291314248734	0.969829504896527
"hsa-miR-637"	699.15384106775	2.92602306404968e+210	699.15384106775	2.92127196464098	0.047323648330733	0.969829504896527
"hsa-miR-888-3p"	-196.460069612825	-1.38157321136914e+59	-196.460069612825	-2.891083255717	0.0487007357070713	0.969829504896527
"hsa-miR-199a-5p"	-17.3598899807608	-168208.371265673	-17.3598899807608	-2.80228143882649	0.0530352310108023	0.969829504896527
"hsa-miR-455-5p"	-17.7923667641077	-227005.348538528	-17.7923667641077	-2.62642170752798	0.0630375147247707	0.969829504896527
"kshv-miR-K12-6-5p"	-28.7240394445439	-443401818.002165	-28.7240394445439	-2.50976065422696	0.0708964680902262	0.969829504896527
"ebv-miR-BART19-3p"	66.3064356505891	91248563538278596608	66.3064356505891	2.49680910149724	0.0718373863770183	0.969829504896527
"hsa-miR-551b-3p"	-946.383227210698	-7.7578036551886e+284	-946.383227210697	-2.44304440930186	0.0759014122390431	0.969829504896527
"hsa-miR-602"	110.276133889653	1.57189707801136e+33	110.276133889653	2.39879977835119	0.0794462510187907	0.969829504896527
"hsa-miR-302c-5p"	-23.6558679114826	-13216784.6809997	-23.6558679114826	-2.33312892061854	0.085065609618952	0.969829504896527
"hsa-miR-922"	-60.5684453644858	-1709695802473965568	-60.5684453644858	-2.25443829823161	0.0924097344602604	0.969829504896527
"hsa-miR-421"	-18.5637258378577	-387470.20139736	-18.5637258378577	-2.24919554225143	0.0929242412201809	0.969829504896527
"hsa-miR-582-3p"	-16.7331293877154	-108936.612683416	-16.7331293877154	-2.23116452127052	0.0947188431008993	0.969829504896527
"hsa-let-7f-5p"	-92.7125860403487	-8.11464217277088e+27	-92.7125860403487	-2.22843815329072	0.094993616734349	0.969829504896527
"hsa-miR-605-5p"	47.681036399782	225643163920243	47.681036399782	2.12070873319148	0.106611246301328	0.969829504896527
"hsa-miR-24-3p"	231.85203317426	6.22897433014614e+69	231.85203317426	2.06930301414396	0.112714720268146	0.969829504896527
"hcmv-miR-US25-1-3p"	60.1286090774171	1260418966905362432	60.1286090774172	2.06837487444225	0.112828472657592	0.969829504896527
"hcmv-miR-UL148D"	167.461539564694	2.5760039761904e+50	167.461539564694	2.05362400297653	0.114653730471922	0.969829504896527
"hsa-miR-20b-5p"	-16.1717985653678	-73823.8094748663	-16.1717985653678	-2.02502562223369	0.118287464149569	0.969829504896527
"hsa-miR-647"	-30.8628596645178	-1952749390.78717	-30.8628596645178	-2.01758627959747	0.119253695987325	0.969829504896527
"hsa-miR-648"	16.6528378412601	103039.490638804	16.6528378412601	2.01705670637258	0.119322813004921	0.969829504896527
"ebv-miR-BART7-5p"	-19.1436386252821	-579174.526602299	-19.1436386252821	-1.98082339807211	0.124159594235308	0.969829504896527
"hsa-miR-146b-3p"	-100.013025019884	-1.27914709267214e+30	-100.013025019884	-1.96647836779901	0.126134487359882	0.969829504896527
"hsa-miR-363-3p"	-43.165589455951	-9865911303681.79	-43.165589455951	-1.92513585974465	0.132023799429906	0.969829504896527
"kshv-miR-K12-3-5p"	55.0432726553824	37125826331398384	55.0432726553824	1.89511986525786	0.136490083525894	0.969829504896527
"hsa-miR-485-3p"	-104.526362756826	-2.9212621214404e+31	-104.526362756826	-1.88818038219802	0.137546195170753	0.969829504896527
"hsa-miR-187-5p"	71.4111343358011	3.13973836303101e+21	71.4111343358011	1.88105842077032	0.138639435030276	0.969829504896527
"hsa-miR-513a-5p"	93.9859543911869	1.96151413851563e+28	93.9859543911869	1.85210566147983	0.143183059702588	0.969829504896527
"hsa-miR-19b-3p"	187.016364199811	1.98397092894244e+56	187.016364199811	1.8509596617567	0.143366232886216	0.969829504896527
"ebv-miR-BART1-5p"	-20.8577738419956	-1900271.12502178	-20.8577738419956	-1.84820460527616	0.143807643819841	0.969829504896527
"hsa-miR-222-5p"	-10.5252537992924	-1473.72722160988	-10.5252537992924	-1.84609612911368	0.144146465761239	0.969829504896527
"hsa-miR-559"	-11.7322547598038	-3402.20594770917	-11.7322547598038	-1.84596025532671	0.144168329972452	0.969829504896527
"hsa-miR-642a-5p"	1095.24506076103	Inf	1095.24506076103	1.84306131944648	0.144635679780428	0.969829504896527
"hsa-miR-377-5p"	-41.1205770290595	-2390711247486.81	-41.1205770290595	-1.79642771391007	0.152385566294751	0.969829504896527
"hsa-miR-607"	-20.5620998268161	-1548134.97324525	-20.5620998268161	-1.77805337433414	0.155562322269925	0.969829504896527
"hsa-miR-891a-5p"	-31.2559892263412	-2564426766.76483	-31.2559892263412	-1.76716410341037	0.157478833777885	0.969829504896527
"hsa-miR-183-3p"	17.7222186698422	216231.723208603	17.7222186698422	1.7407806562259	0.162229094555056	0.969829504896527
"hsa-miR-525-5p"	57.0869659052034	153069653434478464	57.0869659052034	1.74011066288621	0.162351722096995	0.969829504896527
"hsa-miR-887-3p"	-74.7206361464753	-3.11281116257582e+22	-74.7206361464753	-1.7396339294884	0.162439038540113	0.969829504896527
"hsa-miR-204-5p"	-244.678406261912	-4.52417688066367e+73	-244.678406261912	-1.72839378691112	0.164512471998872	0.969829504896527
"hsa-miR-7-2-3p"	-28.0299603413836	-274068321.507356	-28.0299603413836	-1.7214053927454	0.16581595675217	0.969829504896527
"hsa-miR-29b-2-5p"	-11.3963229877021	-2695.47345696124	-11.3963229877021	-1.72134658719194	0.165826972281129	0.969829504896527
"hsa-miR-124-5p"	-30.4247601258289	-1441336579.76111	-30.4247601258289	-1.71940387969372	0.166191325515447	0.969829504896527
"hsa-miR-148b-3p"	190.932144122834	2.99434969072529e+57	190.932144122834	1.71355058161204	0.167294319845935	0.969829504896527
"hsa-miR-937-3p"	49.0073026268297	565806714863153	49.0073026268297	1.7049608028537	0.168927237916354	0.969829504896527
"hsa-let-7a-5p"	-972.60642174648	-6.07724746446114e+292	-972.60642174648	-1.69105710825798	0.171606674791589	0.969829504896527
"hsa-miR-20b-3p"	-10.294364908169	-1255.77728664197	-10.294364908169	-1.68187385443332	0.173401352002508	0.969829504896527
"hsa-miR-520g-3p"	-23.5381389856683	-12181082.2812521	-23.5381389856683	-1.67949634787401	0.173869250470098	0.969829504896527
"hsa-miR-526b-3p"	21.1546271831121	2334411.0441198	21.1546271831121	1.67617985345295	0.174524198893488	0.969829504896527
"hcmv-miR-UL22A-5p"	-11.4809313518079	-2858.27963530659	-11.4809313518079	-1.67569667304819	0.174619838147906	0.969829504896527
"ebv-miR-BART18-3p"	-22.692985493229	-6780618.72494494	-22.692985493229	-1.66508914743391	0.176733617502655	0.969829504896527
"hsa-miR-340-3p"	-32.4291541086219	-5782932467.75042	-32.4291541086219	-1.65603357518168	0.178559727989507	0.969829504896527
"hsa-miR-125b-2-3p"	54.6711047529336	28684179179822128	54.6711047529336	1.63619250053352	0.18263135577788	0.969829504896527
"hsa-miR-139-5p"	-52.1137574492967	-4873087157273284	-52.1137574492967	-1.6255364685004	0.184858685426107	0.969829504896527
"hsa-miR-373-5p"	14.1011353694148	17573.7611349051	14.1011353694148	1.62185781337587	0.185634268611811	0.969829504896527
"hsa-miR-125b-1-3p"	52.0252671393026	4583169734767600	52.0252671393026	1.62120055097312	0.185773203833066	0.969829504896527
"hsa-miR-297"	-32.3761669933864	-5574390766.69034	-32.3761669933864	-1.59960151774909	0.19040062054083	0.969829504896527
"hsa-miR-218-2-3p"	-9.13712596561714	-563.052627955048	-9.13712596561714	-1.59395024773578	0.191631330576751	0.969829504896527
"hsa-miR-212-3p"	-43.6661351772033	-13957784315733.2	-43.6661351772033	-1.56099258562204	0.198977365150151	0.969829504896527
"hsa-miR-184"	74.145243096118	2.08901812332864e+22	74.145243096118	1.5371884967476	0.204466255714181	0.969829504896527
"hsa-miR-487b-3p"	-202.714841022189	-1.05498847168048e+61	-202.714841022189	-1.53550980120092	0.204859257884129	0.969829504896527
"hsa-miR-493-5p&hsa-miR-493-3p"	-11.2972852507969	-2516.64367952924	-11.2972852507969	-1.52878342350574	0.206441891604314	0.969829504896527
"hsa-miR-599"	-9.60223644140169	-777.250829706019	-9.60223644140169	-1.51231804915821	0.210369884689749	0.969829504896527
"hsa-miR-524-5p"	-49.0472781784121	-581703848924102	-49.0472781784121	-1.50357352463685	0.212487443499409	0.969829504896527
"hsa-miR-219a-5p"	2731.40743162865	Inf	2731.40743162865	1.50293210202025	0.212643636036925	0.969829504896527
"hsa-miR-488-5p"	-11.1183772441746	-2223.13099466188	-11.1183772441746	-1.50247111318299	0.212755964637094	0.969829504896527
"hsa-miR-130b-5p"	-15.4009789569906	-43266.9845617517	-15.4009789569906	-1.49172019096782	0.215393112040256	0.969829504896527
"hsa-miR-532-3p"	41.1028846442038	2361571974251.44	41.1028846442038	1.49066120017614	0.215654698731668	0.969829504896527
"hsa-miR-451a"	-1703.00686318042	-Inf	-1703.00686318042	-1.4739029148624	0.219838158641544	0.969829504896527
"hsa-miR-656-3p"	-32.859417556918	-7792383618.43167	-32.859417556918	-1.46841457703155	0.22122633866501	0.969829504896527
"hsa-miR-337-3p"	-29.2215119016373	-625967234.298787	-29.2215119016373	-1.46387570713958	0.222381173586528	0.969829504896527
"hsa-miR-556-5p"	-63.6744389544268	-14720280386340894720	-63.6744389544268	-1.45435256192203	0.22482432640122	0.969829504896527
"hcmv-miR-UL36-3p"	21.7130809337289	3437863.7394926	21.7130809337289	1.45378267611591	0.224971399998586	0.969829504896527
"hsa-miR-495-3p"	-72.4841055162624	-6.60526079140445e+21	-72.4841055162624	-1.44916913693438	0.226165676350183	0.969829504896527
"hsa-let-7b"	393.134711818812	2.21483100341244e+118	393.134711818812	1.44027365550475	0.228486739712253	0.969829504896527
"hsa-miR-374b-5p"	35.7920596134533	59495422127.1568	35.7920596134533	1.43683840881934	0.229389589090898	0.969829504896527
"hsa-miR-489-3p"	-14.2580262969244	-19592.668675217	-14.2580262969244	-1.43620287337278	0.229557019025402	0.969829504896527
"hsa-miR-106b-3p"	7.27401500534434	154.773536284248	7.27401500534434	1.43613636824391	0.229574546813652	0.969829504896527
"hsa-miR-423-3p"	29.9536496640076	1039793333.00402	29.9536496640076	1.43552584399683	0.229735517643757	0.969829504896527
"ebv-miR-BART9-5p"	-9.77191974780989	-874.260706051486	-9.77191974780989	-1.41104549491416	0.236285657179256	0.969829504896527
"hsa-miR-95-3p"	-176.779765930749	-1.64441780931025e+53	-176.779765930749	-1.40656757233119	0.237504188002893	0.969829504896527
"hsa-miR-138-5p"	449.678501815171	2.32657711336979e+135	449.678501815171	1.40377592537009	0.238267072758339	0.969829504896527
"hsa-miR-506-3p"	-8.05459214212829	-265.87275611915	-8.05459214212829	-1.39578080408172	0.240465693445286	0.969829504896527
"hsa-miR-191-3p"	-9.76009260603881	-867.122858355037	-9.76009260603881	-1.39416546233495	0.240912391626536	0.969829504896527
"hsa-miR-196a-3p"	45.3112313042296	43655580049364.6	45.3112313042296	1.3897190982041	0.242146302515884	0.969829504896527
"hsa-miR-628-5p"	-66.6185763304025	-1.1328952186711e+20	-66.6185763304025	-1.38859174659038	0.242460167219962	0.969829504896527
"hsa-miR-877-5p"	24.5303077840097	24230280.7294678	24.5303077840097	1.37499593197699	0.246277834750986	0.969829504896527
"hsa-let-7e"	-1016.96451539783	-1.370325251254e+306	-1016.96451539783	-1.3741407937605	0.246519969519566	0.969829504896527
"ebv-miR-BART8-5p"	13.8458497544653	14723.6705580921	13.8458497544653	1.36427432865913	0.249331058670277	0.969829504896527
"hsa-miR-708-5p"	-184.822690086319	-4.336841950936e+55	-184.822690086319	-1.35753445963179	0.251269816802716	0.969829504896527
"hsa-miR-30e-3p"	-59.8850044701669	-1064590621624906880	-59.8850044701669	-1.35681125368935	0.251478746500847	0.969829504896527
"hsa-miR-146a-5p"	-14.3828024766192	-21362.6422276262	-14.3828024766192	-1.35546254576948	0.251868844838769	0.969829504896527
"hsa-miR-302d-3p"	-6.6849053438109	-102.886176162655	-6.6849053438109	-1.3533844661114	0.252471092096999	0.969829504896527
"hsa-miR-27a-3p"	162.750289159245	9.83374268045776e+48	162.750289159245	1.35307175697941	0.25256184288385	0.969829504896527
"hsa-miR-943"	219.21468181242	9.77675462470702e+65	219.21468181242	1.35220535083421	0.252813451712333	0.969829504896527
"hsa-miR-558"	11.1372631359914	2252.42466050525	11.1372631359914	1.34667183158722	0.254426339159184	0.969829504896527
"hsa-miR-384"	12.6439987927867	6400.63263847049	12.6439987927867	1.34665821897324	0.25443031956525	0.969829504896527
"hsa-miR-582-5p"	-57.2865389789513	-175778834450683168	-57.2865389789513	-1.34439041462817	0.255094307771768	0.969829504896527
"hsa-miR-766-3p"	49.9976597461849	1124075019703638	49.9976597461849	1.34104369138526	0.256077353870691	0.969829504896527
"hsa-miR-130a-3p"	-201.304022453032	-3.96779299337067e+60	-201.304022453032	-1.33975991874736	0.256455443897665	0.969829504896527
"hsa-miR-20a-5p"	-331.411208289195	-5.81720802127634e+99	-331.411208289195	-1.33911957672392	0.256644242195667	0.969829504896527
"hsa-miR-126-5p"	-85.9790491726236	-7.62557856031664e+25	-85.9790491726236	-1.33522168436255	0.257796488837459	0.969829504896527
"hsa-miR-518f-5p"	-23.024665885486	-8533261.83349588	-23.024665885486	-1.33047780456378	0.259205770911773	0.969829504896527
"hsa-miR-448"	-51.3248547970768	-2820465663819318	-51.3248547970768	-1.33038145317376	0.259234473702865	0.969829504896527
"hsa-miR-330-5p"	11.2089862440687	2367.23340361831	11.2089862440687	1.32357018150186	0.261271561202763	0.969829504896527
"hsa-miR-217-5p"	-9.76719787052005	-871.403966829862	-9.76719787052005	-1.32214975121611	0.261698378158469	0.969829504896527
"ebv-miR-BHRF1-1"	9.82369538010563	906.206092554361	9.82369538010563	1.32075240337353	0.262118934723475	0.969829504896527
"hsa-miR-335-3p"	-72.0587866444569	-4.91876677846237e+21	-72.0587866444569	-1.32066799345436	0.262144360859087	0.969829504896527
"hsa-miR-545-5p"	-10.5400017415308	-1488.86965500476	-10.5400017415308	-1.31521021758161	0.263793567996447	0.969829504896527
"hsa-miR-302c-3p"	19.1874652942273	597038.853075429	19.1874652942273	1.31504637088288	0.263843237220428	0.969829504896527
"hsa-miR-876-3p"	-26.607172766207	-102224996.049288	-26.607172766207	-1.29921567567142	0.268686130727899	0.969829504896527
"hsa-miR-25-5p"	-34.7990579810829	-29892364765.7891	-34.7990579810829	-1.29656045352756	0.269506967201445	0.969829504896527
"hsa-miR-708-3p"	-31.0322869628878	-2196085325.1715	-31.0322869628878	-1.29342822591133	0.270478444699968	0.969829504896527
"hsa-miR-27b-3p"	259.298908975453	1.13959213841474e+78	259.298908975453	1.28723273641611	0.27241017926215	0.969829504896527
"hsa-miR-383-5p"	36.8479549531963	123691461143.087	36.8479549531963	1.28709294777492	0.27245392118737	0.969829504896527
"hsa-miR-153-3p"	-245.512728896362	-8.06669645717795e+73	-245.512728896362	-1.28447743929344	0.273273627017306	0.969829504896527
"hsa-miR-575"	-14.821133898182	-28947.1541008583	-14.821133898182	-1.28179655858208	0.274116335954346	0.969829504896527
"hsa-miR-124-3p"	-1655.21999995621	-Inf	-1655.21999995621	-1.27998587795655	0.274686949436488	0.969829504896527
"hsa-miR-576-3p"	-169.567515410567	-1.10894096986172e+51	-169.567515410567	-1.27814384814891	0.27526863856636	0.969829504896527
"ebv-miR-BART15"	142.402665993824	7.37010926760352e+42	142.402665993824	1.27778197940805	0.275383053982541	0.969829504896527
"hsa-miR-154-3p"	-28.6751341084136	-428623024.33386	-28.6751341084136	-1.27772045156141	0.27540251245582	0.969829504896527
"hsa-miR-130a-5p"	11.5408113217428	2979.41076189473	11.5408113217428	1.27541026395943	0.276134096864182	0.969829504896527
"hsa-miR-367-5p"	-59.7600904221331	-976292067562143360	-59.7600904221331	-1.27433197487358	0.276476218622951	0.969829504896527
"hsa-let-7a-3p"	-77.3286384850446	-1.89775309270908e+23	-77.3286384850446	-1.26777427615436	0.278565816854089	0.969829504896527
"hsa-miR-9-5p"	-1039.55681591381	-Inf	-1039.55681591381	-1.26612922960211	0.27909242792908	0.969829504896527
"hsa-miR-221-5p"	-39.0091238519017	-553243581331.321	-39.0091238519017	-1.26475861805916	0.279531930297865	0.969829504896527
"hsa-miR-567"	-9.83216829421735	-911.543878668936	-9.83216829421735	-1.26383991013049	0.279826903159485	0.969829504896527
"hsa-miR-498-5p"	50.387556283466	1472874860412674	50.387556283466	1.2605125711998	0.280897770803287	0.969829504896527
"hsa-miR-150-3p"	-12.3947313170521	-5385.00256661135	-12.3947313170521	-1.25775482867997	0.281788350996741	0.969829504896527
"hsa-miR-101-3p"	352.899508517994	1.71134479774496e+106	352.899508517994	1.25353786802469	0.283155495259987	0.969829504896527
"hcmv-miR-US5-1"	14.7522019781499	27596.5821310504	14.7522019781499	1.25202732287834	0.28364678647468	0.969829504896527
"hsa-miR-106a-3p"	-30.9681827847162	-2100641443.4364	-30.9681827847162	-1.25113239971383	0.283938243630167	0.969829504896527
"hsa-miR-504-5p"	-21.3500057596402	-2672958.03987508	-21.3500057596402	-1.24872018390738	0.284725302731277	0.969829504896527
"hsa-miR-200a-5p"	-14.7771424430445	-28077.8031906754	-14.7771424430445	-1.24776321474031	0.28503813085611	0.969829504896527
"hsa-miR-485-5p"	-16.1185476357599	-71148.594440662	-16.1185476357599	-1.24767476340434	0.285067061997106	0.969829504896527
"hsa-miR-22-5p"	-34.761117591663	-29116493915.5376	-34.761117591663	-1.23885554735961	0.287966068395554	0.969829504896527
"hsa-miR-503-5p"	-866.91962583127	-9.3070319544457e+260	-866.919625831269	-1.23722129501299	0.28850640469805	0.969829504896527
"hsa-miR-371a-5p"	1111.41588834524	Inf	1111.41588834524	1.23318872554533	0.289843908878729	0.969829504896527
"hsa-miR-542-5p"	19.147372392519	580675.400701938	19.147372392519	1.23311901851934	0.289867081711233	0.969829504896527
"hsa-miR-193a-3p"	66.2559118271815	88108305719825858560	66.2559118271815	1.22952641005404	0.291063809786324	0.969829504896527
"hsa-miR-409-5p"	15.0592830352256	34142.5462825218	15.0592830352256	1.22697698960822	0.291915940639926	0.969829504896527
"hsa-miR-101-5p"	60.1420825284425	1272245263694135040	60.1420825284425	1.22579538002468	0.292311704949065	0.969829504896527
"hsa-miR-216a-5p"	-9.50070327875856	-724.430400083041	-9.50070327875855	-1.22505887489538	0.292558649674463	0.969829504896527
"hsa-miR-138-1-3p"	-68.8640778795534	-5.37221104601817e+20	-68.8640778795534	-1.22463257000896	0.29270167860904	0.969829504896527
"hsa-miR-1-3p"	-224.741927600323	-4.50880539454701e+67	-224.741927600323	-1.2211424132638	0.293875197487297	0.969829504896527
"hsa-miR-323a-3p"	-32.2229888327719	-5012867074.16032	-32.2229888327719	-1.2206274945122	0.294048715947397	0.969829504896527
"hsa-miR-588"	14.2717684405398	19780.1869414235	14.2717684405398	1.21556698282838	0.295759282096809	0.969829504896527
"hsa-miR-302b-5p"	-35.2242873199394	-40139047197.4841	-35.2242873199394	-1.21482009954364	0.296012555836311	0.969829504896527
"hsa-miR-373-3p"	-6.99338322592738	-127.414285205894	-6.99338322592738	-1.21353742321499	0.296448008328688	0.969829504896527
"hsa-miR-518e-3p"	-43.6975047149055	-14264601870085.7	-43.6975047149055	-1.20872547585303	0.298087103013441	0.969829504896527
"hsa-miR-643"	-46.6546738115826	-110778697667883	-46.6546738115826	-1.20483595533762	0.299418353062014	0.969829504896527
"hsa-miR-539-5p"	-17.943886688595	-252143.706157837	-17.943886688595	-1.20463761503862	0.299486390913351	0.969829504896527
"hsa-miR-641"	-6.76665084501209	-108.884202490939	-6.76665084501209	-1.20205827002945	0.300372550873538	0.969829504896527
"hsa-miR-337-5p"	-14.8266040590251	-29057.1192409774	-14.8266040590251	-1.20182912804603	0.300451396431754	0.969829504896527
"hsa-miR-612"	7.60214631034957	194.300568297166	7.60214631034957	1.20128175187186	0.300639823650592	0.969829504896527
"hsa-miR-10b-5p"	-25.1607904025416	-37510480.3607623	-25.1607904025416	-1.1999841508654	0.301086958806806	0.969829504896527
"hsa-miR-592"	-18.8227973410417	-463688.795666349	-18.8227973410417	-1.19997814026708	0.301089031457137	0.969829504896527
"hsa-miR-509-5p"	-38.1755437509113	-310444356855.622	-38.1755437509113	-1.19937511889858	0.301297042397986	0.969829504896527
"hsa-miR-129-1-3p"	-907.478061720021	-1.50701295154164e+273	-907.478061720021	-1.19677502043286	0.30219551827807	0.969829504896527
"hsa-miR-411-5p"	-89.875021635436	-1.13521304541146e+27	-89.8750216354359	-1.19448439834396	0.302989177861863	0.969829504896527
"hsa-miR-411-3p"	-35.2064725853765	-39646448509.8185	-35.2064725853765	-1.19417317672504	0.30309716435347	0.969829504896527
"hsa-miR-216b-5p"	-11.0645465818464	-2141.70874287513	-11.0645465818464	-1.19234670303593	0.303731649459903	0.969829504896527
"hsa-miR-492"	-11.3396399124725	-2591.62257117075	-11.3396399124725	-1.19042135033358	0.30440185793771	0.969829504896527
"hsa-miR-126-3p"	-820.762306025344	-1.18596923703113e+247	-820.762306025344	-1.18766504709317	0.305363776620114	0.969829504896527
"hsa-miR-424-5p"	-116.115298041415	-8.99886353511399e+34	-116.115298041415	-1.18527733503663	0.306199405881405	0.969829504896527
"hsa-miR-758-3p"	-15.6030994743726	-49773.8193373324	-15.6030994743726	-1.18437101164957	0.306517163262229	0.969829504896527
"hsa-miR-874-3p"	20.5194602438507	1503048.61667683	20.5194602438507	1.18197052544162	0.307360294387369	0.969829504896527
"hsa-miR-644a"	-125.018566931821	-4.30862464653307e+37	-125.018566931821	-1.17852875975775	0.308573013159319	0.969829504896527
"hsa-miR-649"	-45.6015283001307	-53386059537343.5	-45.6015283001307	-1.17834772624494	0.308636926912178	0.969829504896527
"hsa-miR-132-5p"	-67.5454317727005	-2.15377848183184e+20	-67.5454317727005	-1.17550395869725	0.309642571170432	0.969829504896527
"hsa-miR-938"	-9.93320740781781	-977.672462621064	-9.93320740781781	-1.17470962765554	0.309924027442426	0.969829504896527
"hsa-miR-379-3p"	-28.587843881538	-403458174.995372	-28.587843881538	-1.16608197771096	0.312996763676889	0.969829504896527
"hsa-miR-433-3p"	40.1018583843284	1179946334708.62	40.1018583843284	1.1649725734437	0.313393967993461	0.969829504896527
"hsa-miR-26b-5p"	-1418.5191118875	-Inf	-1418.5191118875	-1.16050569530429	0.314998096980179	0.969829504896527
"kshv-miR-K12-10b"	-16.5061884384391	-93080.3127939112	-16.5061884384391	-1.15836809451898	0.315768489723155	0.969829504896527
"kshv-miR-K12-4-5p"	142.881482638505	1.02709850985427e+43	142.881482638505	1.15802811389313	0.315891183023755	0.969829504896527
"hsa-miR-520d-3p"	-103.152004863705	-1.12680191617814e+31	-103.152004863705	-1.15670429501205	0.316369356387748	0.969829504896527
"hsa-miR-889-3p"	-24.6845044039829	-26963499.2881527	-24.6845044039829	-1.15243494775575	0.317916137843042	0.969829504896527
"ebv-miR-BART1-3p"	17.3422229833811	166161.081210379	17.3422229833811	1.15179999768072	0.318146788472359	0.969829504896527
"hsa-miR-99a-3p"	-12.5650097145791	-6059.6120409503	-12.5650097145791	-1.15072938562003	0.318536054149727	0.969829504896527
"hsa-miR-122-5p"	-25.2201820982397	-39086907.1978023	-25.2201820982397	-1.14806074594219	0.319508304400072	0.969829504896527
"hsa-miR-622"	17.8668648543527	239035.414853655	17.8668648543527	1.14788671253599	0.319571806003205	0.969829504896527
"hsa-miR-16-5p"	-381.862573290545	-8.95547821758436e+114	-381.862573290545	-1.14617085274242	0.320198528318526	0.969829504896527
"hsa-miR-147b-3p"	-52.2733817738422	-5443220013280450	-52.2733817738422	-1.1435984342507	0.321140278297293	0.969829504896527
"hsa-miR-376a-5p"	-87.3039925414207	-1.91038322609473e+26	-87.3039925414207	-1.14109131717471	0.322060627544338	0.969829504896527
"hsa-miR-487a-3p"	-41.9815433459248	-4342139894538.88	-41.9815433459248	-1.13886472835159	0.322880073580406	0.969829504896527
"hsa-miR-374a-3p"	-7.07211530371195	-134.560886368228	-7.07211530371195	-1.13872979719766	0.322929794826639	0.969829504896527
"hsa-miR-32-5p"	56.8300447684383	128099705181408736	56.8300447684383	1.13411269576562	0.324635501560555	0.969829504896527
"hsa-miR-335-5p"	-360.917330373583	-4.43549809866132e+108	-360.917330373583	-1.13355353982219	0.324842644392823	0.969829504896527
"hsa-miR-141-3p"	-105.540979631205	-5.90201950949531e+31	-105.540979631205	-1.13264374099268	0.325179949792387	0.969829504896527
"hsa-miR-484"	13.4065870716	10858.8753545331	13.4065870716	1.13069000482564	0.325905400984309	0.969829504896527
"hsa-miR-608"	-12.8306475806707	-7284.66837009581	-12.8306475806707	-1.12942519280803	0.326375852029044	0.969829504896527
"hsa-miR-513a-3p"	-23.353622443216	-10718669.0742376	-23.353622443216	-1.12626896211656	0.327552594526662	0.969829504896527
"hsa-miR-10a-3p"	64.8872629841052	34120272796219830272	64.8872629841052	1.12626859156574	0.32755273291229	0.969829504896527
"hsa-miR-409-3p"	80.7745265569565	2.06802306973479e+24	80.7745265569565	1.12447257112802	0.328224115533894	0.969829504896527
"hsa-miR-190a-5p"	-78.5885426379252	-4.54473588545454e+23	-78.5885426379252	-1.12054522588808	0.329696702616236	0.969829504896527
"hsa-miR-206"	-37.8401007463307	-246039799019.074	-37.8401007463307	-1.11842958024046	0.330492531537507	0.969829504896527
"hsa-miR-345-5p"	30.3635016015897	1381416870.38161	30.3635016015897	1.11842453655251	0.330494430927132	0.969829504896527
"hsa-miR-431-5p"	-158.058649992547	-3.80535100236843e+47	-158.058649992547	-1.1171659184958	0.33096872879376	0.969829504896527
"hsa-let-7i"	109.766112140172	1.10380475756537e+33	109.766112140172	1.11698678107087	0.331036286501057	0.969829504896527
"hsa-miR-142-3p"	-151.005939190226	-2.86627080214143e+45	-151.005939190226	-1.11614806598522	0.331352760163863	0.969829504896527
"hsa-miR-363-5p"	-10.3256231601648	-1283.28256872376	-10.3256231601648	-1.11614312469447	0.331354625503317	0.969829504896527
"hsa-miR-1296-5p"	20.8879116537921	1940385.20500713	20.8879116537921	1.11458813616164	0.331942120209554	0.969829504896527
"hsa-let-7g-3p"	-230.392948149416	-2.26562580432192e+69	-230.392948149416	-1.10997681122337	0.333690040666584	0.969829504896527
"hsa-miR-33a-5p"	151.106110152624	3.07235704138056e+45	151.106110152624	1.10852576080032	0.334241827506504	0.969829504896527
"hsa-miR-597-5p"	-93.8712183131303	-1.81155882812626e+28	-93.8712183131303	-1.10804019955458	0.334426659631288	0.969829504896527
"hsa-miR-455-3p"	-7.11083366119986	-138.221062228678	-7.11083366119986	-1.10621408670056	0.335122631314034	0.969829504896527
"hsa-miR-302a-5p"	-135.027394285851	-4.43911009735539e+40	-135.027394285851	-1.10357783071244	0.33612973644568	0.969829504896527
"hsa-miR-219a-1-3p"	-191.343700704135	-3.98284488953574e+57	-191.343700704135	-1.10283923463701	0.336412398376838	0.969829504896527
"hsa-miR-143-3p"	-282.292424570991	-9.51672115810801e+84	-282.292424570991	-1.10267480538211	0.336475355690434	0.969829504896527
"hsa-miR-140-3p"	59.8264596207632	1022254145089060608	59.8264596207632	1.10199927477869	0.33673412003409	0.969829504896527
"hsa-miR-30d-5p"	297.97060802289	4.98988849752607e+89	297.97060802289	1.10176560438356	0.336823671191319	0.969829504896527
"hsa-miR-331-5p"	-13.6280607856992	-12660.6230697471	-13.6280607856992	-1.09855211890875	0.338057436632998	0.969829504896527
"hsa-miR-519e-3p"	-16.165805868683	-73517.7946041917	-16.165805868683	-1.09808390823843	0.338237547141544	0.969829504896527
"hsa-miR-589-3p&hsa-miR-589-5p"	39.0665814838879	575722038818.919	39.0665814838879	1.09663849777088	0.338794125240842	0.969829504896527
"hsa-miR-520a-3p"	6.76024544647753	108.401840876741	6.76024544647753	1.09368418899996	0.339934362472762	0.969829504896527
"hsa-miR-571"	15.9574588085646	63631.7336758551	15.9574588085646	1.09337943056115	0.34005218769691	0.969829504896527
"hsa-miR-23b-5p"	-152.458165300334	-7.84297515581512e+45	-152.458165300334	-1.09280639913952	0.340273834297367	0.969829504896527
"ebv-miR-BART5-5p"	-56.0316259784347	-73654642403178240	-56.0316259784347	-1.08974816399624	0.341459005133096	0.969829504896527
"hsa-miR-508-5p"	18.713081266141	429733.066451602	18.713081266141	1.0883527417957	0.342001042690135	0.969829504896527
"hsa-miR-638"	74.5654877139405	2.79542885163281e+22	74.5654877139405	1.08788228271775	0.342183966392962	0.969829504896527
"ebv-miR-BART7-3p"	27.8096841869157	235260551.197552	27.8096841869157	1.08488685986022	0.343350760395645	0.969829504896527
"hcmv-miR-US25-2-5p"	265.218511576859	6.89806670923194e+79	265.218511576859	1.08434675880811	0.343561532903023	0.969829504896527
"hsa-miR-379-5p"	-122.020638428456	-5.39351954710432e+36	-122.020638428456	-1.0830408107673	0.344071666415525	0.969829504896527
"hsa-miR-137-3p"	-95.9294480961229	-7.544689035054e+28	-95.9294480961229	-1.08277150307099	0.34417695083278	0.969829504896527
"hsa-miR-362-5p"	-182.827262662357	-1.08765230987652e+55	-182.827262662357	-1.08264980081937	0.344224539400798	0.969829504896527
"hsa-miR-182-3p"	93.1466992906874	1.09635318748806e+28	93.1466992906874	1.08211070582615	0.344435411534281	0.969829504896527
"hsa-miR-585-3p"	17.7903545557772	226688.952045424	17.7903545557772	1.07328469993378	0.347904699407879	0.969829504896527
"hsa-miR-31-5p"	48.0417390423756	289737357982297	48.0417390423757	1.07173053190657	0.348518912439476	0.969829504896527
"hsa-miR-939-5p"	280.714948896995	3.18874543054866e+84	280.714948896995	1.06885061718622	0.349659689935547	0.969829504896527
"hsa-miR-876-5p"	-365.144203214357	-8.30534945204539e+109	-365.144203214357	-1.06187336722586	0.352437647270991	0.969829504896527
"hsa-miR-144-5p"	-26.6619785229954	-106183070.371212	-26.6619785229954	-1.06074049285474	0.352890591425144	0.969829504896527
"hsa-miR-380-3p"	-7.77586622204526	-219.163877314783	-7.77586622204526	-1.0580959855894	0.353949979601194	0.969829504896527
"hsa-miR-578"	-50.6639906561673	-1783942645623984	-50.6639906561673	-1.05107735536265	0.356775687116127	0.969829504896527
"hsa-miR-587"	-13.7842883168565	-14108.6107696818	-13.7842883168565	-1.04958496760954	0.35737915992505	0.969829504896527
"hsa-miR-26a-2-3p"	51.4723344198382	3124040153221720	51.4723344198382	1.04934521516992	0.357476194286419	0.969829504896527
"hsa-miR-29c-5p"	41.0150016065235	2222008703763.02	41.0150016065235	1.04629435548504	0.358713048817017	0.969829504896527
"hsa-miR-302b-3p"	-105.998723096089	-8.10578637718657e+31	-105.998723096089	-1.04573307858	0.358941019101553	0.969829504896527
"hsa-miR-626"	-7.17981908564175	-144.990954271929	-7.17981908564175	-1.04474082123123	0.359344359093212	0.969829504896527
"hsa-miR-200c-3p"	-36.9013440583545	-128354601257.648	-36.9013440583545	-1.04411463404691	0.359599107407765	0.969829504896527
"hsa-miR-635"	-40.5314417149036	-1589204271502.5	-40.5314417149036	-1.04383515137501	0.359712860581034	0.969829504896527
"hsa-miR-450b-5p"	-9.77735375097229	-877.559874291987	-9.77735375097229	-1.04017828426367	0.361204257138369	0.969829504896527
"hsa-miR-603"	-13.5290368989044	-11820.7741314151	-13.5290368989044	-1.03942856142716	0.361510709702386	0.969829504896527
"hsa-miR-580-3p"	37.5701662036727	204054872455.091	37.5701662036727	1.0379870727855	0.362100584703809	0.969829504896527
"hsa-miR-106a-5p"	-129.969579463143	-1.33272928916051e+39	-129.969579463143	-1.03552988304737	0.363108100632572	0.969829504896527
"hsa-miR-515-5p"	-71.8818308975437	-4.35098156705227e+21	-71.8818308975437	-1.03326733801696	0.36403804233949	0.969829504896527
"hsa-miR-512-5p"	109.282784666359	7.89580100187365e+32	109.282784666359	1.03307228665731	0.364118311956572	0.969829504896527
"hsa-miR-105-5p"	-6.63222203244934	-99.1968244950461	-6.63222203244934	-1.02993844469377	0.365410171678255	0.969829504896527
"hsa-miR-744-5p"	-228.46727548966	-5.96352370638028e+68	-228.46727548966	-1.02482073932585	0.367528704239177	0.969829504896527
"hsa-miR-490-3p"	-14.351747652988	-20907.7131848448	-14.351747652988	-1.02408069873359	0.367835964050723	0.969829504896527
"ebv-miR-BHRF1-2-3p"	306.774805062634	2.23058222879348e+92	306.774805062634	1.02107579415515	0.369085949567517	0.969829504896527
"hsa-miR-519e-5p"	33.9071150150295	16108632954.6125	33.9071150150295	1.01562055346789	0.371364962378727	0.969829504896527
"hsa-miR-139-3p"	-7.29858166239058	-157.431635130944	-7.29858166239058	-1.01217617403017	0.372810381904998	0.969829504896527
"hsa-miR-34a-3p"	-11.5877198148542	-3077.87689596182	-11.5877198148542	-1.00694810514102	0.375013917885391	0.969829504896527
"hsa-miR-144-3p"	-324.664387217376	-5.41650410094693e+97	-324.664387217376	-1.00283362234634	0.37675625065918	0.969829504896527
"hsa-miR-924"	-11.5576546668576	-3014.39898063791	-11.5576546668576	-1.00135041600964	0.377386097955889	0.969829504896527
"hsa-miR-545-3p"	18.4048806497935	347073.249720341	18.4048806497935	1.00024528794592	0.377856001600982	0.969829504896527
"hsa-miR-17-3p"	-16.8296166309593	-116471.433702991	-16.8296166309593	-0.998361688863535	0.378658111187703	0.969829504896527
"hsa-miR-200c-5p"	-5.25901471254203	-38.2931573333645	-5.25901471254203	-0.996404129155735	0.379493317093546	0.969829504896527
"hsa-miR-136-5p"	123.371081042973	1.37529540327543e+37	123.371081042973	0.996073306152976	0.379634626220038	0.969829504896527
"hsa-miR-155-5p"	29.1669526282234	602736682.23701	29.1669526282235	0.995814107778961	0.379745373895003	0.969829504896527
"hsa-miR-562"	-5.28077299193426	-38.8750598689821	-5.28077299193426	-0.995568146339764	0.379850492308882	0.969829504896527
"hsa-miR-769-5p"	-47.2413080235556	-166360703985140	-47.2413080235556	-0.993494038700288	0.380737945529823	0.969829504896527
"hsa-miR-127-3p"	54.8793776447971	33138955392844404	54.8793776447971	0.992711194430098	0.381073379999388	0.969829504896527
"hsa-miR-7-1-3p"	-7.06807817279819	-134.184867510402	-7.06807817279819	-0.991350364383753	0.381657093449211	0.969829504896527
"hsa-miR-202-3p"	-17.5793308476071	-195842.02398616	-17.5793308476071	-0.990521017124734	0.382013220907098	0.969829504896527
"hsa-miR-802"	-15.2587179577172	-39204.1281957992	-15.2587179577172	-0.986820547107747	0.383605810405494	0.969829504896527
"hsa-miR-611"	100.22952186548	1.48625227557603e+30	100.22952186548	0.982533530128139	0.385458161083437	0.969829504896527
"hsa-miR-222-3p"	-276.968024548684	-2.37510726973757e+83	-276.968024548684	-0.978737677395448	0.387104862045177	0.969829504896527
"hsa-miR-668-3p"	47.3565627294698	180196301584217	47.3565627294698	0.97823075945523	0.387325238966448	0.969829504896527
"hsa-miR-532-5p"	-7.00708619893034	-128.630254255254	-7.00708619893034	-0.978191191716502	0.38734244524079	0.969829504896527
"hsa-miR-598-3p"	-29.1299303028908	-587466076.011618	-29.1299303028908	-0.975267466035245	0.388615705751314	0.969829504896527
"ebv-miR-BART2-3p"	-187.655858023029	-3.09059520875745e+56	-187.655858023029	-0.970785478740985	0.390574711707337	0.969829504896527
"hsa-miR-29b-1-5p"	-11.2449786256577	-2427.03403674121	-11.2449786256577	-0.969921209274657	0.390953464425806	0.969829504896527
"hsa-miR-625-5p"	66.6738793243733	1.17716571269557e+20	66.6738793243733	0.969398285150753	0.39118278401964	0.969829504896527
"hsa-miR-214-5p"	-183.876308619264	-2.25052782263071e+55	-183.876308619264	-0.96831329849411	0.391658962444093	0.969829504896527
"hsa-miR-208a-3p"	22.2670945630853	5047349.51857746	22.2670945630853	0.9636117514605	0.393728239216955	0.969829504896527
"hsa-miR-552-3p"	6.38010792877647	83.2921096418393	6.38010792877647	0.962157420801719	0.394370260482511	0.969829504896527
"hsa-miR-374a-5p"	-55.1255819087446	-39305532374748176	-55.1255819087446	-0.954877217979251	0.397597881063718	0.969829504896527
"hsa-miR-92a-1-5p"	-13.5365994329614	-11882.9007183839	-13.5365994329614	-0.954469029924913	0.397779526848954	0.969829504896527
"hsa-miR-665"	1223.45600985253	Inf	1223.45600985253	0.951521074941869	0.39909352462737	0.969829504896527
"hsa-miR-636"	-25.4987257294872	-47411238.0044359	-25.4987257294872	-0.948045633012052	0.400647478492921	0.969829504896527
"hsa-miR-551a"	-5.45438332860224	-43.8463039119223	-5.45438332860224	-0.943152532405784	0.402844187357161	0.969829504896527
"ebv-miR-BART10-3p"	15.2883630932532	40018.0456841232	15.2883630932532	0.94298468033616	0.402919727381128	0.969829504896527
"hsa-miR-375-3p"	-4.91979111612061	-30.2694617451361	-4.91979111612061	-0.939651330336518	0.404422402884361	0.969829504896527
"hsa-miR-17-5p"	-128.752366828484	-5.73224082841226e+38	-128.752366828484	-0.936963338843369	0.405637671270038	0.969829504896527
"ebv-miR-BART3-3p"	-5.70714593750798	-52.2422793153824	-5.70714593750797	-0.930845466155154	0.408415357282403	0.969829504896527
"hsa-miR-10a-5p"	-4.63121067875422	-24.7818275516652	-4.63121067875422	-0.930764416638741	0.408452265560417	0.969829504896527
"hsa-miR-423-5p"	61.0848546087145	2445532946131292160	61.0848546087145	0.921831678778496	0.412537627622267	0.969829504896527
"hsa-miR-331-3p"	-78.6040736013453	-4.59392536725852e+23	-78.6040736013453	-0.921171204539988	0.412841078074398	0.969829504896527
"hsa-miR-135a-3p"	6.62182717660932	98.4846637042695	6.62182717660932	0.919046365173703	0.413818615811735	0.969829504896527
"hsa-miR-130b-3p"	-28.3928743711687	-352457575.001702	-28.3928743711687	-0.9174842271594	0.414538541687702	0.969829504896527
"ebv-miR-BART18-5p"	-67.6443285587277	-2.30659811472909e+20	-67.6443285587277	-0.916797631298541	0.414855303780849	0.969829504896527
"ebv-miR-BART20-5p"	-20.7858201885604	-1807820.72650999	-20.7858201885604	-0.914739608404222	0.415806012875402	0.969829504896527
"hsa-miR-885-3p"	-8.28577474337949	-312.080573269609	-8.28577474337949	-0.908111820238022	0.418880353837417	0.969829504896527
"hsa-miR-298"	114.801885506124	3.6208546884008e+34	114.801885506124	0.907945785913676	0.418957617297835	0.969829504896527
"hsa-miR-30b-5p"	-344.217887710526	-4.16782278879773e+103	-344.217887710526	-0.90568577171093	0.420010510002177	0.969829504896527
"hsa-miR-454-5p"	10.8644265049871	1864.31057775341	10.8644265049871	0.903430101973609	0.421063615224293	0.969829504896527
"hsa-miR-28-5p"	50.5425544894548	1639928671253767	50.5425544894548	0.902985557517124	0.421271423497472	0.969829504896527
"hsa-miR-617"	-39.2170734673254	-639021478662.161	-39.2170734673254	-0.897904385131645	0.423652856700677	0.969829504896527
"hsa-miR-208b-3p"	-8.73421247577329	-425.853228128414	-8.73421247577329	-0.896063917580999	0.424518244584886	0.969829504896527
"hsa-miR-92a-3p"	37.2917594452405	168243457240.891	37.2917594452405	0.895323334870075	0.424866887178894	0.969829504896527
"hiv1-miR-N367"	-4.73313232482248	-26.5959068510677	-4.73313232482248	-0.895293784664389	0.424880803476556	0.969829504896527
"ebv-miR-BART3-5p"	-6.48020842969416	-89.2764917086859	-6.48020842969416	-0.892688820557305	0.426109089239415	0.969829504896527
"hsa-miR-483-5p"	39.1229818823676	598674922169.567	39.1229818823676	0.890513799141872	0.427136938892534	0.969829504896527
"ebv-miR-BART16"	46.9292002635618	133997579009225	46.9292002635618	0.887158220999118	0.428726772956937	0.969829504896527
"hsa-miR-30b-3p"	285.148249879087	6.88932106372585e+85	285.148249879087	0.885174193433457	0.429669117499175	0.969829504896527
"hsa-miR-517c-3p"	-4.6256565537838	-24.6866052383308	-4.6256565537838	-0.876938349000442	0.433599428860312	0.969829504896527
"hsa-let-7c"	269.098273088747	1.01543465514384e+81	269.098273088747	0.876750391817914	0.433689475365985	0.969829504896527
"hsa-miR-16-1-3p"	-4.94431272694053	-30.7883516875879	-4.94431272694053	-0.875690739191589	0.434197425648248	0.969829504896527
"hsa-miR-299-3p"	27.2714439267171	162002847.078786	27.2714439267171	0.875370584984003	0.434350990905354	0.969829504896527
"hsa-miR-542-3p"	18.2792595515454	318130.584603025	18.2792595515454	0.871989475335306	0.435975540183118	0.969829504896527
"hsa-miR-654-3p"	-21.0248866959495	-2133641.99614688	-21.0248866959495	-0.868445999534806	0.437683526902331	0.969829504896527
"kshv-miR-K12-11-3p"	-4.77110553876818	-27.3052325507668	-4.77110553876818	-0.864095815007758	0.439787949647519	0.969829504896527
"hsa-miR-548c-5p"	11.2254555361852	2394.41172988144	11.2254555361852	0.862130471160056	0.440741440961616	0.969829504896527
"hsa-miR-19a-3p"	126.999671880561	1.70102491789654e+38	126.999671880561	0.85577066937169	0.443838637816752	0.969829504896527
"hsa-miR-129-2-3p"	-443.756777023486	-3.83796193645656e+133	-443.756777023486	-0.853562859841104	0.444918022158334	0.969829504896527
"hsa-miR-596"	5.49060699475489	44.9611488502056	5.49060699475489	0.853544408220285	0.444927052144135	0.969829504896527
"hsa-miR-34b-5p"	21.4979875349555	2961686.5592547	21.4979875349555	0.852121987116621	0.445623620984399	0.969829504896527
"hsa-miR-519a-3p"	-9.01681384573877	-518.001995623822	-9.01681384573877	-0.850577239205938	0.44638111006127	0.969829504896527
"kshv-miR-K12-5-3p"	-6.90976504841516	-120.23932860527	-6.90976504841517	-0.848267022530264	0.447515932111254	0.969829504896527
"hsa-miR-497-5p"	-14.8855880412447	-30269.7269582594	-14.8855880412447	-0.848061005637019	0.44761724644678	0.969829504896527
"hsa-miR-135a-5p"	-293.564652325131	-2.35378080316336e+88	-293.564652325131	-0.847679445327023	0.447804938686738	0.969829504896527
"hcmv-miR-US33-3p"	-8.36147671179283	-328.893505901325	-8.36147671179283	-0.845643411316795	0.448807570039518	0.969829504896527
"hsa-miR-215-5p"	-7.01240985661207	-129.105786803369	-7.01240985661207	-0.845527290974533	0.448864808157365	0.969829504896527
"hsa-miR-493-5p"	10.753906873875	1726.82584339468	10.753906873875	0.839431737457738	0.451877833049158	0.969829504896527
"hsa-miR-935"	11.477878273712	2852.23724692628	11.477878273712	0.833956303821843	0.454598394641767	0.969829504896527
"hsa-miR-324-3p"	11.2373006571902	2414.15176324209	11.2373006571902	0.833597792485539	0.454776991392402	0.969829504896527
"hsa-miR-193b-3p"	-96.0653489127707	-8.28994342437459e+28	-96.0653489127707	-0.830700536636493	0.456222388995479	0.969829504896527
"hsa-miR-483-3p"	21.735977295756	3492859.77800376	21.735977295756	0.829989216383121	0.456577826068231	0.969829504896527
"hsa-miR-624-5p"	-7.41499274115512	-170.661371991718	-7.41499274115512	-0.829913260626391	0.456615793409419	0.969829504896527
"hsa-miR-135b-3p"	-7.12482379079537	-139.567942063293	-7.12482379079537	-0.82915178566688	0.45699656688153	0.969829504896527
"hsa-miR-501-3p"	-9.3038372485335	-632.02475154032	-9.3038372485335	-0.828540676824749	0.457302336491166	0.969829504896527
"hsa-miR-15a-5p"	35.6050018224299	52260498040.7021	35.6050018224299	0.826506624486225	0.45832127401262	0.969829504896527
"hsa-miR-187-3p"	5.0912821106119	34.0901279828313	5.0912821106119	0.824462963289694	0.459346876195682	0.969829504896527
"hsa-miR-129-5p"	85.3744308474555	5.01492621765005e+25	85.3744308474555	0.821785410288961	0.460693402592498	0.969829504896527
"hsa-miR-224-5p"	8.36254596151203	329.137354830211	8.36254596151203	0.82096114660388	0.46110856149584	0.969829504896527
"hsa-miR-296-5p"	-48.2179127925429	-327369397312906	-48.2179127925429	-0.818204260832067	0.462499322646414	0.969829504896527
"ebv-miR-BART6-3p"	75.5243006758582	5.43350292237039e+22	75.5243006758582	0.818054850068386	0.46257479211405	0.969829504896527
"hsa-miR-548d-3p"	7.63281100242902	198.474658319514	7.63281100242902	0.818046207345757	0.462579157977752	0.969829504896527
"ebv-miR-BART19-5p"	7.40016181252854	168.915957113012	7.40016181252854	0.817175562371702	0.463019133638257	0.969829504896527
"hsa-miR-34a-5p"	-69.4626310499217	-8.13458728919241e+20	-69.4626310499217	-0.815408054250734	0.463913370402933	0.969829504896527
"hsa-miR-619-3p"	-39.3461993176202	-698853605293.096	-39.3461993176202	-0.813803823340443	0.464726202280046	0.969829504896527
"hsa-miR-572"	7.92888028715647	243.686122998208	7.92888028715647	0.813041853107882	0.465112678129656	0.969829504896527
"hsa-miR-198"	-116.293971004476	-1.01852944159012e+35	-116.293971004476	-0.810712914632606	0.466295529486194	0.969829504896527
"hsa-miR-432-3p"	18.4422333356956	356176.630494731	18.4422333356956	0.807100517347993	0.468135010616746	0.969829504896527
"hsa-miR-16-2-3p"	-4.83353344763524	-28.512713666634	-4.83353344763524	-0.806289238430798	0.468548922369074	0.969829504896527
"hsa-miR-146b-5p"	-120.806568609491	-2.3248815162886e+36	-120.806568609491	-0.805874468212815	0.468760649753366	0.969829504896527
"hsa-miR-296-3p"	9.35736126567579	655.913275868024	9.3573612656758	0.803558589116191	0.469944240034899	0.969829504896527
"hsa-miR-141-5p"	5.0402359698741	32.905024019572	5.0402359698741	0.799374338704553	0.472088755074561	0.969829504896527
"hsa-miR-7-5p"	-337.25379345522	-3.33816640008898e+101	-337.25379345522	-0.799225064972568	0.472165404725595	0.969829504896527
"hsa-miR-630"	34.8718460122097	31439212116.4389	34.8718460122097	0.799185164706347	0.472185894545561	0.969829504896527
"hsa-miR-99a-5p"	-58.0569601325034	-299837851283833344	-58.0569601325034	-0.797350512158271	0.473128800468623	0.969829504896527
"hsa-miR-523-3p"	52.494073520697	6342941767817647	52.494073520697	0.794780934614857	0.474451930631335	0.969829504896527
"hsa-miR-181a-3p"	-51.645693984753	-3522922069718628	-51.645693984753	-0.794198890529967	0.474752045166178	0.969829504896527
"hsa-miR-589-3p"	6.2287011861651	74.9938916640899	6.2287011861651	0.793564149297071	0.475079503120614	0.969829504896527
"hsa-miR-29a-5p"	19.8142314322024	921887.660825967	19.8142314322024	0.793084671490906	0.475326980624318	0.969829504896527
"hsa-miR-190b-5p"	-3.82879710176671	-14.2096301741685	-3.82879710176671	-0.79255661382877	0.475599650341461	0.969829504896527
"hsa-miR-323a-5p"	-6.51616674861897	-91.5296176312048	-6.51616674861897	-0.790525784215731	0.476649451392547	0.969829504896527
"hsa-miR-541-3p"	-21.4664461551889	-2897638.43112301	-21.4664461551889	-0.784465137278489	0.479793289798463	0.969829504896527
"hsa-miR-31-3p"	-5.0811387184328	-33.8512855579583	-5.0811387184328	-0.784292711679434	0.479882970850009	0.969829504896527
"hsa-miR-501-5p"	-8.88277196800457	-472.04217961279	-8.88277196800458	-0.782134690182876	0.481006506116065	0.969829504896527
"hsa-miR-518b"	67.2778191225271	1.7891287671829e+20	67.2778191225272	0.78007116279575	0.482082779404713	0.969829504896527
"hsa-miR-100-3p"	12.9521167084932	7924.56873347201	12.9521167084932	0.777329581518348	0.483515630299807	0.969829504896527
"hsa-miR-663a"	8.05445233828075	265.846993063	8.05445233828075	0.775805397750053	0.484313668158028	0.969829504896527
"hsa-miR-629-3p&hsa-miR-629-5p"	-12.6485013457899	-6420.63978140273	-12.6485013457899	-0.775240167402442	0.484609875758524	0.969829504896527
"kshv-miR-K12-7-3p"	-21.4749860053069	-2914841.4993655	-21.4749860053069	-0.773322904786568	0.485615669086452	0.969829504896527
"hsa-miR-182-5p"	-4.93749901250578	-30.6432840076679	-4.93749901250578	-0.768734138318749	0.48802955504995	0.969829504896527
"hsa-miR-627-5p"	6.06887208435306	67.1293647180913	6.06887208435306	0.768389165171918	0.488211403201127	0.969829504896527
"hsa-miR-452-3p"	-3.7946330169888	-13.8770885854527	-3.7946330169888	-0.768281401595292	0.488268220205678	0.969829504896527
"hsa-miR-148a-3p"	-6.60203412813858	-97.1427301543928	-6.60203412813858	-0.768268530888682	0.488275006469979	0.969829504896527
"hsa-miR-934"	-33.6982123341333	-13937109520.597	-33.6982123341333	-0.767470299787782	0.488696028865213	0.969829504896527
"hsa-miR-606"	-6.72219492347236	-105.580158262825	-6.72219492347235	-0.761641229234435	0.491779105872146	0.969829504896527
"hsa-miR-181d-5p"	-5.80253702177336	-55.8132991346877	-5.80253702177336	-0.76162171278291	0.491789453704217	0.969829504896527
"hsa-miR-92b-5p"	-16.2593442051486	-78442.2993644138	-16.2593442051486	-0.755037217296222	0.495290260187173	0.969829504896527
"hsa-miR-150-5p"	-8.21317036036277	-296.763604891037	-8.21317036036277	-0.754102637177603	0.495788709083253	0.969829504896527
"hsa-miR-875-3p"	8.26728685264891	308.106829787329	8.26728685264891	0.752370824397089	0.496713376520282	0.969829504896527
"hsa-miR-524-3p"	15.0200838994966	33227.356504507	15.0200838994966	0.75070481915067	0.4976041605573	0.969829504896527
"hsa-miR-34c-3p"	-16.8732610395898	-120048.765267397	-16.8732610395898	-0.749256214397038	0.49837970296365	0.969829504896527
"hsa-miR-34c-5p"	-15.0408105455155	-33708.1667224765	-15.0408105455155	-0.744025785589807	0.501187656827038	0.969829504896527
"hsa-miR-570-3p"	-17.0435890894854	-135092.596729708	-17.0435890894854	-0.7423547552583	0.502087299140468	0.969829504896527
"ebv-miR-BART8-3p"	-43.2366132634104	-10363763722824.8	-43.2366132634104	-0.742039069683045	0.502257395253218	0.969829504896527
"hsa-miR-593-5p"	4.89723280852787	29.7998426643242	4.89723280852787	0.740062217729466	0.503323554213871	0.969829504896527
"hsa-miR-125b-5p"	1438.16138840131	Inf	1438.16138840131	0.73923643642421	0.503769427269847	0.969829504896527
"hsa-miR-200a-3p"	-4.93287357172327	-30.5451955557309	-4.93287357172327	-0.738198869123432	0.504330079309011	0.969829504896527
"hsa-miR-140-5p"	32.6623517526762	6797474804.119	32.6623517526762	0.737289377959722	0.504821916198539	0.969829504896527
"hsa-miR-548c-3p"	-7.39600697528934	-168.430193545248	-7.39600697528934	-0.733931984209391	0.506640698793139	0.969829504896527
"hsa-miR-653-5p"	-41.2139449976833	-2550549073590.31	-41.2139449976833	-0.726538704911613	0.510663354290794	0.969829504896527
"hsa-let-7f-1-3p"	39.2064977775224	634354253068.631	39.2064977775224	0.725941912101499	0.510989118129479	0.969829504896527
"hsa-miR-548d-5p"	-44.9530415846794	-34057590028662.8	-44.9530415846794	-0.724444353914902	0.511807262395037	0.969829504896527
"hsa-miR-100-5p"	136.157025824097	9.7128994633824e+40	136.157025824097	0.721638595985493	0.513342759468561	0.969829504896527
"hsa-miR-520e-3p"	9.88326140397113	944.404695273967	9.88326140397113	0.714546328395431	0.517239562593125	0.969829504896527
"hsa-miR-221-3p"	-38.8120468373049	-482603304325.795	-38.812046837305	-0.712268199996977	0.518495957683413	0.969829504896527
"hsa-miR-365a-3p"	-37.4676187916209	-190054047219.64	-37.4676187916209	-0.703773120688306	0.523201101820509	0.969829504896527
"hsa-miR-497-3p"	7.81189992300784	224.706792167539	7.81189992300784	0.700221205536243	0.525177766412581	0.969829504896527
"hsa-miR-601"	-5.25610315453079	-38.2159543780564	-5.25610315453078	-0.699668817878008	0.525485670000901	0.969829504896527
"hsa-miR-770-5p"	-4.24908691180313	-19.0152751773788	-4.24908691180313	-0.697285733108058	0.526815543020209	0.969829504896527
"hsa-miR-329-3p"	-57.4691751433708	-199501214657961632	-57.4691751433708	-0.696268038373721	0.527384220975126	0.969829504896527
"hsa-miR-138-2-3p"	-4.56501024990462	-23.6703683180719	-4.56501024990461	-0.695915732446001	0.527581191583174	0.969829504896527
"hsa-miR-381-3p"	14.9019947968385	30615.9280843869	14.9019947968385	0.694999046539848	0.528093955344688	0.969829504896527
"hsa-miR-200b-5p"	14.4553364022008	22464.1429704607	14.4553364022008	0.683136243867186	0.534762685437528	0.969829504896527
"hsa-miR-339-5p"	20.7265900092468	1735103.15951863	20.7265900092468	0.682967778735593	0.534857830386778	0.969829504896527
"hsa-miR-197-3p"	-17.5763260477068	-195434.554851396	-17.5763260477068	-0.682346107085886	0.535209042026819	0.969829504896527
"hsa-miR-96-5p"	-3.26503931623138	-9.61335037504396	-3.26503931623138	-0.679224354658765	0.536975207610363	0.969829504896527
"hsa-miR-574-5p"	119.198491407526	7.62643110918923e+35	119.198491407526	0.677405215159877	0.538006358221814	0.969829504896527
"hiv1-miR-H1"	3.53675010918186	11.6056072683798	3.53675010918186	0.675385681143526	0.539152781895204	0.969829504896527
"hsa-miR-581"	16.1837429645924	74437.5506708458	16.1837429645924	0.675224201643999	0.539244524947033	0.969829504896527
"hsa-miR-500a-3p&hsa-miR-500a-5p"	-5.62524243694627	-49.359040230703	-5.62524243694627	-0.673820580194835	0.540042455540082	0.969829504896527
"hsa-miR-188-5p"	4.8314770273276	28.472100541198	4.8314770273276	0.672206565027171	0.540961046353311	0.969829504896527
"hsa-miR-18a-3p"	-16.650344758116	-102861.584581845	-16.650344758116	-0.671539769166505	0.54134087196797	0.969829504896527
"hsa-miR-18b-3p"	-3.30845299446471	-9.90703256572402	-3.30845299446471	-0.668337559488266	0.543167622284309	0.969829504896527
"hsa-miR-18a-5p"	20.5088255214152	1492009.73834409	20.5088255214152	0.666364473159597	0.544295408723781	0.969829504896527
"hsa-miR-579-3p"	-5.56836514632461	-47.4509526369842	-5.56836514632461	-0.661695609711925	0.546970758876606	0.969829504896527
"hsa-miR-26a-1-3p"	8.56069841283671	377.595670542674	8.56069841283671	0.659088122057181	0.548468992958061	0.969829504896527
"hsa-miR-624-5p&hsa-miR-624-3p"	-8.94891997380569	-494.189303327502	-8.94891997380569	-0.6564629267528	0.549980360454076	0.969829504896527
"hsa-miR-155-3p"	-3.59359095306984	-12.0719844964297	-3.59359095306984	-0.649562361073572	0.553967260087642	0.969829504896527
"hsa-miR-211-5p"	-14.7103639462419	-26807.776554404	-14.7103639462419	-0.648428286285441	0.554624443578345	0.969829504896527
"ebv-miR-BART13-5p"	10.7941308807141	1775.64920895389	10.7941308807141	0.644779497804127	0.556742613802507	0.969829504896527
"hsa-miR-203a-3p"	-13.4121696918187	-10900.9760172525	-13.4121696918187	-0.644269545657065	0.557039101733662	0.969829504896527
"hsa-miR-192-5p"	-4.41549241236459	-21.3400612574272	-4.41549241236459	-0.643445412091641	0.55751849095658	0.969829504896527
"hcmv-miR-UL36-5p"	-3.3940806800574	-10.5128409119809	-3.3940806800574	-0.642224253322737	0.558229359193874	0.969829504896527
"hsa-miR-218-1-3p"	-5.98875615164038	-63.5031455930754	-5.98875615164038	-0.640420413415391	0.559280586958394	0.969829504896527
"hsa-miR-508-3p"	-9.35282066292388	-653.852161262885	-9.35282066292387	-0.640400248951818	0.559292346100606	0.969829504896527
"hsa-miR-634"	110.543453959055	1.89188818921408e+33	110.543453959055	0.638981676922846	0.560120038470283	0.969829504896527
"hsa-miR-550a-3p"	3.65745174869352	12.6183533303008	3.65745174869352	0.637152186147453	0.561188756429081	0.969829504896527
"hsa-miR-301b-3p"	14.4027429010958	21659.959142116	14.4027429010958	0.637020438872263	0.561265773182436	0.969829504896527
"hsa-miR-609"	7.52893551267796	184.686616388771	7.52893551267796	0.635668260909902	0.562056656115255	0.969829504896527
"hsa-miR-24-2-5p"	24.3501469331509	21385756.8989181	24.3501469331509	0.634858021513646	0.562530934655423	0.969829504896527
"hsa-miR-557"	-32.6156323672945	-6580875430.41391	-32.6156323672945	-0.632512356592499	0.56390555888377	0.969829504896527
"hsa-miR-1180-3p"	-3.1385758300353	-8.80654317284787	-3.1385758300353	-0.631537065999625	0.564477794640404	0.969829504896527
"hsa-miR-376c-3p"	-32.5276874990034	-6191696022.58629	-32.5276874990034	-0.628442999136506	0.566295861385037	0.969829504896527
"hsv1-miR-H1-5p"	10.799564040525	1782.34887478789	10.799564040525	0.625443270012239	0.568062372210592	0.969829504896527
"hsa-miR-30c-2-3p"	-285.414316822117	-8.28458113193311e+85	-285.414316822117	-0.623777172678238	0.569045166669138	0.969829504896527
"hsa-miR-936"	5.8287629729788	56.8371761250089	5.8287629729788	0.620517439855945	0.570971407028759	0.969829504896527
"ebv-miR-BART20-3p"	7.5472993504937	187.052488687338	7.5472993504937	0.620372659470012	0.571057064729687	0.969829504896527
"hsa-miR-590-5p"	5.8788429866312	58.8447983272558	5.8788429866312	0.616454974734411	0.573378276193465	0.969829504896527
"hsa-miR-616-5p&hsa-miR-616-3p"	7.22267174144138	149.362248550565	7.22267174144138	0.613794208804398	0.574958455607759	0.969829504896527
"hsa-miR-892b"	-5.4552198186738	-43.8717338411665	-5.4552198186738	-0.613095453892386	0.575373926895082	0.969829504896527
"hsa-let-7i-3p"	-3.34462309152267	-10.1585535605186	-3.34462309152268	-0.612511661083535	0.575721200446758	0.969829504896527
"hsa-miR-526b-5p"	55.3184060860086	44926185317137088	55.3184060860086	0.611782028119472	0.576155429424412	0.969829504896527
"hsa-miR-671-5p"	14.7255573784056	27091.588710821	14.7255573784056	0.608964995368604	0.57783403679176	0.969829504896527
"hsa-miR-142-5p"	-25.7168150316147	-55148374.6697105	-25.7168150316147	-0.607450057653771	0.578738130514888	0.969829504896527
"ebv-miR-BART14-5p"	10.187926685095	1166.46449935335	10.187926685095	0.605395601756979	0.579965736532672	0.969829504896527
"hsa-miR-488-5p&hsa-miR-488-3p"	49.9740851111881	1105856116406351	49.9740851111881	0.604026049639782	0.580785070435013	0.969829504896527
"hsa-miR-651-5p"	3.64300424458262	12.4926206364592	3.64300424458262	0.603310742268249	0.581213314352355	0.969829504896527
"hsa-miR-890"	-4.59853066426364	-24.226778346841	-4.59853066426364	-0.599008484835589	0.58379351645342	0.969829504896527
"hsa-miR-548a-3p"	-3.85173414304607	-14.4373509081268	-3.85173414304607	-0.596095857798962	0.585544689600175	0.969829504896527
"hsa-miR-186-5p"	8.00656705727334	257.167952137534	8.00656705727334	0.595010041606932	0.586198422832273	0.969829504896527
"hsa-let-7b-3p"	26.1819661018787	76130230.0462408	26.1819661018787	0.590144178414063	0.589134002891235	0.969829504896527
"hsa-miR-346"	-2.91494017248238	-7.54196352110036	-2.91494017248238	-0.589065833835419	0.589785896880698	0.969829504896527
"hsa-miR-181b-5p"	-185.992723702383	-9.75862904930859e+55	-185.992723702383	-0.587874960832345	0.590506376689105	0.969829504896527
"hsa-miR-127-5p"	20.5174626057603	1500968.84978699	20.5174626057604	0.587839704340157	0.590527715848988	0.969829504896527
"hsa-miR-342-3p"	-97.8715837501786	-2.89922841136868e+29	-97.8715837501787	-0.586883691593442	0.591106542855556	0.969829504896527
"hsa-miR-586"	3.11155295484438	8.64312457282708	3.11155295484438	0.586684214176808	0.591227365947762	0.969829504896527
"hsa-miR-24-1-5p"	-9.21615438761358	-594.756114178268	-9.21615438761358	-0.585731634237793	0.591804568293228	0.969829504896527
"hsa-miR-590-3p"	-8.46125792990537	-352.445879842876	-8.46125792990537	-0.585444493034598	0.591978630885458	0.969829504896527
"hsa-miR-105-3p"	-3.33626611268386	-10.0998790608727	-3.33626611268386	-0.583550690750078	0.593127489413628	0.969829504896527
"hsa-miR-92a-2-5p"	36.8575609099739	124517789110.379	36.8575609099739	0.58200426346285	0.59406671165406	0.969829504896527
"hsa-miR-623"	22.6050919085697	6379853.69170577	22.6050919085697	0.579531359817579	0.595570673151439	0.969829504896527
"hsa-miR-621"	22.4978791095156	5922927.96538662	22.4978791095156	0.578373725257256	0.59627558229763	0.969829504896527
"hsa-miR-148a-5p"	-3.46747047827908	-11.0614643259024	-3.46747047827908	-0.577239695022118	0.596966651355669	0.969829504896527
"hsa-miR-671-3p"	3.0691951302778	8.39304973739841	3.0691951302778	0.57705121843971	0.597081558593954	0.969829504896527
"hsa-let-7f-2-3p"	-4.93777783257925	-30.6492068036343	-4.93777783257925	-0.573205032048119	0.599429613923665	0.969829504896527
"hsa-miR-324-5p"	-11.8620773839874	-3722.55483184822	-11.8620773839874	-0.571916939307855	0.600217332726961	0.969829504896527
"hsa-miR-631"	-7.20759247148063	-147.809221783568	-7.20759247148063	-0.568727941663061	0.602170441301556	0.969829504896527
"hcmv-miR-UL70-3p"	-7.49513183128954	-180.409541455866	-7.49513183128954	-0.568037888021612	0.602593611444989	0.969829504896527
"hsa-miR-362-3p"	-2.95876954265831	-7.77460588244904	-2.95876954265831	-0.561819586111276	0.606415664777251	0.969829504896527
"hsa-miR-98-5p"	-59.3166657386812	-717952364451951104	-59.3166657386811	-0.560866979073672	0.6070025654426	0.969829504896527
"hsa-miR-767-3p"	8.61558890678334	392.238926149327	8.61558890678334	0.559789548003202	0.607666812474307	0.969829504896527
"hsa-miR-340-3p&hsa-miR-340-5p"	28.924534735906	509509828.642461	28.924534735906	0.552259458856658	0.612322260374836	0.969829504896527
"hsa-miR-9-3p"	-902.915017459248	-6.37534645675435e+271	-902.915017459249	-0.552169666424541	0.61237791184224	0.969829504896527
"hsa-miR-34b-5p&hsa-miR-34b-3p"	-52.0663885002965	-4715684101461335	-52.0663885002965	-0.550203663335721	0.6135972101806	0.969829504896527
"hsa-miR-659-3p"	39.0564098360242	571677215589.245	39.0564098360242	0.54860620985435	0.614589077953121	0.969829504896527
"hsa-miR-505-3p"	3.60782643370003	12.1916918087224	3.60782643370003	0.546961894754199	0.615611108914611	0.969829504896527
"ebv-miR-BART11-5p"	3.50662289475331	11.3657650661883	3.50662289475331	0.546203450270327	0.61608288745606	0.969829504896527
"hsa-miR-576-5p"	-4.97796501567456	-31.514961948049	-4.97796501567456	-0.545968770844528	0.61622891266535	0.969829504896527
"hsa-miR-449a"	-3.20716665376927	-9.23535010543855	-3.20716665376927	-0.544303148462387	0.617265948869319	0.969829504896527
"hsa-miR-660-5p"	-3.28998705989877	-9.78103449118437	-3.28998705989877	-0.544219087249336	0.617318315702802	0.969829504896527
"hsa-miR-342-5p"	-3.8644424258105	-14.5650871204495	-3.8644424258105	-0.538382873508969	0.620960920998022	0.969829504896527
"hsa-miR-99b-5p"	37.2752875197942	166333467211.236	37.2752875197942	0.535037531104989	0.623054970177391	0.969829504896527
"hsa-miR-181a-5p"	371.569389380433	7.13726256863233e+111	371.569389380433	0.534556612982931	0.623356369355851	0.969829504896527
"hsa-miR-519b-3p"	3.20852489737078	9.2440489374663	3.20852489737078	0.5320352908185	0.624938016548371	0.969829504896527
"hsa-miR-28-3p"	8.52985608901	369.609003163467	8.52985608901	0.531503186718867	0.625272130297676	0.969829504896527
"hsa-miR-431-3p"	-2.64413424949905	-6.25120471805486	-2.64413424949905	-0.529495322179285	0.626533893072446	0.969829504896527
"hsa-miR-30c-5p"	-225.213653983431	-6.25266674293852e+67	-225.213653983431	-0.529220238077264	0.626706882220463	0.969829504896527
"hsa-miR-135b-5p"	-2.95914118423734	-7.77660889688406	-2.95914118423734	-0.528364810997041	0.62724501526996	0.969829504896527
"hsa-miR-518c-3p"	3.6908734173214	12.9140840551196	3.6908734173214	0.525704752524184	0.62892024210293	0.969829504896527
"hsa-miR-374b-3p"	-18.5371703834404	-380403.338856833	-18.5371703834404	-0.525368185736783	0.629132399562241	0.969829504896527
"ebv-miR-BHRF1-3"	3.66455539617635	12.6806377167736	3.66455539617635	0.522872355841352	0.630707047287452	0.969829504896527
"hsa-miR-548b-3p"	-2.89328105916551	-7.42958207424239	-2.89328105916551	-0.522670200541418	0.630834695915938	0.969829504896527
"hsa-miR-652-3p"	-4.07873611693213	-16.8974790083697	-4.07873611693213	-0.522474666905992	0.630958178544155	0.969829504896527
"hsa-miR-512-3p"	-2.5570611339167	-5.88507635708472	-2.5570611339167	-0.516974651462887	0.634437626497587	0.973227319047298
"hsa-miR-520f-3p"	-11.0272296692278	-2087.0213867152	-11.0272296692278	-0.50806392118378	0.640099654787884	0.978285321234167
"ebv-miR-BART13-3p"	5.11884625421236	34.747716194418	5.11884625421236	0.505148550218756	0.641958768226741	0.978285321234167
"hsa-miR-186-3p"	2.50917390798826	5.6929400523863	2.50917390798826	0.502434581828689	0.643692374030283	0.978285321234167
"hcmv-miR-US25-2-3p"	-6.26138163347217	-76.7120671843743	-6.26138163347217	-0.50162619740167	0.644209290927286	0.978285321234167
"hsa-miR-655-3p"	-6.50339876694623	-90.7231461684843	-6.50339876694623	-0.501480138474411	0.644302714083239	0.978285321234167
"hsa-miR-610"	4.05784078963891	16.6545075331494	4.05784078963891	0.494230913080547	0.648949704843355	0.978285321234167
"hsa-miR-505-5p"	15.6819798596822	52571.011010891	15.6819798596822	0.493433808156803	0.649461890935808	0.978285321234167
"hsa-miR-192-3p"	-3.64529024045759	-12.5124312797184	-3.64529024045759	-0.492843079247796	0.64984162335775	0.978285321234167
"hsa-miR-424-3p"	-2.7772391388889	-6.85539188308427	-2.7772391388889	-0.490849313376415	0.651124228277466	0.978285321234167
"ebv-miR-BART14-3p"	-4.14660044602809	-17.7113275254401	-4.14660044602808	-0.488057649719073	0.652922641882203	0.978285321234167
"hsa-miR-502-5p"	-2.38918559842872	-5.23861558130961	-2.38918559842872	-0.483079515603924	0.656136851082359	0.978285321234167
"hsa-miR-191-5p"	54.91646242393	34001842032074160	54.91646242393	0.482805005672543	0.656314362137686	0.978285321234167
"hsa-miR-339-3p"	3.51933227723969	11.4663337908519	3.51933227723969	0.482793251427461	0.656321963613845	0.978285321234167
"hsa-miR-654-5p"	10.5938672036237	1545.50992499495	10.5938672036237	0.48205302507638	0.656800772123095	0.978285321234167
"hsa-miR-604"	-3.23818309552047	-9.43605021146241	-3.23818309552047	-0.480672509900174	0.65769429073451	0.978285321234167
"hsa-miR-143-5p"	2.67578067619159	6.38984385017789	2.67578067619159	0.477825122851682	0.659539458421204	0.978285321234167
"hsa-miR-410-3p"	-12.1610245923216	-4579.65940621546	-12.1610245923216	-0.476885407443595	0.660149074049845	0.978285321234167
"hsa-miR-214-3p"	-9.51594836825028	-732.126110924937	-9.51594836825028	-0.476046843952578	0.660693346022553	0.978285321234167
"hsa-miR-194-3p"	2.53206885423444	5.78400521971412	2.53206885423444	0.471819196373333	0.663441266251612	0.979783163041678
"hsa-miR-92b-3p"	11.2325660856037	2406.24209464763	11.2325660856037	0.466933253802114	0.666625254682618	0.979783163041678
"ebv-miR-BART11-3p"	-4.22841893045529	-18.7448052345291	-4.22841893045528	-0.462961916370534	0.669219656558998	0.979783163041678
"hsa-miR-23a-5p"	3.15011609715543	8.87727012317367	3.15011609715543	0.456670198627031	0.673341639466803	0.979783163041678
"hsa-miR-320a-3p"	33.5597164951917	12661387806.6554	33.5597164951918	0.456144944602718	0.673686403259979	0.979783163041678
"hsa-miR-99b-3p"	7.83141488010078	227.766992559645	7.83141488010078	0.453488111864097	0.675431802760904	0.979783163041678
"hsa-miR-193b-5p"	10.4412312552926	1390.34890605984	10.4412312552926	0.453323949981124	0.675539731620451	0.979783163041678
"hsa-miR-551b-5p"	39.5517446891895	805863586441.99	39.5517446891895	0.453062652517994	0.675711542566308	0.979783163041678
"hcmv-miR-US4-5p"	-3.74089448438548	-13.369693476345	-3.74089448438548	-0.452762418247855	0.675908985842761	0.979783163041678
"hsa-miR-577"	-4.04518555849994	-16.5090541161005	-4.04518555849994	-0.452530434507354	0.676061567589164	0.979783163041678
"hsa-miR-510-5p"	19.0371266052362	537955.236624539	19.0371266052362	0.450706914026869	0.677261615090917	0.979783163041678
"hsa-miR-372-3p"	-2.49681910474225	-5.64439559521823	-2.49681910474225	-0.448909890783624	0.678445386798677	0.979783163041678
"hsa-miR-875-5p"	-9.29031414201119	-626.12814464148	-9.29031414201119	-0.441723136847284	0.683191060917354	0.979783163041678
"hsa-miR-30e-5p"	79.6893254584775	9.74714209328346e+23	79.6893254584775	0.441165941066021	0.683559760400397	0.979783163041678
"hsa-miR-367-3p"	-2.22194054068946	-4.66520520317501	-2.22194054068946	-0.440891201576039	0.683741597268273	0.979783163041678
"hsa-miR-494-3p"	47.1584368979104	157073910089122	47.1584368979104	0.437887806441112	0.685731130679863	0.979783163041678
"hsa-miR-301a-3p"	-22.9726954085826	-8231337.31630941	-22.9726954085826	-0.437144111092335	0.686224264195066	0.979783163041678
"hsa-miR-323b-5p"	-8.33076802228629	-321.966778076668	-8.33076802228629	-0.434056619255028	0.688273602485322	0.979783163041678
"hsa-miR-412-3p"	-20.6208675988304	-1612499.85354816	-20.6208675988304	-0.432054352543697	0.68960439308974	0.979783163041678
"hsa-miR-302a-3p"	-26.9460065801138	-129287412.56127	-26.9460065801138	-0.431662412523378	0.689865055963714	0.979783163041678
"hsa-miR-185-5p"	91.3569183170235	3.17082829403074e+27	91.3569183170235	0.429065704972845	0.691593362333249	0.979783163041678
"hsa-miR-15b-3p"	5.81193811780303	56.1781853180021	5.81193811780303	0.427942932901824	0.692341374766214	0.979783163041678
"hsa-miR-145-3p"	-2.54840114565725	-5.84985613742406	-2.54840114565725	-0.426969528844362	0.692990227340929	0.979783163041678
"hsa-let-7d-3p"	2.28004099924536	4.85691756198572	2.28004099924536	0.426906071230976	0.693032538313014	0.979783163041678
"ebv-miR-BART10-5p"	-2.98795000153697	-7.93345889686056	-2.98795000153697	-0.424286952953097	0.69478006882735	0.979783163041678
"hsa-miR-382-5p"	-5.53679604178729	-46.4239070969421	-5.53679604178729	-0.424080505790034	0.694917914856157	0.979783163041678
"kshv-miR-K12-9-3p"	4.39987194214181	21.1102526810386	4.39987194214181	0.417867656627353	0.699073086582902	0.982455286470472
"hsa-miR-573"	-2.12309184200528	-4.35626537248881	-2.12309184200528	-0.417417072434503	0.699374949690844	0.982455286470472
"hsa-miR-449b-5p"	-2.39999432314942	-5.27801087464283	-2.39999432314943	-0.414242896392114	0.701503396088317	0.983582353764219
"hsa-miR-518c-5p"	157.007632795666	1.83656802835952e+47	157.007632795666	0.412398052106258	0.702742020681606	0.983582353764219
"hsa-miR-499a-5p"	-18.52523517413	-377269.298162022	-18.52523517413	-0.409287158252197	0.704833258238193	0.984712402675216
"hsa-miR-555"	-2.33955454213129	-5.06146331735631	-2.33955454213129	-0.405554436551832	0.707346777468915	0.986427233306651
"hsa-miR-639"	3.20804139588033	9.240951427289	3.20804139588033	0.399461759171992	0.711459361515425	0.986963336620165
"hsa-miR-22-3p"	-155.724002149569	-7.54389598727083e+46	-155.724002149569	-0.394255335533186	0.714983392629966	0.986963336620165
"hsa-miR-181c-3p"	-3.08515894163584	-8.48643682973958	-3.08515894163584	-0.393212793703573	0.71569011287331	0.986963336620165
"hsa-miR-223-5p"	3.28942756170711	9.77724199870299	3.28942756170711	0.392526745572171	0.716155365187019	0.986963336620165
"hsa-miR-645"	-2.05400086444469	-4.15255957033285	-2.05400086444469	-0.389786987684749	0.718014887929267	0.986963336620165
"hsa-miR-145-5p"	-13.2143653887374	-9504.30480282312	-13.2143653887374	-0.389642150736219	0.718113258908906	0.986963336620165
"hsa-miR-302d-5p"	76.3057499866288	9.33941314545999e+22	76.3057499866288	0.388758040863976	0.718713879174116	0.986963336620165
"kshv-miR-K12-4-3p"	-1.92865734786039	-3.80700733051992	-1.92865734786039	-0.383786588153772	0.722095914454043	0.986963336620165
"hsa-miR-425-3p"	-2.28805867310704	-4.88398467389244	-2.28805867310704	-0.378057976286552	0.726002814816126	0.986963336620165
"hsa-miR-369-3p"	19.0379301784875	538254.958214492	19.0379301784875	0.372307478765209	0.72993505665287	0.986963336620165
"hsa-miR-509-3p"	5.86739803206299	58.3798270624353	5.86739803206299	0.371779624645893	0.730296526774807	0.986963336620165
"hsa-miR-195-3p"	-7.0086656172745	-128.77115182905	-7.00866561727449	-0.371158269059815	0.730722137175174	0.986963336620165
"hsa-miR-33b-3p"	2.3321320722729	5.03548964945641	2.3321320722729	0.370771568154975	0.730987076651799	0.986963336620165
"kshv-miR-K12-3-3p"	3.13007217802278	8.75478760109179	3.13007217802278	0.368259981738531	0.732708964097277	0.986963336620165
"ebv-miR-BART6-5p"	-2.68923763499654	-6.44972493752607	-2.68923763499654	-0.368206972690064	0.732745326979034	0.986963336620165
"hsa-miR-380-5p"	8.29041426995797	313.085800787037	8.29041426995796	0.365620097432248	0.734520913089609	0.986963336620165
"hsa-miR-188-3p"	2.66255135216226	6.33151765185922	2.66255135216226	0.363003520597668	0.736318980278925	0.986963336620165
"hsa-miR-199b-5p"	-8.85421448349073	-462.790193365012	-8.85421448349074	-0.360844808025684	0.737803988490983	0.986963336620165
"hsa-miR-502-3p"	-1.84240394398065	-3.58607073110416	-1.84240394398065	-0.356592563174367	0.74073331170582	0.986963336620165
"hsa-miR-33a-3p"	-2.93298901509879	-7.63690996429316	-2.9329890150988	-0.351037320306479	0.744568468657271	0.986963336620165
"hsa-miR-200b-3p"	-2.53076571316359	-5.77878306851085	-2.53076571316359	-0.350665721496047	0.744825337792669	0.986963336620165
"hsa-miR-614"	3.13313426093326	8.77338914500636	3.13313426093326	0.350535285298872	0.74491551207981	0.986963336620165
"hsa-miR-629-3p"	2.70259028398309	6.50969650652008	2.70259028398309	0.347574289565258	0.746963893398048	0.986963336620165
"hsa-miR-549a-3p"	-24.0824792391195	-17764321.3553536	-24.0824792391195	-0.344211656532665	0.749293266471228	0.986963336620165
"hsa-miR-15a-3p"	5.55700526875195	47.0787877997705	5.55700526875195	0.343617280835044	0.749705350070037	0.986963336620165
"hsa-miR-300"	74.3255022054099	2.36704005230096e+22	74.3255022054099	0.342291158321386	0.750625130398235	0.986963336620165
"hsa-miR-888-5p"	-1.62427894134943	-3.08288044276199	-1.62427894134943	-0.340840221322133	0.751632069019072	0.986963336620165
"hsa-miR-326"	-2.60916129208978	-6.10148871619177	-2.60916129208978	-0.340578683203148	0.751813639652981	0.986963336620165
"hsa-miR-93-3p"	3.30694025929	9.89665000959585	3.30694025929	0.340564518848612	0.75182347370512	0.986963336620165
"hsa-miR-30a-5p"	123.584358501466	1.59440594059372e+37	123.584358501466	0.337781522100661	0.753756787818444	0.986963336620165
"hsa-miR-122-3p"	-1.72683653186997	-3.31001219394533	-1.72683653186997	-0.335962981721714	0.755021316527248	0.986963336620165
"ebv-miR-BHRF1-2-5p"	-2.30504157803218	-4.94181696811709	-2.30504157803218	-0.330851891120046	0.7585804172056	0.986963336620165
"hsa-miR-885-5p"	-21.5178242705879	-3002690.34053124	-21.5178242705879	-0.329235649718574	0.759707434998232	0.986963336620165
"hsa-miR-509-3-5p"	-22.8515943667861	-7568596.50998393	-22.8515943667861	-0.328604387301088	0.760147820323495	0.986963336620165
"ebv-miR-BART17-3p"	-2.06236356518509	-4.17670012297713	-2.06236356518509	-0.327065231606577	0.761222047992242	0.986963336620165
"hsa-miR-661"	-1.88352767505963	-3.68976177915627	-1.88352767505963	-0.326796191755343	0.761409888404333	0.986963336620165
"hsa-miR-873-5p"	4.15544349822585	17.8202231564235	4.15544349822585	0.323875772104552	0.763450198902153	0.986963336620165
"hcmv-miR-US33-5p"	1.97637002263683	3.93501742053756	1.97637002263683	0.319360455228825	0.766609447855212	0.986963336620165
"hsa-miR-450a-5p"	2.11379697732001	4.32828943845117	2.11379697732001	0.317900753100295	0.767631971287385	0.986963336620165
"hsa-miR-223-3p"	4.74765321848795	26.8649494532945	4.74765321848795	0.316603089974969	0.768541478708934	0.986963336620165
"hsa-miR-615-3p"	-3.98969086681871	-15.8860755767162	-3.98969086681871	-0.316220090880489	0.768810003861735	0.986963336620165
"hsa-miR-422a"	32.8695376463218	7847237106.69154	32.8695376463218	0.31574381264146	0.76914398419368	0.986963336620165
"hsa-miR-450b-3p"	5.41901114994644	42.7843465128163	5.41901114994644	0.314022597153469	0.770351468312079	0.986963336620165
"hsa-miR-519c-3p"	2.49726740924464	5.64614981289998	2.49726740924464	0.313969130707393	0.770388989569349	0.986963336620165
"hsa-miR-518d-3p"	1.72395612039426	3.30341018491154	1.72395612039426	0.313950478181981	0.770402079573538	0.986963336620165
"hsa-miR-517b-3p"	1.89681304269624	3.72389667227364	1.89681304269624	0.312681665220673	0.771292731791853	0.986963336620165
"hsa-miR-514a-3p"	6.68047306755192	102.570572266391	6.68047306755192	0.310989452613694	0.772481272416861	0.986963336620165
"hsa-miR-595"	3.17672866799642	9.0425437186179	3.17672866799642	0.309142595689215	0.773779312154296	0.986963336620165
"hsa-miR-338-3p"	226.847049132284	1.9398413682549e+68	226.847049132284	0.308852527599645	0.773983266277767	0.986963336620165
"hsa-miR-499a-3p"	2.40191137243669	5.28502894304964	2.40191137243669	0.307721740358957	0.774778566802791	0.986963336620165
"hsa-miR-564"	-1.89550121795021	-3.72051211811591	-1.89550121795021	-0.305505322305501	0.77633840159899	0.986963336620165
"hsa-miR-520a-5p"	2.52778007672985	5.76683632694813	2.52778007672985	0.303248233322196	0.777928203718548	0.986963336620165
"hsa-miR-29b-3p"	242.020920410066	7.17061857237963e+72	242.020920410066	0.302768572822151	0.778266231178304	0.986963336620165
"hsa-miR-103a-3p"	-40.435787902887	-1487253696700.74	-40.435787902887	-0.302484998898617	0.778466100662945	0.986963336620165
"hsa-miR-486-5p"	8.10864580448481	276.02321583887	8.10864580448481	0.302430767261935	0.778504326799478	0.986963336620165
"hcmv-miR-US5-2-3p"	-1.4799648419602	-2.78941935457037	-1.4799648419602	-0.290240885062799	0.787116069334985	0.9885548485173
"hsa-miR-96-3p"	-1.76130385074338	-3.39004365283574	-1.76130385074338	-0.287454224336707	0.78909012296348	0.9885548485173
"hsa-miR-361-5p"	-16.8333203469053	-116770.825666073	-16.8333203469053	-0.287017231122794	0.789399864923878	0.9885548485173
"hsa-miR-299-5p"	-4.13970057695038	-17.6268231287089	-4.13970057695038	-0.28511186138528	0.790750959089247	0.9885548485173
"hsa-miR-765"	-110.434422411799	-1.75417816063639e+33	-110.434422411799	-0.279224965862119	0.794931084889544	0.9885548485173
"hsa-miR-29c-3p"	142.402719240509	7.3703812870647e+42	142.402719240509	0.278963005266357	0.795117295928982	0.9885548485173
"hsa-miR-26a-5p"	-195.586380912513	-7.53993145988403e+58	-195.586380912513	-0.277463159140945	0.796183765993749	0.9885548485173
"hsa-miR-325"	1.6745344882134	3.19216336968065	1.6745344882134	0.275438826929521	0.797624048390751	0.9885548485173
"hsa-miR-921"	195.906662057908	9.41416118521086e+58	195.906662057908	0.27202244873376	0.800057014027194	0.9885548485173
"hsa-miR-517a-3p"	2.97619312246945	7.8690698934668	2.97619312246945	0.270921145112287	0.800841906398929	0.9885548485173
"hsa-miR-147a"	1.58624313467421	3.00266418572268	1.58624313467421	0.269706512563009	0.801707905678673	0.9885548485173
"hsa-miR-134-5p"	1.55956043591362	2.94764020304939	1.55956043591362	0.268193885008472	0.80278686087764	0.9885548485173
"hsa-miR-21-3p"	-9.12889482411922	-559.849338403426	-9.12889482411922	-0.267268067051453	0.803447514720381	0.9885548485173
"ebv-miR-BART2-5p"	1.31388767005859	2.48610575913841	1.31388767005859	0.266971210867883	0.803659391276863	0.9885548485173
"ebv-miR-BART17-5p"	-71.430093162096	-3.18127076806118e+21	-71.430093162096	-0.263571559551774	0.80608732657852	0.9885548485173
"hsa-miR-550a-3p&hsa-miR-550a-5p"	-17.8781624066245	-240914.617566894	-17.8781624066245	-0.263398736990537	0.806210824295861	0.9885548485173
"ebv-miR-BART4-5p"	1.32642933617172	2.50781223760515	1.32642933617172	0.259595040510197	0.808930684224074	0.9885548485173
"hsa-miR-769-3p"	3.10643771069248	8.61253362681232	3.10643771069248	0.256351606786198	0.811252572523435	0.9885548485173
"hsa-miR-618"	-1.63537222327114	-3.10667693638247	-1.63537222327114	-0.255387601202823	0.811943144256866	0.9885548485173
"hsa-miR-491-5p"	11.3034201091018	2527.36813975586	11.3034201091019	0.254382441103305	0.812663423187924	0.9885548485173
"hsa-miR-454-3p"	-8.93943844138073	-490.952092343489	-8.93943844138074	-0.245977246741567	0.818695346625238	0.9885548485173
"hsa-miR-30c-1-3p"	-1.20130102625163	-2.29946944295751	-1.20130102625163	-0.241875941236562	0.821644308544672	0.9885548485173
"hsa-miR-548a-5p"	-1.28987389899819	-2.44506683117812	-1.28987389899819	-0.241087572752174	0.822211590066672	0.9885548485173
"hsa-miR-29a-3p"	277.358088464094	3.11246278743951e+83	277.358088464094	0.240817364509592	0.822406053203091	0.9885548485173
"hsa-miR-151a-5p"	28.7098362586819	439057989.5853	28.7098362586819	0.237940874931763	0.824477178905144	0.9885548485173
"hsa-miR-25-3p"	6.88943606248338	118.556919947313	6.88943606248338	0.234732978327308	0.826789014284738	0.9885548485173
"hcmv-miR-UL22A-3p"	-1.90704405131003	-3.7503988989152	-1.90704405131003	-0.234537304368647	0.826930101434872	0.9885548485173
"hsa-miR-181c-5p"	-8.30219259984557	-315.652332104981	-8.30219259984557	-0.231836336324132	0.828878410183437	0.9885548485173
"hsa-miR-376b-3p"	4.18244478847698	18.1568847341362	4.18244478847698	0.230405551945211	0.829911107975854	0.9885548485173
"hsa-miR-194-5p"	-1.31438407088409	-2.48696132268801	-1.31438407088409	-0.227030359231543	0.832348906168512	0.9885548485173
"hsa-miR-767-5p"	-1.3167471588343	-2.49103822313454	-1.3167471588343	-0.225485937868275	0.833465176572218	0.9885548485173
"hsa-miR-662"	1.91344050470314	3.76706389750447	1.91344050470314	0.224445930077314	0.834217143566597	0.9885548485173
"hsa-miR-429"	1.91800982412181	3.77901389733189	1.91800982412181	0.222064126009674	0.835940109478733	0.9885548485173
"hsa-miR-154-5p"	-7.93091701586736	-244.030390508909	-7.93091701586736	-0.220303329267355	0.837214581633376	0.9885548485173
"hsa-miR-633"	-3.4215689598191	-10.7150669546492	-3.4215689598191	-0.219460793421907	0.837824632107777	0.9885548485173
"hsa-miR-520d-5p"	41.3772405053998	2856212595022.51	41.3772405053998	0.218859387525543	0.838260175395176	0.9885548485173
"hsa-miR-600"	3.20386802554049	9.21425820086712	3.20386802554049	0.208985348839219	0.845421179289126	0.9885548485173
"hsa-miR-515-3p"	-1.00769640470998	-2.0106979925898	-1.00769640470998	-0.208598060651077	0.845702438062828	0.9885548485173
"hsa-miR-561-3p"	1.4648625262815	2.76037165976912	1.4648625262815	0.207192796187628	0.846723216782863	0.9885548485173
"hsa-miR-196a-5p"	1.18464029169312	2.27306713016944	1.18464029169312	0.202573701027107	0.850081125508365	0.9885548485173
"hsa-miR-33b-5p"	-2.49355555919922	-5.63164174057305	-2.49355555919922	-0.201580772953179	0.8508034652232	0.9885548485173
"hsa-miR-26b-3p"	-0.983374784092639	-1.97708484445739	-0.983374784092639	-0.201576899516957	0.850806283443811	0.9885548485173
"hsa-miR-522-3p"	-3.58689049564377	-12.016047331249	-3.58689049564377	-0.200048934464587	0.85191820970419	0.9885548485173
"hsa-miR-149-5p"	13.1716546413705	9227.05564263815	13.1716546413705	0.199936871629733	0.851999776583265	0.9885548485173
"hsa-miR-452-5p"	-1.08131918388996	-2.11597001565166	-1.08131918388996	-0.197946527128413	0.853448864651851	0.9885548485173
"hsa-miR-148b-5p"	-1.0805772984409	-2.11488218782639	-1.0805772984409	-0.195490055232503	0.855238309192693	0.9885548485173
"hsa-miR-511-5p"	4.3884117450171	20.9432254848272	4.3884117450171	0.193878487149764	0.856412861548695	0.9885548485173
"hsa-miR-625-3p"	-17.9571650520756	-254475.11410031	-17.9571650520756	-0.193334704518395	0.856809288606072	0.9885548485173
"hsa-miR-376a-3p"	5.31730099063303	39.8719149403915	5.31730099063302	0.192833524181766	0.857174704234156	0.9885548485173
"hsa-miR-613"	-1.2056854501764	-2.30646827757707	-1.2056854501764	-0.192347897648232	0.857528821771367	0.9885548485173
"kshv-miR-K12-8-3p"	3.93838289871691	15.3310318867165	3.9383828987169	0.190968247389145	0.858535085476684	0.9885548485173
"kshv-miR-K12-9-5p"	-2.74932019460417	-6.72400219067979	-2.74932019460417	-0.190523054808322	0.858859863021858	0.9885548485173
"hsa-miR-516b-5p"	-3.68768974105675	-12.8856172409313	-3.68768974105675	-0.190260861783401	0.859051154671412	0.9885548485173
"hsa-miR-640"	-1.69446145175424	-3.23656045465467	-1.69446145175424	-0.188865455922049	0.860069420918239	0.9885548485173
"hsa-miR-32-3p"	180.436187791119	2.07350376551297e+54	180.436187791119	0.186743435054644	0.86161856425963	0.9885548485173
"hsa-miR-149-3p"	-15.5488651512076	-47937.4368355164	-15.5488651512076	-0.186066839595474	0.862112663411999	0.9885548485173
"hsa-miR-744-3p"	1.00451620598624	2.00627060050135	1.00451620598624	0.185083281454503	0.8628310684723	0.9885548485173
"hcmv-miR-US25-1-5p"	1.7606770916659	3.38857121472035	1.7606770916659	0.183333125198763	0.864109814144498	0.9885548485173
"hsa-miR-944"	1.12545471357999	2.18170299362178	1.12545471357999	0.18315451376215	0.864240345088799	0.9885548485173
"hsa-miR-628-3p"	63.9283332628768	17552779003725422592	63.9283332628768	0.180045871726096	0.866513026463699	0.9885548485173
"hsa-let-7d"	6.59439638996917	96.6298080147978	6.59439638996917	0.17980534534014	0.866688938757184	0.9885548485173
"hsa-miR-490-5p"	-1.30655529945823	-2.47350240023485	-1.30655529945823	-0.178849047178094	0.867388435209075	0.9885548485173
"hsa-miR-568"	-1.21397762069758	-2.31976332421425	-1.21397762069758	-0.177864533638616	0.868108727465692	0.9885548485173
"hsa-miR-107"	20.5484290472152	1533534.34538189	20.5484290472152	0.177601962260045	0.868300857447709	0.9885548485173
"hsa-miR-496"	-3.11818775053679	-8.68296489177256	-3.11818775053679	-0.176041794822883	0.869442702668168	0.9885548485173
"hsa-miR-371a-3p"	-1.36441146807294	-2.57471271839106	-1.36441146807294	-0.173532516355429	0.871280003967588	0.9885548485173
"hsa-miR-19b-2-5p"	2.30176761458235	4.93061502774574	2.30176761458235	0.172236016623825	0.872229700697426	0.9885548485173
"hsa-miR-675-5p"	-18.8480403933636	-471873.423352422	-18.8480403933636	-0.168823897408104	0.874730377685448	0.9885548485173
"hsa-miR-20a-3p"	0.975708066615083	1.96660615951869	0.975708066615083	0.168521517701566	0.874952074069384	0.9885548485173
"hsa-miR-563"	1.85545426955264	3.61865675780786	1.85545426955264	0.168160595456978	0.875216710842568	0.9885548485173
"hsa-miR-933"	-149.29460205554	-8.75292907584991e+44	-149.29460205554	-0.164320226657686	0.878033805523179	0.9885548485173
"hsa-miR-544a"	4.05585078626071	16.6315507210745	4.0558507862607	0.162289504935547	0.879524346357072	0.9885548485173
"hsa-miR-21-5p"	-25.8788432623403	-61703255.0427212	-25.8788432623403	-0.160287772225306	0.88099421552167	0.9885548485173
"hsa-miR-27a-5p"	0.849952197919826	1.80244120236697	0.849952197919826	0.158658851326247	0.882190768739318	0.9885548485173
"hsa-miR-1307-3p"	0.789762124205436	1.72878939124356	0.789762124205436	0.153965740009336	0.885640345170468	0.9885548485173
"hsa-miR-152-3p"	1.17307082641645	2.25491152224004	1.17307082641646	0.153447107078989	0.886021750479419	0.9885548485173
"hsa-miR-19b-1-5p"	1.00475535904552	2.00660320407226	1.00475535904552	0.153360774587002	0.886085243556178	0.9885548485173
"hsa-miR-941"	-0.983920350814453	-1.97783263636011	-0.983920350814453	-0.1525234098565	0.886701136885327	0.9885548485173
"hsa-miR-760"	0.743772421877754	1.67454880225656	0.743772421877754	0.151429893345426	0.887505582724576	0.9885548485173
"hsa-miR-338-5p"	47.6543623679811	221509571517344	47.6543623679811	0.150768878585705	0.887991940066474	0.9885548485173
"hsa-miR-128-3p"	-73.9400064139037	-1.81200674589254e+22	-73.9400064139038	-0.148079221932819	0.889971546957983	0.9885548485173
"hsa-miR-620"	-97.5317694775497	-2.29080510853827e+29	-97.5317694775497	-0.142805909090169	0.893855615850031	0.9885548485173
"hsa-miR-646"	0.987581871560418	1.98285869706257	0.987581871560418	0.141989118424942	0.894457558352873	0.9885548485173
"hsa-miR-518a-3p"	-1.66772489778389	-3.17713170704775	-1.66772489778389	-0.13996711765848	0.895948071322061	0.9885548485173
"hsa-miR-151a-3p"	-42.7376493757514	-7333552514856.16	-42.7376493757514	-0.137935963331893	0.897445868189049	0.9885548485173
"hsa-miR-892a"	-1.10726376806514	-2.15436659942218	-1.10726376806514	-0.137577355905887	0.897710364751933	0.9885548485173
"hsa-miR-132-3p"	-20.0579295078842	-1091536.92747545	-20.0579295078843	-0.134823534349256	0.899742035425173	0.9885548485173
"hsa-miR-23a-3p"	11.120183767818	2225.91651351245	11.120183767818	0.134137874662575	0.900248039452357	0.9885548485173
"hsa-miR-525-3p"	0.739681433220285	1.66980708192305	0.739681433220285	0.133735676776243	0.900544881349286	0.9885548485173
"hsa-miR-543"	-0.971655109823415	-1.96108913464597	-0.971655109823415	-0.133367019040414	0.900816986679084	0.9885548485173
"hsa-miR-616-5p"	1.22470409637225	2.33707510272072	1.22470409637225	0.132987684283228	0.901096990334147	0.9885548485173
"hsa-miR-27b-5p"	-1.04763378949296	-2.06713668850485	-1.04763378949296	-0.130369059089124	0.903030396846361	0.9885548485173
"hsa-miR-516a-5p"	3.53338991287881	11.5786079799158	3.53338991287881	0.123704270991566	0.907954927882194	0.9885548485173
"hsa-miR-877-3p"	-1.83309282688756	-3.56300084812976	-1.83309282688756	-0.123247009136214	0.908292984430455	0.9885548485173
"hsa-miR-136-3p"	11.7481237037675	3439.83513083439	11.7481237037675	0.121478041161345	0.909601019560432	0.9885548485173
"hsa-miR-15b-5p"	3.32351848032733	10.0110297901816	3.32351848032733	0.118234344946589	0.912000438748769	0.9885548485173
"hsa-miR-23b-3p"	15.6976186593273	53143.9801173905	15.6976186593273	0.117657770533935	0.912427063726974	0.9885548485173
"sv40-miR-S1-5p"	-54.5293036856596	-25998964562294492	-54.5293036856597	-0.117489725922144	0.912551411952685	0.9885548485173
"hsa-let-7e-3p"	-0.617821864536777	-1.5345566063158	-0.617821864536777	-0.115973770991199	0.913673315241325	0.9885548485173
"hsa-miR-541-5p"	-1.93405637104549	-3.82128105317525	-1.93405637104549	-0.111787510186227	0.916772701213225	0.9885548485173
"kshv-miR-K12-10a-3p"	1.53010107533153	2.88806072172556	1.53010107533153	0.11176015635415	0.916792959305603	0.9885548485173
"hsa-miR-18b-5p"	-2.72370255132013	-6.60565925256641	-2.72370255132012	-0.110417558657634	0.917787375450773	0.9885548485173
"hsa-miR-30d-3p"	1.74251623349635	3.34618273594972	1.74251623349635	0.106516416531097	0.920677868322896	0.9885548485173
"hsa-miR-593-5p&hsa-miR-593-3p"	-0.629949075339033	-1.54751036811603	-0.629949075339032	-0.105196491352915	0.921656194092961	0.9885548485173
"hsa-miR-219a-2-3p"	70.4957404962495	1.66468649362471e+21	70.4957404962495	0.103707540487466	0.922760007616418	0.9885548485173
"sv40-miR-S1-3p"	0.553953779840415	1.46810360109756	0.553953779840415	0.100339838318582	0.925257399099903	0.9885548485173
"hsa-miR-554"	-1.6803445168594	-3.20504478652724	-1.6803445168594	-0.100244477298407	0.925328131825109	0.9885548485173
"hsa-miR-10b-3p"	-2.32992859229982	-5.02780463547873	-2.32992859229982	-0.0996044052153965	0.925802918605681	0.9885548485173
"hsa-miR-632"	0.931610120402687	1.9074035671762	0.931610120402687	0.0933920789280784	0.930412995349202	0.9885548485173
"kshv-miR-K12-1-5p"	0.87424163675027	1.83304427991989	0.874241636750271	0.0925652991667934	0.931026796878675	0.9885548485173
"hsa-miR-210-3p"	0.453401050183574	1.36926439762439	0.453401050183574	0.0917395487237052	0.931639893626678	0.9885548485173
"hsa-miR-432-5p"	3.32046722615621	9.98987915461218	3.32046722615621	0.088068174881841	0.93436649159062	0.9885548485173
"hsa-miR-125a-3p"	-0.50217146393179	-1.41634376030075	-0.50217146393179	-0.0867896752286004	0.935316252084935	0.9885548485173
"hsa-miR-377-3p"	-12.8782238384694	-7528.90238266662	-12.8782238384694	-0.0867179446166576	0.935369542660053	0.9885548485173
"hsa-miR-553"	-0.970474588936355	-1.95948508134232	-0.970474588936354	-0.0860476951915181	0.935867508992583	0.9885548485173
"hsa-miR-369-5p"	3.34409264912036	10.1548192043928	3.34409264912035	0.0845800603316862	0.936958024890777	0.9885548485173
"hsa-miR-205-5p"	-0.525079930163482	-1.43901330398517	-0.525079930163482	-0.0834883283840755	0.937769340150412	0.9885548485173
"hsa-let-7g"	-1.23625858852263	-2.35586780687161	-1.23625858852263	-0.0819990852282533	0.938876214771393	0.9885548485173
"hsa-miR-556-3p"	-0.759631408911071	-1.69305801367138	-0.759631408911071	-0.081825200651446	0.93900546508409	0.9885548485173
"hsa-miR-361-3p"	-0.686445707062401	-1.60931384746725	-0.686445707062402	-0.0805674495692068	0.93994043433929	0.9885548485173
"hsa-miR-378a-5p"	0.41222122304599	1.33073308022091	0.41222122304599	0.0798066818209317	0.940506021528841	0.9885548485173
"kshv-miR-K12-12-5p&kshv-miR-K12-12-3p"	-0.3759036116249	-1.29765206618193	-0.3759036116249	-0.0766613240070819	0.942844872018156	0.9885548485173
"hsa-miR-125a-5p"	23.5852577873322	12585487.6972938	23.5852577873322	0.0744732056823341	0.944472354032208	0.9885548485173
"hsa-miR-378a-5p&hsa-miR-378a-3p"	0.652679121534506	1.57208488855482	0.652679121534505	0.073934286821439	0.944873243905755	0.9885548485173
"hsa-miR-181a-2-3p"	0.618271564045195	1.53503501436205	0.618271564045192	0.0729296942207213	0.945620592156791	0.9885548485173
"hsa-miR-615-5p"	0.407622184590391	1.32649770964964	0.407622184590391	0.0703095964694417	0.947570090045532	0.9885548485173
"hsa-miR-202-5p"	1.36631629118652	2.57811441539586	1.36631629118652	0.0702131121278956	0.94764188853666	0.9885548485173
"hsa-miR-500a-3p"	-0.448901591108461	-1.36500060549882	-0.448901591108461	-0.0690548065235723	0.948503885565723	0.9885548485173
"hcmv-miR-UL112-3p"	-0.670222675081325	-1.5913185631733	-0.670222675081325	-0.067930435320494	0.949340712648159	0.9885548485173
"hsa-miR-425-3p&hsa-miR-425-5p"	0.949497994031056	1.93120055261068	0.949497994031055	0.0659386647527766	0.950823310453552	0.9885548485173
"ebv-miR-BART12"	1.01210975973744	2.01685834583462	1.01210975973744	0.0655719718545724	0.951096289748999	0.9885548485173
"ebv-miR-BART9-3p"	0.771753534184018	1.70734372624034	0.771753534184019	0.0655202014819401	0.951134830135654	0.9885548485173
"hsa-miR-591"	0.627767443407683	1.5451720037566	0.627767443407683	0.0654622964111096	0.951177937686789	0.9885548485173
"hsa-miR-650"	-1.12282790761118	-2.17773424337774	-1.12282790761118	-0.0606954148748241	0.95472734628018	0.990503979905613
"hsa-miR-328-3p"	0.288248235140015	1.22115661105867	0.288248235140015	0.0594751398797964	0.95563617357256	0.990503979905613
"hsa-miR-574-3p"	-1.87051344451961	-3.65662693591646	-1.87051344451961	-0.0566866815000294	0.957713252007733	0.991145129682369
"hsa-miR-942-5p"	0.523219613543882	1.437158930706	0.523219613543882	0.0551753075291599	0.958839225846568	0.991145129682369
"hcmv-miR-UL70-5p"	-0.915236480759113	-1.88587817205514	-0.915236480759113	-0.0526107949319165	0.960750058896068	0.991783708174003
"hsa-miR-521"	-0.321208144142455	-1.24937636583337	-0.321208144142454	-0.0435534799320374	0.96750122633665	0.996194506858299
"hsa-miR-518f-3p"	0.409918701959482	1.32861094275738	0.409918701959482	0.0433923430235691	0.967621367702679	0.996194506858299
"hsa-miR-940"	-0.291853858856762	-1.2242123766845	-0.291853858856762	-0.0398549518029575	0.970259057397425	0.996194506858299
"hsa-miR-133b"	4.19332710485304	18.2943608099058	4.19332710485302	0.0388281418655918	0.971024798295407	0.996194506858299
"hsa-miR-891b"	-0.260497144927694	-1.19789142042583	-0.260497144927693	-0.038168241819842	0.971516937588015	0.996194506858299
"hsa-miR-195-5p"	-9.41348356404455	-681.9317582806	-9.41348356404458	-0.0281739078607265	0.978972264004275	0.997749195232148
"hsa-miR-133a-3p"	-2.23604262111428	-4.71103033290441	-2.23604262111428	-0.0263810262858757	0.980309982718392	0.997749195232148
"hsa-miR-920"	-0.588488905821517	-1.50367096129944	-0.588488905821515	-0.0263156580781871	0.980358757303188	0.997749195232148
"hsa-miR-548b-5p"	-0.13231689340524	-1.096052492071	-0.13231689340524	-0.0230854352163007	0.982769120201299	0.997749195232148
"hsa-miR-370-3p"	-0.195440527925882	-1.14507375628266	-0.195440527925881	-0.0228722888592046	0.982928176445828	0.997749195232148
"hsa-miR-657"	0.107823627193302	1.07760139772652	0.107823627193302	0.0189560913220472	0.985850726956456	0.997749195232148
"hsa-miR-30a-3p"	-0.139013919871628	-1.1011522225357	-0.139013919871628	-0.0170752821994845	0.987254424466624	0.997749195232148
"hsa-miR-658"	6.27931919559899	77.6718108065816	6.27931919559895	0.0134946767174633	0.989926877798074	0.997749195232148
"hsa-miR-517-5p"	-0.0882959216740904	-1.06311371498308	-0.0882959216740904	-0.0117946226911116	0.991195805664521	0.997749195232148
"hsa-miR-19a-5p"	-0.065869711961108	-1.04671575007658	-0.065869711961108	-0.0104794784399093	0.992177457565054	0.997749195232148
"kshv-miR-K12-2"	-0.157968410001221	-1.11571489178563	-0.157968410001222	-0.00933992510137202	0.993028058603846	0.997749195232148
"hsa-miR-218-5p"	-0.842859413660605	-1.7936015296751	-0.84285941366058	-0.00914072591090415	0.993176748816412	0.997749195232148
"hsa-miR-583"	-2.03192884766293	-4.08951242663156	-2.03192884766294	-0.00865338335749296	0.993540522149399	0.997749195232148
"hsa-miR-486-3p"	0.0483853475279465	1.03410691195848	0.0483853475279465	0.00724728649899939	0.994590103533341	0.997749195232148
"hsa-miR-196b-5p"	-0.0423596073297459	-1.02979673941156	-0.0423596073297459	-0.00678475032316147	0.994935366884502	0.997749195232148
"hsa-miR-584-5p"	-1.38031486840299	-2.60325180897468	-1.380314868403	-0.00671612683897962	0.994986591481835	0.997749195232148
"hsa-miR-507"	0.0323023832803715	1.0226428501206	0.0323023832803715	0.00650056134508736	0.995147502415376	0.997749195232148
"hsa-miR-146a-3p"	0.0318876260928906	1.02234889505914	0.0318876260928906	0.0047166064104825	0.996479162814499	0.997780049450027
"hsa-miR-569"	0.00844903562558841	1.00587360760659	0.0084490356255893	0.00109685199974931	0.999181221801289	0.999181221801289
