""	"logFC"	"Fold Change"	"AveExpr"	"t"	"P.Value"	"adj.P.Val"
"hsa-miR-125b-5p"	-13146.2979864787	-Inf	-13146.2979864787	-4059.71495688664	7.65129445087903e-23	5.86854284382422e-20
"hsa-miR-23b-3p"	-1364.31123124871	-Inf	-1462.02066205724	-13.6411154055514	3.61706848938408e-06	0.0013871457656788
"hsa-miR-888-3p"	-943.036234136705	-7.62418583009023e+283	-843.954910111089	-9.57425172100814	3.56002259325918e-05	0.00910179109676596
"hsa-miR-551b-3p"	-1890.19257665998	-Inf	-1334.41062730293	-8.41513892663284	8.02067566552361e-05	0.015363105335076
"hsa-miR-29a-3p"	-5820.94472687292	-Inf	-5729.78982065263	-8.11997451788702	0.000100150621480287	0.015363105335076
"hsa-miR-125a-5p"	-1843.21120782381	-Inf	-2034.36090037181	-7.88237142294245	0.000120349462958929	0.0153846730149164
"hsa-miR-634"	-668.719883522808	-2.01717527973959e+201	-647.224579556659	-6.96989092071773	0.000254927688765932	0.0253587606276646
"ebv-miR-BHRF1-1"	-99.6469828127348	-9.92500659567931e+29	-111.734468387957	-6.92736730198596	0.000264498155177727	0.0253587606276646
"hsa-miR-138-1-3p"	-407.579534488553	-4.9393010799647e+122	-350.671441832494	-6.63156862650463	0.000343501630761983	0.0292739723104934
"hsa-miR-197-3p"	-186.158735421331	-1.09487191763821e+56	-175.591001588022	-6.46000541579498	0.000401381135692055	0.0307859331075806
"hsa-miR-520d-5p"	-1592.67000737036	-Inf	-1801.43973808564	-6.1853980758699	0.00051841306849518	0.0333339267667432
"hsa-miR-103a-3p"	-717.21926503229	-8.0262418658988e+215	-702.098740880919	-6.12826294391783	0.000547335784910454	0.0333339267667432
"hsa-miR-494-3p"	-820.533390419073	-1.01195909971167e+247	-931.303559964361	-6.02004696242789	0.000607233555985079	0.0333339267667432
"hsa-miR-30c-5p"	-1743.90193633341	-Inf	-1760.97632940264	-6.00229359174078	0.000617747702060991	0.0333339267667432
"hsa-miR-26a-5p"	-2627.58294258061	-Inf	-2739.19076554868	-5.90473563427087	0.00067930720770017	0.0333339267667432
"hsa-miR-885-5p"	-441.078716464154	-5.99686268662899e+132	-440.968470393587	-5.88092106040108	0.000695362227207159	0.0333339267667432
"hsa-miR-519d-3p"	-2267.55067405659	-Inf	-1849.42364630193	-5.74179296193491	0.000798123566558767	0.0360094573853279
"hsa-miR-30a-5p"	-1747.53370946715	-Inf	-1881.87036176586	-5.57763046387384	0.00094194160980755	0.0401371785956884
"hsa-miR-99b-5p"	-483.37289476996	-3.23400298694063e+145	-582.331893524655	-5.36673350024187	0.00117119362227171	0.0455100800325718
"hsa-miR-183-5p"	-51.1640836616031	-2523038530045768	-35.237693493745	-5.35417183652621	0.00118670352105793	0.0455100800325718
"hsa-miR-23a-3p"	-696.114377086912	-3.55883551661663e+209	-742.807179245605	-5.17109662972607	0.00144091110011156	0.0526275625612174
"hsa-let-7c"	-2621.87006990125	-Inf	-3153.75258650968	-5.0969406952419	0.00156075718249988	0.0544136708626094
"hsa-miR-24-3p"	-653.021323715436	-3.79320440776581e+196	-957.427376877891	-5.00056920870651	0.00173346162210856	0.0555473368154856
"hsa-miR-409-5p"	-68.5035228703472	-4.18422656706221e+20	-78.0043739897171	-4.99812143352058	0.00173811744924596	0.0555473368154856
"hsa-let-7i"	-464.374594872921	-6.1756444019456e+139	-576.651679197682	-4.93908140674551	0.00185474910168764	0.0568958617556651
"hsa-miR-30b-5p"	-1363.25611407966	-Inf	-1268.01221335964	-4.90376359000155	0.00192867327985305	0.0568958617556651
"hsa-miR-635"	-204.730123657963	-4.2648939547602e+61	-163.475727785317	-4.79433779496909	0.00217936802676011	0.061910195426852
"hsa-miR-500a-3p"	-22.5758559408766	-6251868.23187724	-24.5678243965321	-4.69446358323924	0.00244013489030296	0.0668422664593704
"hsa-miR-128-3p"	-1395.74606967489	-Inf	-1414.6945098992	-4.64157068880562	0.00259214769825096	0.0670442517822424
"hsa-miR-612"	94.8196110715257	3.49580427979343e+28	69.1131300388118	4.50389807091587	0.00303948812836727	0.0670442517822424
"hsa-miR-302c-3p"	44.7165094727224	28907507878743.7	36.4016714805287	4.49628048869844	0.0030666287131348	0.0670442517822424
"hsa-miR-600"	-57.2172109740664	-167531613583275328	-67.9100839934624	-4.46971410951154	0.00316340329151642	0.0670442517822424
"hsa-miR-7-5p"	-991.703376966798	-3.40771501832457e+298	-882.677233627559	-4.46716659667877	0.00317285950929288	0.0670442517822424
"hsa-let-7a-5p"	-2556.71996349387	-Inf	-2138.26192623312	-4.46033247255555	0.00319838234402897	0.0670442517822424
"hsa-miR-493-5p&hsa-miR-493-3p"	-28.385105072126	-350564598.26625	-20.9755611944279	-4.45670453248167	0.00321202361198588	0.0670442517822424
"hsa-miR-361-5p"	-220.96690818141	-3.29357389474001e+66	-227.03558205591	-4.44041816057107	0.00327406003483467	0.0670442517822424
"hsa-miR-16-5p"	-1200.53740995684	-Inf	-972.244186586796	-4.43129817761457	0.00330937741606992	0.0670442517822424
"hsa-miR-520a-3p"	26.2494330490394	79774982.3785098	20.4193537197686	4.3994397278498	0.003436098574746	0.0670442517822424
"hsa-miR-520e-3p"	39.7640286066917	933609708103.707	31.8156135847839	4.39690462454298	0.0034464105458379	0.0670442517822424
"hsa-miR-502-5p"	35.2003581293367	39478773791.4987	33.7067780843769	4.38472309322453	0.00349644077091225	0.0670442517822424
"hsa-miR-485-3p"	-239.765882757779	-1.50218232248456e+72	-164.648986971629	-4.2993995041362	0.00387022391383061	0.0705714682783066
"hsa-miR-588"	42.8077458243532	7698667087445.88	34.9988284511349	4.27298229900031	0.00399474128688786	0.0705714682783066
"hsa-miR-617"	-168.884259414696	-6.90602075657105e+50	-134.272764621347	-4.27107098902897	0.00400392033604358	0.0705714682783066
"hsa-miR-609"	32.7327847838341	7137564757.84304	27.6186423279491	4.26187135144788	0.00404842842796022	0.0705714682783066
"hsa-miR-887-3p"	-66.014768106317	-74546173678448295936	-41.7688935956166	-4.21466358797927	0.00428557961793928	0.0707093017958641
"hsa-miR-9-5p"	-2208.49831105325	-Inf	-1639.7139895124	-4.2071999417609	0.00432445757091335	0.0707093017958641
"hsa-miR-19b-1-5p"	31.3844984395843	2803337775.00176	26.31584600085	4.16174051462114	0.00456981563127808	0.0707093017958641
"hsa-miR-191-5p"	-593.554790582937	-4.76207285633385e+178	-666.907014443358	-4.15529853397143	0.00460580913905781	0.0707093017958641
"hsa-miR-424-5p"	-275.33204457058	-7.64194984851532e+82	-213.661191179127	-4.1540670278769	0.00461272547051627	0.0707093017958641
"ebv-miR-BART2-5p"	36.1499899463081	76248502168.8562	31.8651451113588	4.14499413940693	0.00466403423240032	0.0707093017958641
"hsa-miR-130a-5p"	31.0903169717048	2286219807.94257	25.0454324591615	4.13841012055383	0.00470166152749553	0.0707093017958641
"hsa-miR-938"	-54.6072541811936	-27442362028365524	-51.139888424774	-4.07679356354633	0.00507045334099344	0.0722040284970241
"hsa-miR-124-5p"	-77.1558525571265	-1.68354977373153e+23	-52.6139153339871	-4.07170998959654	0.0051022724542811	0.0722040284970241
"ebv-miR-BART11-5p"	68.7683063976085	5.02716311267669e+20	58.7657284858437	4.04175524258628	0.00529428189176186	0.0722040284970241
"hsa-miR-26b-5p"	-3441.72968410716	-Inf	-2608.31510571136	-4.00825275249705	0.00551849245888223	0.0722040284970241
"hsa-miR-135b-5p"	48.5311319974946	406748963365697	44.6013967546855	4.00127215862049	0.00556651035135549	0.0722040284970241
"hsa-miR-450a-5p"	107.746882152793	2.72297382891605e+32	88.5259729429165	3.9989357400484	0.00558268438096632	0.0722040284970241
"hsa-miR-519c-3p"	60.8421806676748	2066909124947795712	54.2883662848475	3.99559284766026	0.00560591561405581	0.0722040284970241
"hsa-miR-188-3p"	39.0791681132857	580766834882.818	34.5252280118899	3.99021721802043	0.00564349615321918	0.0722040284970241
"hsa-miR-760"	17.4753672587764	182225.743191602	15.8513986445605	3.97660491289144	0.00573990142540227	0.0722040284970241
"hsa-miR-933"	-2577.22366760444	-Inf	-2991.15916434973	-3.94770353683031	0.00595063603121843	0.0722040284970241
"hsa-miR-374a-5p"	-199.918803028242	-1.51899522531773e+60	-183.102444476776	-3.94599247881528	0.00596337572328456	0.0722040284970241
"hsa-miR-382-5p"	-89.8272334024253	-1.0982258999131e+27	-87.8182732242547	-3.94359514085845	0.00598127546915594	0.0722040284970241
"hsa-miR-519b-3p"	38.3235081603798	343973903847.337	31.8708547005545	3.89587356530423	0.00635013341511776	0.0722040284970241
"hsa-miR-381-3p"	-149.645419326764	-1.11624603968217e+45	-205.339262248313	-3.88359633802309	0.00644901260043501	0.0722040284970241
"hsa-miR-595"	28.8709175248869	490921641.079806	26.3426239446474	3.87798510391274	0.00649476533511384	0.0722040284970241
"sv40-miR-S1-3p"	34.2996852946012	21146286673.8139	31.0016401935499	3.87650580960242	0.00650688630686653	0.0722040284970241
"hsa-miR-302c-5p"	-54.6303515250793	-27885246165829692	-37.7069279578281	-3.87497241008635	0.00651947676134538	0.0722040284970241
"hsa-miR-20b-3p"	-22.5099278833861	-5972600.869178	-14.3897598749721	-3.85974895252532	0.00664593121424744	0.0722040284970241
"ebv-miR-BART3-5p"	176.143675749361	1.05810787602041e+53	145.956304698383	3.84886784618597	0.00673796091356771	0.0722040284970241
"hsa-miR-141-5p"	131.220944780291	3.17278349932492e+39	96.0535897500998	3.83972661494515	0.00681635388430474	0.0722040284970241
"hsa-miR-192-3p"	161.630863109562	4.52624461399804e+48	135.091306571373	3.82238400160886	0.00696783731652352	0.0722040284970241
"hsa-miR-550a-3p"	-27.8708960087055	-245457159.793861	-31.9273695842077	-3.81444826573137	0.00703837898787153	0.0722040284970241
"hsa-miR-223-5p"	26.6841503258328	107827529.980552	23.451217371118	3.80903514669511	0.00708694481940884	0.0722040284970241
"hsa-miR-891b"	39.5597451706709	810344926147.028	35.8613628612121	3.80588899182791	0.00711534005159941	0.0722040284970241
"hsa-miR-518c-3p"	38.787277598834	474388341572.442	35.9303985377126	3.80157190300653	0.00715450608314711	0.0722040284970241
"hsa-miR-22-3p"	-901.352249811211	-2.15806167605104e+271	-804.41424073163	-3.77461467648516	0.00740446569182106	0.0737561712419059
"hsa-miR-7-2-3p"	-50.6227045799338	-1733614537596173	-30.1191211305584	-3.75252453087651	0.00761641509088469	0.0740022638497743
"hsa-miR-222-3p"	-859.646183864843	-6.01571151517565e+258	-781.838682352528	-3.75193754734682	0.0076221366937838	0.0740022638497743
"hsa-miR-556-3p"	33.4799862118026	11980642364.0129	32.6877391713697	3.72497093710412	0.00789012182039826	0.0741701294479747
"hsa-miR-212-3p"	-124.06808985923	-2.22954659150303e+37	-98.5949584340776	-3.72297030740348	0.00791040936817233	0.0741701294479747
"hsa-miR-532-5p"	24.7147780811303	27535282.632296	27.7086893096461	3.72108972932342	0.00792953144033107	0.0741701294479747
"hsa-miR-452-3p"	53.6494014517286	14127947955680584	53.0977739629497	3.70335505998408	0.00811236214901058	0.0749660454010978
"hsa-miR-301b-3p"	49.3803799203148	732783283158942	36.3380421104186	3.68212704774042	0.00833727609801596	0.0761272710378362
"hsa-miR-218-2-3p"	-77.2730160861829	-1.82597865868607e+23	-73.1556577459383	-3.66450170262618	0.00852918845266654	0.0766151393431801
"ebv-miR-BART17-3p"	32.952956417245	8314350475.33806	30.6055104216811	3.65896312260435	0.0085904849850241	0.0766151393431801
"hsa-miR-558"	24.8296036801354	29816419.3699234	16.9666719909767	3.59536293590499	0.00932980836102801	0.0802356699124122
"hsa-miR-769-5p"	-170.14362042327	-1.65323015513749e+51	-154.089744587433	-3.59428400074006	0.00934293316637514	0.0802356699124122
"hsa-miR-34b-5p&hsa-miR-34b-3p"	-453.089130591754	-2.47411007286176e+136	-485.110604259882	-3.59151904786294	0.00937665945551439	0.0802356699124122
"hsa-miR-25-5p"	-83.1882871018898	-1.10196983283704e+25	-78.5683080125893	-3.5661240803511	0.00969268781901543	0.0802356699124122
"hsa-miR-100-3p"	34.7535327731332	28963818677.875	28.4695852434329	3.54869585242768	0.00991626513425295	0.0802356699124122
"ebv-miR-BART8-5p"	164.005048319382	2.3465995575761e+49	126.403217262971	3.54754440385302	0.00993123251999283	0.0802356699124122
"hsa-miR-29b-3p"	-1960.88550530206	-Inf	-2008.37640388156	-3.54373593125602	0.0099809129639759	0.0802356699124122
"hsa-miR-613"	22.6545561864691	6602386.59864256	21.4860832347178	3.53172921579195	0.0101393122643541	0.0802356699124122
"hsa-miR-618"	31.5076750224257	3053200152.36934	30.3861736401038	3.53067410131589	0.0101533618549683	0.0802356699124122
"hsa-miR-548d-3p"	37.1111529732243	148446587554.215	29.3681592942954	3.52515305086082	0.0102272240297102	0.0802356699124122
"hsa-miR-202-3p"	-24.9193172470894	-31729407.5347039	-25.3183630623881	-3.52348503667752	0.0102496537830029	0.0802356699124122
"hsa-miR-125a-3p"	14.523924404634	23557.9177172111	17.4177764973853	3.5196720444539	0.0103011278278812	0.0802356699124122
"kshv-miR-K12-10a-3p"	178.031855976463	3.91677688060505e+53	157.047392436045	3.51560329200802	0.0103563641738316	0.0802356699124122
"kshv-miR-K12-6-5p"	-34.2216933082661	-20033470377.6747	-16.600929614837	-3.50303490774487	0.0105290291715831	0.0804346662976456
"hsa-miR-517c-3p"	123.810337021834	1.86476975569078e+37	108.458509209651	3.49852198990578	0.010591787869703	0.0804346662976456
"hsa-miR-205-5p"	21.6592688851105	3311994.58891453	20.7969224516642	3.4691052417648	0.0110109452259635	0.0825541521572826
"hsa-miR-934"	-185.436245643922	-6.63547813034533e+55	-166.192961407008	-3.45956516615019	0.0111507156831876	0.0825541521572826
"hsa-miR-378a-5p&hsa-miR-378a-3p"	-63.5534678001739	-13536305155519627264	-62.8188560864894	-3.45665166510946	0.0111937833433604	0.0825541521572826
"hsa-miR-15a-3p"	111.001041270893	2.59802288610623e+33	93.8364202389417	3.44653176542799	0.0113447824215073	0.0828709344504389
"hsa-miR-337-3p"	-44.3103207500921	-21814017804551.5	-28.3872913530608	-3.43879436240892	0.0114617203557937	0.0829352784235262
"hsa-miR-519e-3p"	-64.0730641753836	-19405026085963464704	-68.7427037026582	-3.42520392537001	0.0116702888991277	0.0836552484638403
"hsa-miR-647"	-42.023806945013	-4471223945259.63	-21.0232262562791	-3.41310617749763	0.0118594081373007	0.084223759641756
"hsa-miR-15a-5p"	-236.099756288855	-1.18333745739149e+71	-335.945029550636	-3.40304100702562	0.0120192807514648	0.0845205798579904
"hsa-miR-129-5p"	-218.450186664704	-5.75517778992503e+65	-259.026422943243	-3.39667523402712	0.0121215955467783	0.0845205798579904
"hsa-miR-651-5p"	17.3187205132911	163476.134890536	14.6487746116474	3.3771791682556	0.0124408517928708	0.084814595805734
"hsa-miR-429"	31.0232700909227	2182402552.66597	29.8999438189118	3.37000106178117	0.0125606757127954	0.084814595805734
"hsa-miR-517a-3p"	21.6672450612928	3330356.20510702	21.1341782878264	3.36912323243545	0.0125754146594056	0.084814595805734
"hsa-miR-629-3p&hsa-miR-629-5p"	15.3147953018957	40757.9904602795	15.0512176991843	3.3673003647618	0.0126060807325341	0.084814595805734
"hsa-miR-26b-3p"	19.6302960108848	811536.248538697	18.5168130675461	3.34915785405576	0.012915733129428	0.0857904496136278
"hsa-let-7d"	-135.395557952739	-5.72959894150169e+40	-160.319383531239	-3.34574896538482	0.0129748267994535	0.0857904496136278
"hsa-miR-519e-5p"	-162.67299749697	-9.32076870660521e+48	-213.281019603559	-3.3317307381236	0.0132209212810501	0.0864877134049709
"hsa-miR-27a-3p"	-257.515127771097	-3.30961743952997e+77	-358.327023720297	-3.32319853900072	0.01337316955215	0.0864877134049709
"ebv-miR-BART13-5p"	40.453590399629	1505719734969.3	34.6646668666484	3.32067489313271	0.0134185630967295	0.0864877134049709
"hsa-miR-100-5p"	-894.684920395209	-2.12323325263911e+269	-1117.88639057412	-3.30295718747304	0.0137419740499041	0.0870300228299106
"hsa-miR-302d-3p"	36.8041035106935	119988360773.916	39.966240882021	3.2992029520249	0.0138115755092214	0.0870300228299106
"hsa-let-7b"	-1023.83400334759	-1.60230647745212e+308	-1332.28881953052	-3.29750890087797	0.013843106630051	0.0870300228299106
"hsa-miR-548d-5p"	-41.050275656039	-2277006669756.86	-34.9491655610109	-3.29087854521564	0.0139672646069129	0.0870966825487984
"hsa-miR-517b-3p"	18.8414565074778	469724.887143568	16.2634404942181	3.26791826824675	0.0144065688286458	0.0891115991255753
"hsa-miR-487b-3p"	-389.98702942445	-2.49915836252383e+117	-279.186226984231	-3.25697940239769	0.0146210779664709	0.0897149344022655
"hsa-miR-324-3p"	36.0662330175375	71947874574.0261	25.224496014202	3.24446514462272	0.0148707047794403	0.0905224648081799
"hsa-miR-507"	17.7354052849412	218217.198539272	16.3785924819308	3.22992513826004	0.0151665123863987	0.0914321450855831
"hsa-miR-497-3p"	17.3612145120664	168362.873466852	14.3595752368676	3.20274048297812	0.0157366780864814	0.0914321450855831
"hsa-let-7e"	-1618.01995589605	-Inf	-1161.21444307437	-3.20177370111736	0.0157573747245336	0.0914321450855831
"hsa-miR-425-3p&hsa-miR-425-5p"	-86.9575255981426	-1.50253138988082e+26	-96.2702710165614	-3.19853539488246	0.0158269128986812	0.0914321450855831
"hiv1-miR-N367"	19.5406874547971	762663.671438036	20.7524550775365	3.19258696775194	0.015955507510774	0.0914321450855831
"hsa-miR-29c-3p"	-1587.83113216095	-Inf	-1614.98424079456	-3.19232783173753	0.0159611350256447	0.0914321450855831
"hsa-miR-603"	32.2885546063551	5245941619.47827	32.7778480821432	3.18325094413404	0.0161596038169485	0.0914321450855831
"hsa-miR-20a-5p"	-244.553966872264	-4.15030092513586e+73	-224.189842509968	-3.18198694553263	0.016187451022053	0.0914321450855831
"hsa-miR-423-5p"	-207.156771316324	-2.29298899891174e+62	-273.952784025132	-3.1816301872742	0.0161953200964	0.0914321450855831
"hsa-miR-99a-5p"	-305.679306766327	-1.04385551589468e+92	-296.286152437816	-3.17351429304279	0.0163754473646767	0.0914321450855831
"hsa-miR-22-5p"	-80.6394206496422	-1.88314797902462e+24	-55.6343065052505	-3.16772788199117	0.0165051855470097	0.0914321450855831
"hsa-miR-410-3p"	-173.782044695485	-2.05877156432096e+52	-174.65730837245	-3.1675279806813	0.016509687233518	0.0914321450855831
"hsa-miR-616-5p"	32.2765713636167	5202548501.05647	29.1821177268546	3.16486239103767	0.0165698411563182	0.0914321450855831
"hsa-miR-483-3p"	97.4488531294192	2.16285714215601e+29	78.4115030514638	3.12806498915301	0.0174246978686831	0.0954624518948565
"hsa-miR-376c-3p"	-225.369893054555	-6.96783614041688e+67	-223.318709724338	-3.10854791661347	0.0178971824928976	0.0973555955464715
"hsa-miR-511-5p"	54.4420181801126	24472621689177728	47.0606795349622	3.1029955976568	0.0180340900027165	0.0974094861414333
"hsa-miR-941"	24.4742924966954	23307525.2917019	23.3065542720561	3.07328470392355	0.0187859853076888	0.100761193923058
"hsa-miR-221-3p"	-279.160967270559	-1.0859873513924e+84	-270.922490982335	-3.00399552269587	0.0206727596123205	0.110111157101735
"hsa-miR-563"	21.1093441904085	2262277.05178017	17.7944031084175	2.99680675470041	0.0208797847617525	0.110446861463891
"hsa-miR-342-3p"	-488.608390685876	-1.21837710541174e+147	-478.927419921674	-2.98614264523373	0.0211909730453622	0.11132518031365
"ebv-miR-BART5-5p"	-34.565182701944	-25418902710.515	-35.3897806219032	-2.97423793471995	0.0215442070047178	0.111729142472202
"hsa-miR-632"	19.0342139632736	536870.26000374	17.283421385574	2.96807466776806	0.0217295397902053	0.111729142472202
"kshv-miR-K12-10b"	207.540233816594	2.99113273588477e+62	191.712585646044	2.96141587647104	0.0219316813958694	0.111729142472202
"hsa-miR-376a-3p"	-93.8214004302327	-1.75007138856337e+28	-95.4221973145404	-2.9590380556674	0.0220043490840042	0.111729142472202
"hsa-miR-873-5p"	-65.3677763911625	-47605972740840325120	-68.5066516404645	-2.9529892081759	0.0221903624485629	0.111729142472202
"hsa-miR-331-3p"	-334.070671877413	-3.67530094898102e+100	-296.908316705581	-2.95239472794595	0.022208733868611	0.111729142472202
"hsa-miR-185-5p"	-643.527246468908	-5.26022370639374e+193	-644.500506188645	-2.94984990529868	0.022287560362773	0.111729142472202
"hsa-miR-877-3p"	22.9316905764825	8000676.5799509	18.945138637392	2.94391603524674	0.0224725211691861	0.111924829459518
"hsa-miR-15b-3p"	18.9814594503804	517593.312017298	17.8449798717115	2.90308083105511	0.0237904364232524	0.117724288623449
"hsa-miR-202-5p"	40.4948612010156	1549415484015.69	41.3480079293347	2.88924140900594	0.0242555036008915	0.119256226037717
"hsa-miR-96-5p"	12.3159175918897	5098.71361644497	14.3285873592812	2.87223959038127	0.0248400728217489	0.120094261932317
"hsa-miR-508-3p"	26.3831332445418	87521446.3809094	26.2361198586434	2.86508594140472	0.0250904798942617	0.120094261932317
"hsa-miR-20b-5p"	-62.6724140176917	-7349816900043716608	-45.9154792806455	-2.86333300641524	0.0251522467160005	0.120094261932317
"hsa-miR-10a-5p"	12.7133939279797	6716.03450911043	15.0657324507302	2.86321337469186	0.0251564679521822	0.120094261932317
"ebv-miR-BART14-5p"	15.1976400358088	37579.0255263442	12.9825404250701	2.86173104420729	0.0252088346428983	0.120094261932317
"hsa-miR-105-5p"	-74.0516190535343	-1.95775599530235e+22	-76.6497890023477	-2.85244236763744	0.0255396166475652	0.120899069786934
"hsa-miR-377-5p"	-16.2255402975261	-76625.6771422148	-8.37975516419722	-2.84132376027418	0.0259416153150333	0.120899069786934
"hsa-miR-489-3p"	30.8313020606725	1910498608.19352	36.9248672852382	2.83580863139988	0.0261434959876328	0.120899069786934
"hsa-miR-515-3p"	14.964592894264	31973.585023711	14.1028057330864	2.8357333802655	0.0261462620090348	0.120899069786934
"hsa-miR-130a-3p"	-437.411933652953	-4.72185330831779e+131	-337.148230474663	-2.83519934975175	0.0261659003710966	0.120899069786934
"hsa-miR-196b-5p"	17.4000772554911	172959.802530958	15.690671860791	2.82212771723367	0.0266514892709587	0.12146450861241
"hsa-miR-522-3p"	31.9246793572806	4076487251.63075	33.8078866067492	2.82018148603113	0.026724599186154	0.12146450861241
"hsa-miR-154-5p"	-194.469149011767	-3.4757384142194e+58	-196.806794320619	-2.81915176252961	0.0267633663044292	0.12146450861241
"hsa-miR-146a-3p"	16.5124871784455	93487.5855665111	14.8837286927962	2.79590028872936	0.0276547385453234	0.123656678433391
"hsa-miR-593-5p&hsa-miR-593-3p"	12.435325010451	5538.67438454297	10.8277601961685	2.79479907370391	0.0276977246568858	0.123656678433391
"hsa-miR-384"	13.293810399042	10042.3577064252	7.6427760201605	2.79397214147124	0.0277300504439939	0.123656678433391
"hsa-miR-192-5p"	-29.1789986045143	-607790382.148409	-29.6643366289368	-2.78355092319138	0.0281408573970414	0.124283386320435
"ebv-miR-BART12"	38.9346511866634	525409447787.186	30.6605058255958	2.78219780842876	0.0281946665185862	0.124283386320435
"hsa-miR-328-3p"	17.8062325415359	229197.620627024	16.3153791929058	2.75052805391183	0.0294855440600835	0.128245834233133
"hsa-miR-875-5p"	26.7623864210014	113836377.785741	28.4713162105099	2.74841847685293	0.0295737143029377	0.128245834233133
"hsa-miR-17-5p"	-119.287371956924	-8.11104970815184e+35	-127.5754459599	-2.74790558809478	0.0295951925153385	0.128245834233133
"hsa-miR-891a-5p"	-88.0926657518176	-3.30015842876537e+26	-63.2626541085884	-2.74010701502122	0.0299238033103288	0.128941332241698
"hcmv-miR-US5-1"	11.9519406644057	3961.80090061226	8.06888146253613	2.73357977224395	0.0302017947911171	0.129412159803278
"hsa-miR-187-5p"	-183.2385910277	-1.44647943166915e+55	-251.199297810396	-2.71889732548557	0.0308370843278686	0.130593405193122
"hsa-miR-181a-2-3p"	-30.3721414741558	-1389714587.64914	-40.3553113964281	-2.71145322973188	0.0311645315437805	0.130593405193122
"hsa-miR-28-5p"	-169.181809579509	-8.4878833846104e+50	-261.933398375302	-2.7096539039905	0.0312442262729748	0.130593405193122
"hsa-miR-497-5p"	-83.4672043677061	-1.33700234473275e+25	-80.5520907877985	-2.70906065818055	0.0312705488862377	0.130593405193122
"hsa-miR-188-5p"	12.6582697474815	6464.26106058986	10.667267778058	2.70774977570772	0.0313287960306838	0.130593405193122
"hsa-miR-195-5p"	-718.438752255477	-1.8690222705796e+216	-746.139479024419	-2.70072276207545	0.0316429794732967	0.131190082464965
"hsa-miR-550a-3p&hsa-miR-550a-5p"	-289.307205621444	-1.23068484833299e+87	-263.138558961762	-2.6870417532215	0.0322641943413908	0.133046435805628
"hsa-miR-106a-5p"	-113.145817212743	-1.14890697210785e+34	-140.34048435063	-2.66100306743845	0.0334821377020452	0.136587658996209
"hsa-miR-150-5p"	-43.1294099558827	-9621573282694.47	-35.0222268543137	-2.658760889562	0.0335892432807579	0.136587658996209
"hsa-miR-888-5p"	-54.8058575598339	-31492494602620352	-57.5949458157621	-2.65312368267719	0.0338601125509754	0.136587658996209
"hsa-miR-432-5p"	-86.7759881613875	-1.32487632641049e+26	-86.3459260349703	-2.65248826962102	0.0338907874258891	0.136587658996209
"hsa-miR-132-3p"	-234.497208727705	-3.89667088436822e+70	-213.77403986569	-2.64466123109388	0.034271036618493	0.136587658996209
"hsa-miR-570-3p"	18.0136657411814	264638.922714067	18.3062640790534	2.64141102597405	0.0344302459502233	0.136587658996209
"hsa-miR-549a-3p"	-246.620798501713	-1.73883311960907e+74	-201.262806416284	-2.63877910005429	0.0345597362081777	0.136587658996209
"hsa-miR-587"	13.5247212774855	11785.4667656938	15.5874720050101	2.63561954057966	0.0347158591004323	0.136587658996209
"hsa-miR-516a-5p"	-108.905538035716	-6.07902098623141e+32	-103.93679294427	-2.63542136622469	0.0347256760159853	0.136587658996209
"hsa-let-7g"	-63.5853572545893	-13838844156837591040	-61.3050313159258	-2.62866663395023	0.0350620252542458	0.13664213028667
"hsa-miR-193b-3p"	-88.1337174152333	-3.39541272053797e+26	-110.105359381063	-2.6215083703161	0.0354221876641651	0.13664213028667
"hsa-miR-147a"	-34.2458956297618	-20372382091.6631	-41.6444086625326	-2.62105341273069	0.0354452087852611	0.13664213028667
"hsa-miR-320a-3p"	-225.101116609634	-5.78346560278709e+67	-313.283041354323	-2.61826265370354	0.0355867653217094	0.13664213028667
"hsa-miR-363-5p"	94.955626153484	3.8414194347279e+28	92.5655803309484	2.61458646173456	0.0357741359586839	0.13664213028667
"hsa-miR-137-3p"	-258.513479386514	-6.61167623814634e+77	-213.765877400784	-2.6139157335967	0.0358084330998966	0.13664213028667
"hsa-miR-224-5p"	14.3311735351722	20611.6665123242	11.3170483696879	2.6064053880146	0.0361948219429262	0.137091875157709
"hsa-miR-101-3p"	-695.027835933407	-1.67581640443459e+209	-927.279063351558	-2.60230816590944	0.0364074467439192	0.137091875157709
"ebv-miR-BART7-5p"	-22.2403230171821	-4954551.43600893	-11.7176249664999	-2.59738343982067	0.0366647411278102	0.137091875157709
"hsa-miR-892a"	14.3267896944545	20549.129998451	12.9424769089905	2.5971882305735	0.0366749789297823	0.137091875157709
"hsa-miR-367-3p"	15.8689665593323	59845.9733086685	15.4205222492742	2.59442947207896	0.036819982115369	0.137091875157709
"hsa-miR-937-3p"	-82.3664177605294	-6.23393660260798e+24	-115.149256974701	-2.58735826609037	0.0371943894881182	0.137816892451143
"hsa-miR-591"	59.1611319569923	644577729733240960	44.4531136716597	2.57844599342154	0.037671940582247	0.138915280897036
"hsa-miR-374b-5p"	-114.549826665505	-3.04042170645974e+34	-151.195043796741	-2.57059544183247	0.0380978944362632	0.139409931100509
"hsa-miR-214-3p"	-84.371643337862	-2.50262298035108e+25	-71.844170939854	-2.56928281227312	0.0381696030392528	0.139409931100509
"hsa-miR-577"	268.680336191895	7.60046981987543e+80	248.521454953511	2.56191229558346	0.0385748713410652	0.140222399614204
"hsa-miR-124-3p"	-1730.9730855369	-Inf	-1345.8756858591	-2.55753582448961	0.0388176293157493	0.140393973741048
"hsa-miR-148a-5p"	12.7466656399224	6872.72081568813	13.5495196068962	2.55447853013012	0.0389881569841502	0.140393973741048
"hsa-miR-342-5p"	-41.0141226790327	-2220655410312.02	-41.2866579323733	-2.5439599495531	0.0395808328496646	0.141862143905106
"hsa-miR-218-5p"	-152.282003237649	-6.9414591839085e+45	-136.164048165634	-2.53108600124408	0.0403189961476962	0.143835674629223
"ebv-miR-BART8-3p"	-119.092725367307	-7.0873291203327e+35	-92.3699771991782	-2.51147824359103	0.0414708539348795	0.147259930407651
"hsa-miR-421"	-23.4081726082451	-11131715.5124365	-11.8394237990039	-2.50161095955193	0.0420633737831088	0.148675611482232
"hsa-miR-302d-5p"	-603.20208836289	-3.81875718211285e+181	-555.343653615952	-2.49338515777272	0.0425640315678822	0.149025507085731
"hsa-let-7f-5p"	-164.450868962728	-3.19627671378199e+49	-100.757811038957	-2.49033054960702	0.0427515172713797	0.149025507085731
"hsa-miR-127-5p"	-72.7428284187086	-7.90266047296435e+21	-78.8468688980761	-2.49008360875297	0.0427667113404468	0.149025507085731
"ebv-miR-BART9-3p"	12.6926747183319	6620.27172907177	11.6501156379602	2.48619878466388	0.0430064790609277	0.149025507085731
"ebv-miR-BART13-3p"	-30.160502680809	-1200096008.32011	-44.0653559774639	-2.48414418590867	0.0431338495085166	0.149025507085731
"hsa-miR-431-3p"	16.1894077295698	74730.4054683211	18.0682987835126	2.48085007170974	0.0433388769458226	0.14906241532487
"hsa-miR-217-5p"	-24.9235146576213	-31821856.2324973	-22.4304226311168	-2.4715220079231	0.0439249522211249	0.150403742650013
"hsa-miR-107"	-461.130961474414	-6.52005610986359e+138	-452.270359319961	-2.46774753605254	0.0441644247406286	0.150551616782499
"hsa-miR-598-3p"	-97.7889380134199	-2.73781176968138e+29	-83.432766901006	-2.45745748182561	0.0448241634376657	0.152124483879157
"hsa-miR-510-5p"	-108.744787421975	-5.43804611504919e+32	-105.821279018866	-2.44391762176189	0.0457078150601949	0.154323754571716
"hsa-miR-208a-3p"	-51.7104821730296	-3684734700895775	-62.8536964875529	-2.4366725396727	0.0461880211633136	0.154323754571716
"hsa-miR-582-3p"	-30.8194032453672	-1894806323.05754	-21.6490884510621	-2.43121021980006	0.0465535063401125	0.154323754571716
"hsa-miR-149-5p"	-216.293211321197	-1.29045975864891e+65	-218.576184955105	-2.43001884961718	0.0466336168613267	0.154323754571716
"hsa-miR-615-3p"	-38.2018409599751	-316154973759.971	-32.5701301643237	-2.42609656107918	0.0468983669802564	0.154323754571716
"hsa-miR-363-3p"	-88.8681374786746	-5.64904507224358e+26	-57.7274113518242	-2.42486498688203	0.0469818162966041	0.154323754571716
"hsa-miR-200c-3p"	-31.5724557812322	-3193421367.8925	-35.707496785974	-2.4241498070762	0.0470303458967569	0.154323754571716
"ebv-miR-BART2-3p"	-633.170366289177	-4.01118431688191e+190	-465.674960191151	-2.41889429032679	0.0473885560880618	0.154323754571716
"hsa-miR-9-3p"	-2251.7586046954	-Inf	-1790.55356573946	-2.41717618548576	0.0475062692852373	0.154323754571716
"hsa-miR-149-3p"	-222.589702060849	-1.01432480516679e+67	-196.4381123031	-2.4157081345039	0.0476070891993055	0.154323754571716
"kshv-miR-K12-5-3p"	-30.1100952435686	-1158888999.96624	-30.8354517112842	-2.41456951987472	0.0476854365495395	0.154323754571716
"hsa-miR-495-3p"	-141.294854239294	-3.41971063499798e+42	-90.4087285826611	-2.40462817677451	0.0483751628708336	0.155132946061261
"hsa-miR-493-5p"	13.8690466183205	14962.3236032953	11.7505169259085	2.40275932578011	0.0485059660537605	0.155132946061261
"hsa-miR-151a-5p"	-175.659593609726	-7.56496116106407e+52	-288.337836751232	-2.40224181372963	0.0485422517010465	0.155132946061261
"hsa-miR-576-3p"	-396.378631612158	-2.0982525302899e+119	-242.503519403501	-2.39667242823803	0.0489345253027883	0.155529270854607
"hsa-miR-574-3p"	-102.823182081018	-8.97143791445282e+30	-86.4836363266669	-2.3938688711074	0.0491332238138755	0.155529270854607
"hsa-miR-423-3p"	-73.8077511276876	-1.6532822456085e+22	-121.277382434484	-2.39112974403911	0.0493281576995438	0.155529270854607
"hsa-miR-502-3p"	-17.4296792786543	-176545.347740482	-17.8315948773278	-2.38904060275865	0.0494773690854291	0.155529270854607
"ebv-miR-BART10-5p"	13.6312741131853	12688.85361543	13.2205881673348	2.38036963779332	0.0501016477045098	0.156496722341301
"hsa-miR-106b-5p"	-304.455958058477	-4.47070212150159e+91	-484.849327986897	-2.37423494730776	0.0505482093377388	0.156496722341301
"hsa-miR-377-3p"	-315.475150078128	-9.27861297698252e+94	-293.181042340402	-2.37279270992753	0.0506537863569021	0.156496722341301
"hsa-miR-371a-3p"	13.9131944645412	15427.2625029286	12.7851760263078	2.3660483929243	0.0511505089789138	0.156496722341301
"hsa-miR-142-3p"	-64.8373351303794	-32959659251679559680	-67.7202945787535	-2.36560210575748	0.0511835541882917	0.156496722341301
"hsa-miR-27a-5p"	9.6393932300188	797.52903354561	8.4163411632757	2.36521848858006	0.0512119765317931	0.156496722341301
"hsa-miR-373-3p"	16.4495773806635	89498.5929409819	18.9543625753288	2.36519929039796	0.0512133993581052	0.156496722341301
"hsa-miR-329-3p"	-196.763423650266	-1.70487510159452e+59	-161.51405350622	-2.35705403906364	0.0518207401876926	0.157024757360251
"hsa-miR-15b-5p"	-89.7458059331326	-1.03795749897189e+27	-102.657935335895	-2.35556453557967	0.0519326000732477	0.157024757360251
"hsa-miR-122-5p"	13.1246242061636	8931.11266283927	18.336892776898	2.35466364583454	0.0520003759706697	0.157024757360251
"hsa-miR-139-5p"	-86.1035741958513	-8.31301505143393e+25	-48.0435234680916	-2.35119655188612	0.0522620605561331	0.157196080182565
"hsa-miR-30e-3p"	-116.413692943564	-1.10665813800742e+35	-69.9060000695966	-2.34231560077982	0.0529385414521703	0.158521454580145
"hsa-miR-675-5p"	-74.4294585402309	-2.54389734255753e+22	-93.5597656101232	-2.33766944300724	0.053296018058563	0.158521454580145
"hsa-miR-129-2-3p"	-1193.96883112392	-Inf	-961.096428105588	-2.33732352509259	0.0533227317883668	0.158521454580145
"hcmv-miR-US25-1-5p"	14.6481166327728	25675.7114569938	14.9857759364992	2.32512914823244	0.0542732642593655	0.16072429994955
"hsa-miR-592"	40.3101127284659	1363179542295.14	38.747938481305	2.31436335580629	0.0551268479805115	0.16164697154056
"hsa-miR-573"	10.943424451535	1969.24166156091	10.7977539286766	2.31305548004501	0.055231476179756	0.16164697154056
"ebv-miR-BART17-5p"	-851.731158477277	-2.4924528030919e+256	-726.759817739033	-2.31091578901522	0.0554030863401676	0.16164697154056
"hsa-miR-132-5p"	-123.507657210881	-1.51185282114446e+37	-78.2893905518368	-2.31060770773622	0.0554278403066065	0.16164697154056
"hsa-miR-590-3p"	31.5799923039438	3210147193.0939	35.7864337013732	2.30550421693307	0.0558395481799572	0.161699022633591
"hsa-miR-525-5p"	-68.2086977838152	-3.41086081766504e+20	-95.3349870746472	-2.30477882348221	0.0558983200963297	0.161699022633591
"hsa-miR-524-3p"	13.9057955003563	15348.3452287228	11.986355729289	2.30006525430384	0.0562817593709096	0.161699022633591
"hsa-miR-744-5p"	-529.72797786206	-2.91079003129588e+159	-435.461030980235	-2.29997694459874	0.0562889687655393	0.161699022633591
"hsa-miR-580-3p"	34.5390025804208	24961794127.4695	20.8093522874211	2.29380844921537	0.0567948903928679	0.162160853761826
"hsa-miR-196a-5p"	13.1696723471277	9214.38617433261	12.167343691021	2.29286616962867	0.0568725810455427	0.162160853761826
"hsa-miR-608"	-32.9812489740063	-8479011721.46057	-23.4037565242491	-2.27421261397112	0.0584330761237914	0.16525903832408
"hsa-miR-708-5p"	-292.970221770495	-1.55892272959505e+88	-185.263459160925	-2.27384528954409	0.0584642397332644	0.16525903832408
"hsa-miR-516b-5p"	-56.1933810139404	-82393555263322752	-44.8296741456695	-2.27098373621303	0.0587075929159874	0.16525903832408
"hsa-miR-376a-5p"	-132.084695231233	-5.77371353956905e+39	-76.3629711733831	-2.26965416480896	0.0588210136407744	0.16525903832408
"hsa-miR-625-5p"	-129.141589940772	-7.50744674067348e+38	-132.895761267502	-2.25977093201539	0.0596711393024941	0.16703563447085
"hsa-miR-92b-3p"	-46.9335173814872	-134399153648430	-49.7339858493907	-2.25090599731345	0.0604443093145444	0.167713380425302
"hsa-miR-451a"	-2582.22888615465	-Inf	-2132.84656822942	-2.25015794288421	0.060510016528605	0.167713380425302
"hsa-miR-509-5p"	-161.34205825721	-3.70509286425106e+48	-115.286236940738	-2.24948442147104	0.0605692390844964	0.167713380425302
"hsa-miR-518c-5p"	-909.883655842083	-7.98496419114164e+273	-834.829238959948	-2.23295246979396	0.0620415046058303	0.171172064865726
"hsa-miR-491-3p"	-370.201144909879	-2.76470658556602e+111	-842.956174390206	-2.22899190096976	0.062399580930625	0.171542933956234
"hsa-miR-150-3p"	16.4723858665024	90924.777289162	20.7753910674112	2.21988864297875	0.0632305801887479	0.172477124234684
"ebv-miR-BART1-3p"	12.2444196229626	4852.18762651556	7.84066111904965	2.21928225818049	0.0632863317375902	0.172477124234684
"hsa-miR-589-3p&hsa-miR-589-5p"	-61.4843402001923	-3225749687454388224	-74.0834632419277	-2.21789554910137	0.0634140143861551	0.172477124234684
"hsa-miR-324-5p"	-53.0545079843604	-9354020308866708	-48.1713752714716	-2.21181057258327	0.0639773892202568	0.172612702373155
"hsa-miR-34a-5p"	-410.455404384875	-3.62567274784694e+123	-371.364795617133	-2.21045007392101	0.0641040426685131	0.172612702373155
"hsa-miR-579-3p"	-43.7428049320464	-14719612562957.4	-45.5428793529355	-2.21007494499228	0.0641390093563874	0.172612702373155
"hsa-miR-18a-3p"	-16.8194860598876	-115656.438786988	-17.6566367490082	-2.20745929042257	0.064383358621524	0.172664461757723
"hsa-miR-640"	-28.6959205824766	-434843365.68145	-27.5059854881094	-2.19505438116362	0.0655550998752967	0.174713235030085
"hsa-miR-200b-3p"	15.9601992317327	63752.7180793482	18.123065834437	2.19455328236618	0.0656028835575807	0.174713235030085
"hsa-miR-183-3p"	-26.6963516334378	-108743327.089546	-39.7563652155853	-2.17543168615933	0.0674528336964163	0.178286989540412
"hsa-miR-620"	-1463.83711742272	-Inf	-1252.06975308774	-2.17372729434749	0.0676202651115633	0.178286989540412
"hsa-miR-658"	-1296.9162428141	-Inf	-1069.46045712382	-2.16948673467053	0.0680386607078561	0.178286989540412
"hsa-miR-140-3p"	-219.619546332236	-1.29440767725703e+66	-345.841083338716	-2.16870754378389	0.0681158234410185	0.178286989540412
"ebv-miR-BART20-5p"	-11.9678656065002	-4005.7748140075	-8.58385987730438	-2.16423458325664	0.0685604892229204	0.178286989540412
"hsa-miR-24-1-5p"	-62.9216803464006	-8736010791642907648	-47.4782992038346	-2.16324130578956	0.0686596296024248	0.178286989540412
"hsa-miR-215-5p"	-16.1872029796985	-74616.2884751824	-15.6462884274614	-2.16243945765072	0.068739768638099	0.178286989540412
"hsa-miR-340-3p"	-35.1879945167947	-39141894028.8869	-14.7448344056122	-2.16158463641734	0.0688253058598722	0.178286989540412
"hsa-miR-654-5p"	-18.3588049217845	-336163.816750768	-19.1115733248321	-2.15947551472034	0.0690368134204724	0.178286989540412
"hsa-miR-23a-5p"	9.90299932508679	957.41415460546	10.2082392082573	2.14844787306518	0.0701534066597011	0.180562627208023
"hsa-miR-98-5p"	-242.682445604135	-1.13421542152185e+73	-194.813887400879	-2.13986911258608	0.0710346076050299	0.182219210812903
"hsa-miR-920"	-75.4886770955478	-5.30097967125758e+22	-60.349283227552	-2.13278110043812	0.0717710794306913	0.183494726411134
"hsa-miR-374b-3p"	-100.601781211238	-1.92377271940132e+30	-69.8667392193275	-2.12983771641912	0.0720791606956762	0.183670153666391
"hsa-miR-371a-5p"	-2973.79499639021	-Inf	-3227.11831305007	-2.12379952030327	0.0727153404898014	0.184677702502244
"hsa-miR-490-3p"	-107.81182992217	-2.84835879142744e+32	-98.9624617317559	-2.12117931867984	0.0729931555495517	0.184771453156786
"hsa-miR-890"	-16.5698614787127	-97280.3958368762	-12.9056557758727	-2.11398454745404	0.0737614984574128	0.186102201700117
"hsa-miR-30c-1-3p"	7.88057520499472	235.661978667995	7.58497123131585	2.10293325981637	0.0749575259237388	0.188499745519697
"hsa-miR-300"	-478.312634754514	-9.69282487457951e+143	-412.238925701794	-2.09033284853978	0.0763449489130062	0.191361358876718
"hsa-miR-491-5p"	-108.84969657627	-5.84821982103628e+32	-105.57697548019	-2.08339301658925	0.0771200426010098	0.192674503827279
"hsa-miR-583"	-459.253768247661	-1.77484268213833e+138	-350.592424599773	-2.06745836213218	0.0789296637384958	0.195456854126813
"hsa-miR-656-3p"	-45.5265322633689	-50681774218456.7	-23.2189805227355	-2.06700656727116	0.0789815859225584	0.195456854126813
"hsa-miR-27b-3p"	-391.282812538866	-6.13568933305661e+117	-607.2799333169	-2.06686200345916	0.0789982070134448	0.195456854126813
"hsa-miR-33b-5p"	10.8683886502931	1869.43766398857	11.7859386431545	2.0623351033118	0.0795204542659273	0.196116361485422
"hsa-miR-551b-5p"	-116.344767739146	-1.05503028903239e+35	-118.20155062415	-2.05548268655961	0.0803175497584432	0.19744730982284
"hcmv-miR-UL70-3p"	8.84371157228591	459.433285544486	7.33620470577346	2.04645554925137	0.081379793928328	0.199419495025647
"hsa-miR-26a-1-3p"	16.6063323638851	99770.9619431529	13.5861964624985	2.04342278369129	0.0817398000212959	0.199663779032911
"hsa-miR-323a-3p"	-92.2150974341134	-5.74791557664214e+27	-65.5859417149544	-2.02406030328128	0.0840759080376072	0.204533877954462
"hsa-miR-136-3p"	-143.796087770751	-1.93613518833581e+43	-141.302422228091	-2.020655449548	0.0844935204728477	0.204533877954462
"hsa-miR-508-5p"	-16.0668494175291	-68644.162461274	-23.5893474059211	-2.01820050298635	0.0847959031694631	0.204533877954462
"ebv-miR-BART18-3p"	-20.289509936992	-1281595.83797587	-8.928095033517	-2.01816547204257	0.0848002258011982	0.204533877954462
"hsa-miR-652-3p"	-26.3017480233044	-82720870.0061527	-20.1549426903749	-2.0045235489032	0.0865003086422732	0.20798036592045
"hsa-miR-146b-3p"	-192.712184111965	-1.02836656385924e+58	-106.25852422603	-1.99369882216488	0.0878733296981006	0.209198131133833
"hsa-miR-411-3p"	-71.6082050939584	-3.59929687166899e+21	-46.3669118813409	-1.99347682545971	0.0879017128767173	0.209198131133833
"hsa-miR-921"	-1421.44558518356	-Inf	-1308.49528716402	-1.99202820450458	0.0880871480518337	0.209198131133833
"hsa-miR-365a-3p"	-147.534839796522	-2.58471214945513e+44	-126.586455321131	-1.99194524842728	0.0880977788216794	0.209198131133833
"ebv-miR-BART4-5p"	7.92456004497907	242.957480910906	6.29992379453067	1.98753306186844	0.0886650324393419	0.209671878044439
"hsa-miR-559"	-11.6939608623581	-3313.08812373175	-6.15780834456281	-1.9858012879598	0.0888886651906608	0.209671878044439
"hsa-miR-106b-3p"	6.92921918968638	121.871686933482	1.834571630513	1.98403459625019	0.0891173823239726	0.209671878044439
"hsa-miR-219a-5p"	-1730.72720160318	-Inf	-2928.91814082748	-1.97866727621477	0.0898158169744551	0.210668904034884
"hsa-miR-299-5p"	47.36909479213	181768406481772	36.9817248930097	1.97463422748792	0.0903441861293526	0.211262166954919
"hsa-miR-181d-5p"	-19.808054984916	-917949.323730477	-15.9175306788494	-1.96798783326915	0.0912216402102295	0.212665647541781
"hsa-miR-223-3p"	-44.6486586454294	-27579444753144.5	-71.0383969239175	-1.96109807184896	0.0921401084058461	0.214154800758294
"hsa-miR-200b-5p"	-66.3408986510664	-9.3454546266685e+19	-58.7654433731887	-1.95696526883474	0.0926954220005086	0.214154800758294
"hsa-miR-323b-5p"	13.0483920712432	8471.44330403926	13.1813920375193	1.95558320986329	0.092881861155516	0.214154800758294
"hsa-miR-506-3p"	-16.8085708872343	-114784.704706641	-13.6561775984358	-1.95487717763492	0.0929772472653351	0.214154800758294
"hsa-miR-571"	21.4071935359292	2781040.90857267	12.0196089039757	1.94348164881883	0.0945302249566757	0.216199059955226
"hsa-miR-1-3p"	-221.76526416211	-5.72791426870908e+66	-85.5034777587663	-1.94177210869559	0.0947653940103597	0.216199059955226
"hsa-miR-30a-3p"	-19.4354879931746	-709030.416583235	-19.8943139757372	-1.93981672739068	0.0950350878928381	0.216199059955226
"hsa-miR-127-3p"	-97.6429590271522	-2.47434089220101e+29	-107.074102761646	-1.93837240013036	0.0952347801577014	0.216199059955226
"hsa-miR-340-3p&hsa-miR-340-5p"	-267.650002216921	-3.7211656798509e+80	-345.95006772859	-1.93660982646159	0.0954790325734372	0.216199059955226
"hcmv-miR-UL22A-3p"	21.9708484493483	4110403.09035547	15.7907192179471	1.93605505816871	0.095556038233144	0.216199059955226
"hsa-miR-146a-5p"	-27.1767826445838	-151714385.249949	-15.2421435970806	-1.93308759444678	0.0959689812292772	0.216494731184869
"hsa-miR-199a-5p"	-17.3185138756101	-163452.72182722	-5.21904182999067	-1.92917607287258	0.0965159785724626	0.217090192272958
"hsa-miR-296-5p"	62.9848510314713	9127029051514663936	69.3080411838395	1.92221521029685	0.097496992460492	0.218655535722799
"hsa-miR-498-5p"	-92.6437316914677	-7.73645759408573e+27	-102.34193131342	-1.91995670896619	0.0978173889601959	0.218734511173383
"hsa-miR-379-3p"	-62.2605402904856	-5524464328556904448	-43.8285795991318	-1.91048252409209	0.0991727177400248	0.220639619412067
"hsa-miR-29c-5p"	-100.172898263586	-1.42904903148002e+30	-126.535090252839	-1.90998305027726	0.0992446788750499	0.220639619412067
"hsa-miR-194-3p"	9.49235905498178	720.252551028212	8.58332118250117	1.90353703433365	0.100177987345728	0.22174637139302
"hsa-miR-744-3p"	-24.673726690217	-26762817.8694804	-24.6278751955299	-1.90255643686977	0.100320718218224	0.22174637139302
"hsa-miR-503-5p"	-1707.44288698173	-Inf	-1185.93677897481	-1.89480872750482	0.101455461185216	0.222116244593716
"hsa-miR-144-3p"	-136.14534182337	-9.63455496587956e+40	-113.78315006741	-1.8932028214025	0.101692232213338	0.222116244593716
"hsa-miR-581"	70.2033870392329	1.35933123404008e+21	43.4569248725318	1.89195428894156	0.101876686406091	0.222116244593716
"kshv-miR-K12-4-3p"	8.18831348561253	291.694320428659	8.03059227779762	1.89041110448943	0.102105123871461	0.222116244593716
"hsa-miR-668-3p"	-63.1116060472596	-9965210908571187200	-73.4275848417433	-1.88978060747207	0.102198600393408	0.222116244593716
"hsa-miR-1296-5p"	-26.1474397013626	-74329919.066504	-32.1130477546057	-1.88817327903612	0.10243727924263	0.222116244593716
"hsa-miR-548a-3p"	9.66929869329874	814.233457128678	9.71910062564961	1.88764232764899	0.102516242112045	0.222116244593716
"hsa-miR-548a-5p"	-9.35855949267068	-656.458269396767	-11.8964169362101	-1.88570556949544	0.102804780744158	0.222116244593716
"hsa-miR-145-5p"	-106.998843918829	-1.62129304970697e+32	-86.4110811781489	-1.88102416770623	0.103505498900195	0.223002015888902
"hsa-miR-376b-3p"	-33.6220771510184	-13220678341.2528	-30.0831766523723	-1.87045593604799	0.105104559953213	0.225392855260717
"hsa-miR-298"	-186.900543112757	-1.83092132429933e+56	-216.224075514571	-1.86981098363149	0.105202923315954	0.225392855260717
"hsa-miR-876-3p"	-28.3022686963549	-331002918.435577	-12.2642536579346	-1.8558861607029	0.107348652092842	0.229349348621755
"hsa-miR-204-5p"	-98.695945126916	-5.13381167880852e+29	-34.0286598109329	-1.83935595448727	0.109951196302524	0.233279923682119
"hsa-miR-671-5p"	-44.8816565814227	-32413422196698.8	-37.3539911009559	-1.83719269943579	0.110296288283534	0.233279923682119
"hsa-miR-487a-3p"	-89.7196982567293	-1.01934307582433e+27	-57.0737792120083	-1.83533291781944	0.110593809458477	0.233279923682119
"hsa-let-7i-3p"	-29.7112509966462	-878977501.038927	-27.9159930790734	-1.83476929468265	0.110684129608638	0.233279923682119
"hsa-miR-29b-2-5p"	-31.982639496565	-4243594022.29867	-19.7853112124551	-1.83224050200462	0.111090248609517	0.233279923682119
"hsa-miR-99b-3p"	-31.2540694427922	-2561016572.6236	-33.6597517887521	-1.83096911431143	0.111294976822621	0.233279923682119
"hsa-miR-875-3p"	9.15766517909214	571.125970637053	7.33784107203298	1.83045034990744	0.111378617204385	0.233279923682119
"hsa-miR-129-1-3p"	-1266.5358078428	-Inf	-805.756260971695	-1.82894571779408	0.111621554095616	0.233279923682119
"hsa-miR-186-3p"	-22.673122208043	-6687901.68210278	-29.9019708489066	-1.80999872959643	0.114725017562428	0.238933831762797
"hsa-miR-501-3p"	8.29863733283636	314.875420381157	9.09006779911598	1.80823683305899	0.115017819808934	0.238933831762797
"hsa-miR-599"	-20.4735906763981	-1456011.85996181	-12.620697951598	-1.80570954557235	0.115439081267753	0.238933831762797
"hsa-miR-629-3p"	-8.37702757772576	-332.457837310252	-13.1420200292674	-1.80351730409238	0.115805703256441	0.238933831762797
"hsa-miR-210-3p"	-11.0543837491965	-2126.67483502298	-13.9334949071724	-1.80268259678638	0.115945592073151	0.238933831762797
"hsa-miR-199b-5p"	27.6590751684733	211939193.826682	30.4574119601273	1.79875745868041	0.11660559887292	0.238933831762797
"hsa-miR-659-3p"	-65.179363746797	-41777609490415648768	-80.1579277891192	-1.79599569683325	0.117072158625048	0.238933831762797
"hsa-miR-130b-3p"	-27.7225809146574	-221476887.988815	-35.1220585273483	-1.79562059501214	0.117135665507368	0.238933831762797
"hcmv-miR-UL36-3p"	11.384758880221	2673.95390469672	7.32809238059991	1.79426931992872	0.117364719881271	0.238933831762797
"hsa-miR-126-3p"	-1320.68752430102	-Inf	-891.721099904669	-1.79381367899409	0.117442052900358	0.238933831762797
"hsa-miR-338-3p"	-549.956838936433	-3.57688387155499e+165	-825.140055140685	-1.78809487697516	0.118416859067498	0.240279711388283
"hsa-miR-187-3p"	30.3189239541963	1339385356.44978	18.6296222427569	1.78266871634483	0.119348992763297	0.241532130473479
"hsa-miR-574-5p"	-283.888754400361	-2.87760053923946e+85	-209.932749812646	-1.77813474222753	0.120133279846926	0.242479541164717
"hsa-miR-30c-2-3p"	-410.093273541513	-2.82082637733651e+123	-316.855993993406	-1.75147015868313	0.124846981225966	0.251332374279044
"hsa-miR-645"	8.94794082566088	493.854013915493	11.6093720892705	1.74762743690964	0.125540755676347	0.252067433517691
"hsa-miR-483-5p"	-60.0194231012916	-1168548321518196480	-63.2609522976176	-1.74280979484088	0.126415764866933	0.253161597005059
"hsa-miR-501-5p"	9.23948953519671	604.454332402873	9.42433672067109	1.74044643529414	0.126847144985371	0.253363958864009
"kshv-miR-K12-11-3p"	6.74823647225696	107.503250519009	9.03542184049561	1.73831696005614	0.127237041109834	0.253482624756474
"hsa-miR-208b-3p"	-23.1377961913634	-9229340.8901762	-24.0781692336607	-1.73142207787155	0.128507340388164	0.255132458167499
"hsa-miR-548b-3p"	8.21278213301152	296.683756936525	9.24630635122349	1.72998659240129	0.128773332143442	0.255132458167499
"hsa-miR-554"	-13.2449016692934	-9707.61830853411	-18.3101046012523	-1.72842604257967	0.129063094874824	0.255132458167499
"hsa-miR-222-5p"	-15.7331217574186	-54468.0182640276	-10.7834728270106	-1.72368792449573	0.129946689386922	0.255572036421218
"hsa-miR-194-5p"	7.82664316091489	227.014896854287	6.80219446819081	1.72366016612039	0.129951882926043	0.255572036421218
"hsa-miR-874-3p"	-35.0268795007186	-35005910994.591	-50.0737278431573	-1.72163144071285	0.130331990467736	0.255664032452055
"hsa-miR-518f-3p"	8.76380314146997	434.677961484964	8.05296379824715	1.71929002367394	0.130772003746393	0.255872772636437
"hsa-miR-665"	-1713.45050541011	-Inf	-2160.74384496326	-1.71550282850826	0.131486717621863	0.256012084134472
"hsa-miR-339-3p"	-30.2979268572707	-1320033006.19944	-32.8755280032343	-1.7143351392389	0.131707832430557	0.256012084134472
"hsa-miR-486-5p"	-52.2916216121237	-5512474927373665	-59.5817037779949	-1.71361405623938	0.131844554410843	0.256012084134472
"hsa-miR-181a-3p"	-39.053350951907	-570466397104.189	-55.9653296233752	-1.70584082530969	0.133327020768064	0.257335658191255
"hsa-miR-769-3p"	7.52042563501942	183.600430971773	6.32983374805155	1.70508618193395	0.133471784356781	0.257335658191255
"hsa-miR-630"	-67.36231128599	-1.897039065421e+20	-55.8012183712722	-1.7047687903218	0.133532714419973	0.257335658191255
"hsa-miR-765"	-719.030277790097	-2.81631614874928e+216	-489.878761142365	-1.70242387054301	0.13398369248422	0.257557624399491
"hsa-miR-181b-5p"	-105.98990638449	-8.05640071532874e+31	-153.181456949442	-1.69741725282394	0.134951425593071	0.258769358574713
"hsa-miR-504-5p"	-39.4123794272077	-731658475953.117	-23.7745243745587	-1.6837279489718	0.137631461548641	0.262477859225351
"hsa-miR-146b-5p"	-217.621241062137	-3.23982276958662e+65	-138.705286634731	-1.68320426929637	0.137734981920741	0.262477859225351
"hsa-miR-628-3p"	-846.221286643216	-5.47003681121624e+254	-722.668524587637	-1.68230916768399	0.137912095525185	0.262477859225351
"hsa-miR-572"	14.5140748674955	23397.6313728634	12.1609212801151	1.67665496307967	0.139035891097851	0.263450385976911
"hsa-miR-657"	-12.0131822108527	-4133.59752824216	-11.870889746568	-1.67628338200351	0.139110047354171	0.263450385976911
"hsa-let-7d-3p"	-17.5222717735525	-188247.577460387	-26.5062027040236	-1.67064826682795	0.140239245627408	0.264934732503009
"hsa-miR-181a-5p"	-395.657209471941	-1.27258866829012e+119	-731.068353261482	-1.66723224936976	0.140927985267594	0.265581731450233
"hsa-miR-93-5p"	-55.7601933574475	-61022607989079616	-110.577710883377	-1.65939393276499	0.142520460006029	0.266906272243102
"hsa-miR-582-5p"	-61.4915420614937	-3241892727241067520	-29.5738780961873	-1.65838252820699	0.142727176528132	0.266906272243102
"hsa-miR-138-5p"	-544.103952019304	-6.18885513526265e+163	-900.390101355483	-1.65799311847901	0.142806841734105	0.266906272243102
"ebv-miR-BART19-5p"	-17.7536206223546	-220989.856026979	-22.4875457215367	-1.65621211135699	0.143171734499537	0.266906272243102
"hsa-miR-557"	-54.1663297984339	-20215757734283140	-82.5317973078174	-1.65524242044642	0.143370774659919	0.266906272243102
"hsa-miR-154-3p"	-54.5856065558353	-27033663573679704	-33.5469670204327	-1.64810587861706	0.144843682602395	0.268995410547305
"hsa-miR-520g-3p"	-14.998648992484	-32737.3288662322	-11.4567996696979	-1.62955819714005	0.148738675240436	0.275561748573465
"hsa-miR-889-3p"	-35.7002686519142	-55827954707.5496	-20.0235079123994	-1.62714548880049	0.149252520413354	0.275847429294079
"hsa-miR-301a-3p"	-100.528615094284	-1.82864147609784e+30	-90.6506620828091	-1.62544605062288	0.149615457443664	0.275853499661755
"hsa-miR-182-5p"	-16.44352059224	-89123.643463115	-14.2732637635424	-1.62213407446457	0.150325154591778	0.276497346695189
"hsa-miR-26a-2-3p"	149.683817300792	1.14635432286562e+45	81.5790403736723	1.61324646704687	0.152245245818393	0.279359099384468
"hsa-miR-19a-5p"	8.87990375326826	471.10464719621	8.40075801111069	1.60621856381073	0.153779804927642	0.280936880312308
"hsa-miR-34a-3p"	-17.3251386682705	-164205.015519835	-12.5307360504894	-1.60595486083968	0.153837665881577	0.280936880312308
"hsa-miR-708-3p"	32.5576303783339	6321546423.61484	46.0353985626286	1.60064611937354	0.155006834021138	0.282292285547597
"hsa-miR-143-3p"	-535.72254336205	-1.85590142563742e+161	-323.390605534223	-1.59924873534802	0.155315964147439	0.282292285547597
"hsa-miR-661"	9.83373675499071	912.535424516002	10.1442258258649	1.59733497806949	0.155740261245973	0.2823942798479
"hsa-miR-191-3p"	8.72800553208876	424.025004545984	11.0982249611882	1.5933438464871	0.156628615500309	0.283335254926267
"hsa-miR-892b"	7.12760125253772	139.836895648663	6.61608889010995	1.59099541445839	0.15715354204488	0.283501026666018
"hsa-miR-646"	7.66469987811148	202.910523380965	5.82574577302687	1.58884560765268	0.157635509700189	0.283501026666018
"hsa-miR-526b-5p"	-86.6008090495907	-1.173386730774e+26	-96.4091218833814	-1.58647075710976	0.158169532121051	0.283501026666018
"hsa-miR-939-5p"	-467.419313053323	-5.09605118825585e+140	-486.783957889204	-1.58634104868887	0.158198747605027	0.283501026666018
"hsa-miR-636"	-20.1402115065971	-1155600.66343539	-15.0474653923922	-1.58403963488481	0.158717954186537	0.283768463545627
"hsa-miR-922"	-67.8423691471629	-2.6459893400529e+20	-2.71830386107259	-1.57744684345971	0.160214107738198	0.284806078222764
"hsa-miR-455-5p"	22.0364637545631	4301665.02566764	33.2467793581434	1.57595149193273	0.160555280694868	0.284806078222764
"kshv-miR-K12-8-3p"	-44.4135005865338	-23431273265432.2	-46.3872935014085	-1.5753376512982	0.160695527465042	0.284806078222764
"hsa-miR-16-2-3p"	6.78609775321876	110.36185133749	7.21894140749981	1.57409594064055	0.160979574737895	0.284806078222764
"hsa-miR-10b-5p"	21.923899979587	3978794.56284836	32.2952234980691	1.57333035518496	0.161154938655384	0.284806078222764
"hsa-miR-766-3p"	-63.0541382504826	-9576062328572182528	-68.6427944161982	-1.56789943587837	0.162404043243923	0.28635379578871
"hsa-miR-139-3p"	-7.22836430820814	-149.952764368665	-7.23777471212216	-1.56529448378357	0.163006364545457	0.286447439655628
"kshv-miR-K12-9-3p"	9.15551703024851	570.27620639575	7.25025326956125	1.56444133084772	0.163204082307053	0.286447439655628
"sv40-miR-S1-5p"	-309.552285780856	-1.52940760849674e+93	-277.346711487956	-1.55320326111375	0.165829344313487	0.289724355267097
"ebv-miR-BART9-5p"	-6.69722126926916	-103.768249286487	-2.45848184035805	-1.55263540825602	0.165963030056434	0.289724355267097
"hsa-miR-553"	-22.3742285880619	-5436431.68318946	-16.5118241517352	-1.55092399554979	0.166366540035635	0.289724355267097
"hsa-miR-34c-3p"	-11.8152252948834	-3603.60531910381	-16.7788306732216	-1.54912062145177	0.166792714626012	0.289724355267097
"hsv1-miR-H1-5p"	-27.1749764610632	-151524565.118903	-24.1166272021698	-1.54491962843585	0.167789415486113	0.289724355267097
"hsa-miR-148b-5p"	-9.14064322888565	-564.427014313606	-9.41932188876725	-1.54407954525595	0.167989387801848	0.289724355267097
"hsa-miR-499a-5p"	-66.0370320966285	-75705509342796300288	-39.3640189321786	-1.54375225055204	0.168067356220336	0.289724355267097
"hsa-miR-454-5p"	11.5422118494151	2982.30449421461	9.22685462093268	1.54199792603756	0.16848584317154	0.289724355267097
"hsa-miR-520f-3p"	16.4951759690715	92372.5112248504	19.8156906487976	1.54182416365691	0.168527345837867	0.289724355267097
"hsa-miR-147b-3p"	-83.9175723343798	-1.82686491800906e+25	-42.94354491518	-1.54012805264748	0.168932953539788	0.289724355267097
"hsa-miR-184"	-70.7125542173024	-1.93463878191074e+21	-79.215937960229	-1.53765233704833	0.169526614181126	0.289724355267097
"hsa-miR-509-3p"	13.0899441486711	8718.98298846884	10.8531555099604	1.53733038463476	0.169603957646579	0.289724355267097
"hsa-miR-101-5p"	167.685690824901	3.00900411684706e+50	83.5324910888979	1.53279364202033	0.170697298757504	0.290108793762974
"hsa-let-7f-2-3p"	10.0769147859541	1080.07425526189	12.1949685315208	1.53233842307553	0.170807363249127	0.290108793762974
"hsa-miR-181c-5p"	-104.487176285096	-2.84298274645368e+31	-73.2114854391156	-1.53169219910772	0.17096372200895	0.290108793762974
"hsa-miR-551a"	-10.3893093790945	-1341.2006565072	-6.46203035698782	-1.52469624647048	0.172664909239493	0.292348753613004
"hsa-miR-140-5p"	-42.1480953043933	-4873499734337.75	-55.1842360534454	-1.51217802640302	0.175747859642742	0.296913234242254
"hsa-miR-624-5p&hsa-miR-624-3p"	-16.4518078407412	-89637.0681036255	-17.6681411579921	-1.50555101622265	0.177400331398664	0.299046272929176
"hsa-miR-611"	101.553026980598	3.71969449200777e+30	53.045551544321	1.50216490576724	0.178250160721129	0.299819897528741
"hsa-miR-30b-3p"	-407.11125614364	-3.57025858131187e+122	-334.794982330558	-1.50016337118969	0.178754248516176	0.300009865671568
"hsa-miR-190b-5p"	-9.29210450710392	-626.905643559448	-8.33232534697975	-1.49064110381788	0.181170356310366	0.303401011550329
"hsa-miR-345-5p"	-18.2445801839691	-310574.570765823	-27.6867081357942	-1.48836558041619	0.181752133376065	0.30371217058702
"hsa-miR-654-3p"	-26.3182259369341	-83671092.5075487	-14.8873408048566	-1.48274146294592	0.183197363627705	0.305461691092282
"kshv-miR-K12-9-5p"	-16.3699983238115	-84695.5367054888	-14.6434730299933	-1.4687098455782	0.18684886863419	0.310874364951028
"hsa-miR-195-3p"	-49.2134873522486	-652733472726647	-27.3229045007314	-1.45855483721902	0.189532713484122	0.31465712390113
"hcmv-miR-US33-3p"	-9.7155561247505	-840.763439346795	-9.53128567321125	-1.45500450293806	0.190479248719001	0.315357602531898
"hsa-miR-142-5p"	-26.9785766242913	-132239379.950692	-47.9689261969792	-1.45389113626123	0.190776959028423	0.315357602531898
"hsa-miR-515-5p"	-23.8906813279385	-15552911.3495527	-18.7640079275078	-1.45230066670671	0.19120297657534	0.315382114050078
"hsa-miR-32-3p"	-1104.36519837505	-Inf	-774.677333959172	-1.44263089482302	0.193811681311239	0.318064097416138
"hsa-miR-330-5p"	-13.3757774846118	-10629.436411489	-21.7860245132929	-1.44231135454425	0.193898433673773	0.318064097416138
"hsa-miR-604"	7.55916619189766	188.597428097926	7.95996860637595	1.44160715156448	0.194089742499519	0.318064097416138
"hsa-miR-10a-3p"	57.2275840375588	168740516723687072	23.2199602817876	1.44014430778404	0.194487694508695	0.318064097416138
"hsa-miR-196a-3p"	-61.1309033374253	-2524849910377788416	-108.24588947309	-1.43800084257041	0.195072134384537	0.318341121431788
"hsa-miR-642a-5p"	-384.499335091634	-5.56971759526717e+115	-947.082934692501	-1.43395770945956	0.196178858841588	0.319467483506365
"hsa-miR-942-5p"	9.76076873033418	867.52933388746	9.81279047274108	1.42531867765711	0.198562616325109	0.322664251528303
"hsa-miR-513a-3p"	-22.1868900146769	-4774406.63410692	-17.6760025137893	-1.41908953662402	0.200297567068046	0.324795420594484
"hsa-miR-758-3p"	-22.9274670432407	-7977288.60917281	-13.5118883453076	-1.41590696730859	0.201189232896453	0.325553041416834
"hsa-miR-514a-3p"	-35.3526705626571	-43874710734.7427	-59.9533780508023	-1.4135334522218	0.201856544548387	0.325945199302342
"hsa-miR-625-3p"	-113.919022301773	-1.96355372952896e+34	-72.1899934302007	-1.41083305982103	0.20261817359225	0.326399472712015
"hsa-miR-802"	-15.7496498112866	-55095.6123610724	-13.1162053003381	-1.40807034863798	0.203400046785747	0.326399472712015
"kshv-miR-K12-4-5p"	284.712532107789	5.09345303333209e+85	129.553123743246	1.40801924696266	0.203414534493277	0.326399472712015
"hsa-miR-92a-1-5p"	7.40702039693774	169.720896828864	8.36280442703857	1.4058605210918	0.204027395104885	0.326699398842269
"hsa-miR-369-3p"	-36.5490204010315	-100542910473.247	-34.4027709899345	-1.4029395271182	0.204859297263128	0.327348085418373
"hsa-miR-92a-3p"	47.3403664394142	178184656426940	10.9206800801308	1.39767667079072	0.206365833374074	0.329069842407307
"ebv-miR-BART15"	215.215741412282	6.11496117772275e+64	100.434602628567	1.395785200041	0.206909698954042	0.329252570742221
"hsa-miR-155-5p"	36.4989617304592	97114100389.3292	11.3413908683168	1.38751685599988	0.209302210311182	0.332215707984072
"hsa-miR-488-5p&hsa-miR-488-3p"	-165.127400779053	-5.10858637236171e+49	-208.742119752305	-1.38636289688532	0.209638073877824	0.332215707984072
"hsa-miR-521"	-15.3939441503998	-43056.5215224123	-14.0141503890839	-1.38138127681719	0.211093512186117	0.332881643622154
"hsa-miR-92b-5p"	-9.00193044583241	-512.685557103906	-8.30558728507108	-1.37900363063063	0.211791337624706	0.332881643622154
"hsa-miR-182-3p"	80.2077515897957	1.39617260837187e+24	35.2305483712209	1.37747141828214	0.212242120562375	0.332881643622154
"hsa-miR-490-5p"	6.84613135397089	115.051130862679	6.43121830041623	1.37684500149417	0.212426660623476	0.332881643622154
"hsa-miR-337-5p"	-24.2190210239523	-19527731.445363	-13.6061604177939	-1.37486845219223	0.213009880862593	0.332881643622154
"hsa-miR-198"	-35.9059124476051	-64380844392.5438	-30.4145297655239	-1.37405343007269	0.213250783748911	0.332881643622154
"hsa-miR-193b-5p"	-34.3297171141178	-21591091307.0431	-27.1204917649135	-1.37335354625641	0.213457847534723	0.332881643622154
"hsa-miR-134-5p"	-8.30287917668408	-315.802586421088	-14.2436992028986	-1.37310867080277	0.213530337238722	0.332881643622154
"hsa-miR-605-5p"	-23.6419367728046	-13089773.2721665	-43.4960562336313	-1.36581578331651	0.215699276614166	0.335580821831775
"ebv-miR-BART16"	-62.642374547104	-7198362913273742336	-49.1088530321527	-1.36364546581737	0.216348503710331	0.335909518918672
"hsa-miR-492"	-10.3501946189529	-1305.32615844696	-11.7514774940203	-1.36108454949005	0.217116802238376	0.336421388518857
"hsa-miR-422a"	-120.966703503427	-2.5978031024363e+36	-61.0337785146662	-1.35305708558435	0.219540799070532	0.339491517917536
"hsa-miR-638"	-80.2340040144791	-1.42181103506081e+24	-63.294013317492	-1.3494438409512	0.220639655633656	0.340504257285743
"hsa-miR-513a-5p"	-51.5462290512359	-3288221826670546	-100.864700485866	-1.34672572789521	0.221469485324145	0.341098584826545
"hcmv-miR-US25-2-5p"	453.446540061202	3.16964036172859e+136	210.234092568143	1.34431976067444	0.222206315552695	0.341547583224283
"hsa-miR-375-3p"	7.96204703466047	249.353222013908	9.60653559338501	1.32595661738352	0.22790156179395	0.349600995791919
"hsa-miR-34b-5p"	12.0315385074499	4186.52785117248	5.67903513789479	1.31791572310462	0.230435516286895	0.352285803382824
"hsa-miR-505-5p"	-47.9751992255753	-276677609591483	-35.2149947400576	-1.31748997500936	0.230570369358771	0.352285803382824
"hsa-miR-185-3p"	471.30352148841	7.52483584293385e+141	-475.557035211821	1.31078913309012	0.232701937297033	0.354498496788604
"hsa-miR-556-5p"	-36.7172219646274	-112975733270.168	-11.3710521177511	-1.31003486334776	0.232942949649878	0.354498496788604
"hsa-miR-21-5p"	-114.159635900443	-2.31992903383043e+34	-184.156871284642	-1.30369911963621	0.234976037556663	0.356884397635566
"hsa-miR-30e-5p"	-232.823373845746	-1.22129117596191e+70	-201.209335745217	-1.29720754588012	0.237075168471128	0.35936097671414
"hsa-miR-299-3p"	-18.0921158919244	-279427.772356098	-20.1174026428401	-1.29380921700455	0.2381805594303	0.360045835595349
"hsa-miR-331-5p"	-41.0368509625016	-2255916741943.98	-25.4873869943695	-1.29293445968093	0.23846582070722	0.360045835595349
"hsa-miR-105-3p"	7.77621225642114	219.216450678582	10.176622438838	1.2913177640762	0.238993812575299	0.36013409478439
"ebv-miR-BART10-3p"	-13.9025596239972	-15313.958411323	-16.3358019069162	-1.28951915265783	0.239582409691916	0.360313153399411
"hsa-miR-432-3p"	36.4611469899023	94601695533.666	17.0515173508263	1.28237353156635	0.241933273480189	0.3631366355368
"hsa-miR-412-3p"	33.374045181789	11132396762.9856	18.8202111085063	1.27863839791805	0.243170051429687	0.364219846212843
"hsa-miR-562"	10.1083509004199	1103.86719667744	12.4348867163791	1.27732973746567	0.243604668979385	0.364219846212843
"hsa-miR-568"	-15.442027874727	-44515.7386652157	-16.2734819581395	-1.27454721553797	0.244531004117445	0.36489354116358
"hsa-miR-660-5p"	-9.09389650699082	-546.431372930941	-7.43842924821477	-1.27112020359999	0.2456760836957	0.365890400377868
"hsa-miR-555"	-10.748372114928	-1720.21373577283	-11.1507304872407	-1.26303072805677	0.248397435105019	0.368421316513585
"hsa-miR-500a-3p&hsa-miR-500a-5p"	-11.2158949248396	-2378.59663741371	-6.17173550292292	-1.26114996742116	0.249033847251567	0.368421316513585
"hsa-miR-512-3p"	5.34000725014003	40.5044145579943	5.71988660433795	1.26082599240956	0.249143615715311	0.368421316513585
"hsa-miR-597-5p"	-19.8521939977214	-946467.864805383	-22.3472577870334	-1.26037401574312	0.249296823038527	0.368421316513585
"hsa-miR-369-5p"	-48.1325777037512	-308567127389139	-32.9316273294071	-1.25630701671064	0.250679073978587	0.369751634118417
"hsa-miR-564"	-15.9911374350484	-65134.6423394015	-16.7747560615679	-1.25377083535972	0.251544380012813	0.370315814721358
"ebv-miR-BART3-3p"	-10.4022140073623	-1353.25125190198	-9.40393230102545	-1.24754070156343	0.253680910292831	0.372745705353642
"hsa-miR-425-3p"	5.29327555143584	39.213419578722	5.69875504197443	1.24404755726634	0.254885631303264	0.373799769043218
"hsa-miR-519a-3p"	22.9134109534115	7899943.76745752	21.7695218934778	1.24208582908771	0.255564343072444	0.37407986858123
"hsa-miR-361-3p"	11.4848905928451	2866.13449044023	17.5869256213453	1.23341682874443	0.258582168301406	0.376463411688463
"hsa-miR-877-5p"	-24.7510718889917	-28236773.0612574	-27.076606179565	-1.23260111033615	0.258867695251859	0.376463411688463
"hsa-let-7e-3p"	7.28610244727972	156.075734748991	6.2003766979874	1.23183086769632	0.259137551369178	0.376463411688463
"ebv-miR-BART14-3p"	7.38680972500964	167.359858304157	8.22653713114922	1.23077742642871	0.259507015557486	0.376463411688463
"hsa-miR-524-5p"	-47.1786048468885	-159285121999624	-16.9526592625375	-1.23037901471448	0.259646864124116	0.376463411688463
"hsa-miR-200c-5p"	-6.29277679279489	-78.3997306543206	-3.09862257952018	-1.21941580558665	0.263520406508903	0.381358776966657
"hsa-miR-31-5p"	-32.3632273604771	-5524617210.23809	-41.9361543649143	-1.21642040197411	0.264587262996868	0.382181602106587
"hsa-miR-1180-3p"	5.69615757415318	51.845884718584	6.42564560016363	1.21441524697616	0.265303476759145	0.382495802019294
"hsa-miR-541-5p"	5.91012175473969	60.1345307264058	3.5211676349275	1.21251763120806	0.265982794326022	0.382755728420373
"hsa-miR-92a-2-5p"	29.3726040158385	695080107.364751	9.71840903383612	1.20711558459668	0.267924728599586	0.38482821504847
"hcmv-miR-UL70-5p"	9.08134899202929	541.699516176607	10.6756111259847	1.20569220187318	0.2684384030985	0.384838796745216
"hcmv-miR-UL36-5p"	4.36624600553533	20.623910536811	5.61503731099644	1.20431670933586	0.26893558677371	0.384838796745216
"hsa-miR-136-5p"	-150.349757464182	-1.81880792356277e+45	-206.701661844021	-1.20054185635636	0.270304044565431	0.386076726595317
"hsa-miR-569"	5.06229654441589	33.4120487824434	5.01478021464466	1.18841142493623	0.274741439301862	0.391685286142246
"hsa-miR-596"	6.8801798865701	117.798706433973	3.21161332724098	1.18635746567526	0.275498834369567	0.392036374696582
"hsa-miR-330-3p"	-20.0746750643966	-1104280.35855193	-47.9519215245847	-1.18245082301196	0.276944250912436	0.393363408240441
"hsa-miR-221-5p"	-26.9470358788231	-129379686.289307	-5.3459314057522	-1.1807819655553	0.277563650019127	0.393514453908818
"hsa-miR-455-3p"	-15.2544767660922	-39089.0463151963	-9.30593713692518	-1.17520751070554	0.279641051835766	0.395728204350614
"hsa-miR-10b-3p"	7.88374013851159	236.179533097034	7.42033622770652	1.16343774412349	0.284070018054282	0.40125543986673
"ebv-miR-BART7-3p"	28.8120602371329	471296666.788741	11.6588672621676	1.15752029707084	0.286318787944562	0.403688438149778
"ebv-miR-BART20-3p"	-7.9807168453886	-252.601053423003	-10.00797634339	-1.15595448921018	0.286916307189368	0.403788637824303
"hsa-miR-33a-3p"	-12.833399672836	-7298.5779020836	-9.30745723547121	-1.14826023853555	0.289867558727632	0.407194903926912
"hsa-miR-648"	-16.1639882295613	-73425.228488512	-32.2333560783818	-1.14506791812975	0.291099400772508	0.408177770370226
"hsa-miR-532-3p"	-13.2245141802791	-9571.39956064169	-21.1790368773649	-1.14069610641975	0.292793418942174	0.40980392760702
"kshv-miR-K12-7-3p"	22.8120811821844	7364117.33007814	31.5569674729272	1.13348475238152	0.295605543304648	0.412819366165345
"hsa-miR-631"	-7.47897451418209	-178.400335006809	-14.0028752131288	-1.13241571031632	0.296024317328474	0.412819366165345
"kshv-miR-K12-2"	5.8993897710209	59.6888590142764	3.67870869003177	1.11401708478966	0.303308493561956	0.422209826791325
"hsa-miR-33b-3p"	5.67150810483882	50.9675855083865	1.25695257897446	1.10753057770756	0.305911363043858	0.425061622200434
"hsa-miR-602"	-24.1475395342457	-18583765.6979327	-61.263673295442	-1.09857985000201	0.309533009229562	0.429053344036172
"hsa-miR-449a"	4.79348296037267	27.7320615086517	4.93495162538872	1.0976704063401	0.309902936891837	0.429053344036172
"hsa-miR-339-5p"	-22.8192540985238	-7400822.05762492	-49.2706201828048	-1.09610768303267	0.310539435046442	0.429159903929048
"hsa-miR-148a-3p"	-10.6753997241888	-1635.36814017362	-7.40743018953021	-1.09455667092683	0.311172214858611	0.42926095107294
"hsa-miR-153-3p"	-210.605406931814	-2.50348351213843e+63	-31.4929696778836	-1.08727291308199	0.314157865913867	0.432601585558233
"hsa-miR-27b-5p"	4.77373511013006	27.3550466351415	2.69854970002873	1.07010145858721	0.321288445398695	0.441627665987095
"hsa-miR-518d-3p"	5.93874459221226	61.3395038516649	4.97786264317063	1.06355509455772	0.32404099763464	0.444614392103343
"hsa-miR-200a-5p"	-10.4990193821528	-1447.17069348711	-7.31890924048965	-1.0535799399535	0.32827163169652	0.449614895555769
"hsa-miR-24-2-5p"	-26.0861395150871	-71237794.4572963	-29.2393966380494	-1.05121987070256	0.329279018241511	0.450190743299891
"hsa-miR-505-3p"	-12.5530918378152	-6009.76072960914	-25.0908056723033	-1.04443575884907	0.332188546333216	0.452572958069025
"hsa-miR-135a-5p"	-412.687152645081	-1.70298871988939e+124	-195.779854835459	-1.04356001007629	0.332565621277036	0.452572958069025
"hsa-miR-518a-3p"	-15.6413756501667	-51112.0434303892	-10.1218609347186	-1.04303558489895	0.332791588462751	0.452572958069025
"hsa-miR-450b-5p"	5.62946074728863	49.5035728152604	7.37689376961857	1.03366962705348	0.336847852144228	0.457278411671899
"hsa-miR-433-3p"	-13.271910237518	-9891.06557794755	-29.0790125908517	-1.0271535320954	0.339692945611602	0.459879347886292
"hsa-miR-374a-3p"	-8.59366584481521	-386.323557808277	-6.45475198964862	-1.02653736766828	0.339962959910727	0.459879347886292
"hsa-miR-19b-2-5p"	8.27881955156739	310.57966252161	9.25386472423474	1.02419182220855	0.340992372496425	0.460459770606969
"hsa-miR-148b-3p"	-70.1439158811919	-1.30443575236452e+21	-179.760197591467	-1.0177760309978	0.343820708048337	0.463115386713668
"hsa-miR-512-5p"	72.4380542172873	6.39774825362675e+21	24.0918218336721	1.01699430293481	0.344166584650314	0.463115386713668
"hsa-miR-367-5p"	-52.8158468993886	-7927826975338118	-12.0326269077919	-1.01071028201314	0.346956912796936	0.466052455543345
"hsa-miR-523-3p"	74.0797272771638	1.99627322131296e+22	27.8293756540939	1.0041706274828	0.349879577517988	0.469156706217302
"hsa-miR-518b"	-41.9758095501214	-4324916896249.86	-43.9985889342472	-0.995653834863394	0.35371469575827	0.473471503746236
"hsa-miR-488-5p"	5.27369494238476	38.6848008673791	9.52286967915653	0.993817655945763	0.354545810539835	0.473757206766643
"hsa-let-7f-1-3p"	70.164624785113	1.32329507094916e+21	25.2602934607619	0.991577608894517	0.355561788201209	0.474288507044048
"hsa-miR-627-5p"	28.3377105962376	339235190.916283	10.2193996728823	0.971184105130905	0.364915580802225	0.484872496061556
"hsa-let-7b-3p"	-20.7712817433308	-1789694.29265667	-45.5385110462074	-0.970480001202449	0.365241890667256	0.484872496061556
"hsa-miR-18a-5p"	-17.5095268127369	-186591.897218714	-41.5903553233299	-0.970154465758107	0.365392832755644	0.484872496061556
"hsa-miR-876-5p"	-83.5386277031493	-1.40485899094695e+25	-28.2571909470859	-0.952742216481968	0.373536511683318	0.494822978343877
"hsa-miR-16-1-3p"	3.44753151426552	10.9096394212913	4.3933870355479	0.947934605446291	0.375809295841529	0.496975396397332
"hsa-miR-379-5p"	-135.355356139312	-5.57214323551745e+40	-81.7874350435388	-0.940456367610905	0.379365521111363	0.500084552638541
"hsa-miR-20a-3p"	-6.70095685237976	-104.037285496605	-8.22530748480679	-0.93905892944807	0.380032888072644	0.500084552638541
"hsa-miR-325"	4.24106432087179	18.9098278047223	2.68937657552908	0.938884148096412	0.380116420062933	0.500084552638541
"kshv-miR-K12-3-5p"	-18.9003187574688	-489286.094852598	-36.3541378769266	-0.929436044315661	0.384652608551206	0.505185874586944
"hsa-miR-211-5p"	21.338160099732	2651100.8093591	12.9188588104427	0.921653304171563	0.388419818439267	0.508861028936705
"hsa-miR-655-3p"	-10.2975002129807	-1258.50934423064	-4.89674739805969	-0.920916729293531	0.388777787427522	0.508861028936705
"kshv-miR-K12-6-3p"	166.605302450211	1.42296256263035e+50	-170.859046963068	0.918067743019786	0.390164702547579	0.509806348984655
"hsa-miR-323a-5p"	6.11654887726101	69.3848545142114	7.07874784241305	0.914857864580808	0.391731745344069	0.51098341612058
"hsa-miR-484"	4.37404867794647	20.7357550798556	-0.633609517157777	0.912295852407051	0.39298588200049	0.511152420718279
"hsa-miR-31-3p"	-9.07153685815005	-538.027781106126	-5.00693276483812	-0.911870944250279	0.393194169783291	0.511152420718279
"hsa-miR-21-3p"	-14.4885615822305	-22987.4940733544	-27.0796197940417	-0.905810860954009	0.39617377260005	0.514154456149303
"hsa-miR-151a-3p"	-56.9518537218208	-139385076872570592	-132.905673927828	-0.887078560853301	0.405490199309765	0.525356389984104
"hsa-miR-143-5p"	-4.4115087271647	-21.2812166501797	-5.84341663345152	-0.878955411347041	0.40958011330935	0.529490197387748
"hsa-miR-219a-2-3p"	-117.852861512333	-3.00086452875019e+35	-286.45071262809	-0.877154643489393	0.41049086824465	0.529490197387748
"hsa-miR-33a-5p"	-109.289968412996	-7.9352153522036e+32	-169.877676859594	-0.876025557304195	0.411062670851047	0.529490197387748
"hsa-miR-95-3p"	-120.213728027875	-1.54148047084744e+36	-28.6486909477896	-0.875276796232666	0.411442187279137	0.529490197387748
"hsa-miR-302b-5p"	-4.66126828669147	-25.3035567980038	-0.913630164894067	-0.862024309417013	0.418201781989267	0.537240048582685
"hcmv-miR-US5-2-3p"	4.02375376076053	16.2656183194382	3.95019568331292	0.860732228619488	0.418865122623788	0.537240048582685
"kshv-miR-K12-3-3p"	4.27059786236948	19.3009220157538	3.28696468431811	0.853746233766456	0.422464883903431	0.540952530807899
"hiv1-miR-H1"	-4.09256843776681	-17.0602683870141	-9.89453569726721	-0.851951059453053	0.423393510314853	0.541238037352487
"hsa-miR-34c-5p"	-7.97204539523306	-251.087325504548	-5.83870851322778	-0.85023154345076	0.424284381002511	0.541474409698712
"hsa-miR-543"	-9.20315617694622	-589.421623124748	-7.14943579747681	-0.846286760385292	0.426333256117494	0.543185394422123
"hcmv-miR-US33-5p"	3.52144446750572	11.4831334717721	1.91743341523503	0.844708574769056	0.427154939553141	0.543329748983846
"hsa-miR-338-5p"	-59.3263059090727	-722765827027519616	-146.471393275463	-0.842041197708005	0.428546298690413	0.54419703823766
"hsa-miR-411-5p"	-84.6171176831837	-2.96681570472753e+25	-50.2575664492779	-0.83387926921123	0.432823917194855	0.548720569402403
"hsa-miR-96-3p"	4.72423876035339	26.4324593840213	2.93344111643017	0.828358307239397	0.43573466510791	0.551452135020327
"hcmv-miR-UL112-3p"	4.58235286506635	23.9566265617858	1.521413972186	0.827068860468064	0.436416487558459	0.551452135020327
"hsa-miR-486-3p"	-5.40719819401405	-42.435453610849	-11.6390351976069	-0.818081184104442	0.441189972415029	0.556566955332776
"hsa-miR-548c-3p"	5.87381168790532	58.6399386059009	7.07156562585813	0.811452698548027	0.444734038692479	0.560116597170987
"hsa-miR-18b-5p"	-8.94415230532624	-492.558853485512	-23.2467347030325	-0.808280126844901	0.446437401394588	0.561340142409261
"hsa-miR-485-5p"	-10.8459205204896	-1840.54909881852	-0.128167080060446	-0.800388203332265	0.450694451621767	0.565765375440091
"hsa-miR-19a-3p"	-44.6385734240682	-27387321769873.9	-123.429256220182	-0.778754717171041	0.462508878330288	0.579647564835508
"hsa-miR-144-5p"	29.2961318059313	659195798.295193	18.8174501491624	0.777187647158186	0.463372913075974	0.57978307394661
"hsa-miR-614"	4.21254537911991	18.5396920972835	1.48484932387363	0.774585311203959	0.464810213091771	0.5806342564192
"hsa-miR-509-3-5p"	-12.7189712629244	-6742.04837216958	-26.0222946435798	-0.768111250047787	0.468399173415791	0.584166123593352
"hsa-miR-653-5p"	20.9871118764388	2078500.80557458	20.2962922674222	0.763387188328691	0.471029928409204	0.586493433587434
"hsa-miR-155-3p"	-3.90243289782707	-14.9537239199385	-2.29706863230078	-0.752673500320181	0.477033413553747	0.593005880382048
"hsa-miR-346"	-5.75563751627796	-54.028080287537	-3.74137055592669	-0.749516334279735	0.478812383582487	0.594254204219688
"hsa-miR-610"	4.38440670271432	20.8851659625897	5.57720706721822	0.747993152231437	0.479672249581534	0.594359637203613
"hsa-miR-649"	-5.39426924520913	-42.0568602634703	2.47458265131281	-0.738722028519182	0.484928373772346	0.599903326908692
"hsa-miR-518f-5p"	-15.1165374875789	-35524.7650518815	-2.4874485117504	-0.7339789984588	0.487632209900612	0.6022768196357
"hsa-miR-936"	-5.37781251055937	-41.5798460230736	-9.61933662849875	-0.731151111114548	0.489249062057474	0.603302299996917
"hsa-miR-409-3p"	34.4899288992583	24126990154.8384	-8.61459772137492	0.72759369473707	0.49128808030833	0.60484423370223
"hsa-miR-126-5p"	-62.5145121237447	-6587844106350407680	5.68010065867501	-0.721530917960742	0.494776066316868	0.60816224818115
"hsa-miR-383-5p"	-10.3717833777807	-1325.00618414308	-14.6238989949312	-0.718059072858586	0.496780801893846	0.609649400084128
"hsa-miR-370-3p"	-6.59650842995467	-96.7713732602474	-4.89214297029162	-0.712388564127545	0.5000665788964	0.612701383408209
"hsa-miR-541-3p"	-5.90120219016237	-59.7638916501407	-4.72768945563063	-0.706040532656593	0.50376179508899	0.615462262293027
"hsa-miR-145-3p"	-4.71135229400242	-26.1974102172725	-3.79690189650809	-0.70576125329868	0.503924772777081	0.615462262293027
"hsa-miR-590-5p"	-7.08349655052632	-135.626619129219	-16.3713229686399	-0.694305504703563	0.510639496678809	0.622671691498643
"hsa-miR-326"	-6.82631213361744	-113.481407058412	-4.16511301796726	-0.679691894448931	0.519288556184519	0.632213210465915
"ebv-miR-BART18-5p"	26.1109059537527	72471275.6733982	48.239757603636	0.67225612287585	0.523725085155257	0.636326078800717
"ebv-miR-BHRF1-2-5p"	-5.13476441662232	-35.1332325282904	-5.76755248668085	-0.671251959690599	0.52432605189316	0.636326078800717
"hsa-miR-216a-5p"	-3.49442260879505	-11.2700546699957	-2.63094231269958	-0.669784674187506	0.525204969955442	0.636385800878079
"hsa-miR-607"	-5.31978958073726	-39.940751720711	2.53581556923496	-0.668050972348536	0.526244672943898	0.636639848813832
"hsa-let-7a-3p"	21.2205377462214	2443533.99681551	51.5848676804405	0.662657008001099	0.529487731886963	0.638720215424319
"hsa-miR-767-5p"	3.43549374067846	10.8189886668565	3.62319219808286	0.662421190220706	0.529629800534377	0.638720215424319
"hsa-miR-940"	3.09698991804363	8.55631690893783	3.35282744121456	0.659898713186216	0.531150965232341	0.639549121402207
"hsa-miR-206"	3.09864806176832	8.56615665960201	6.74269680634622	0.65298513936655	0.535334153211739	0.643080189959554
"ebv-miR-BART6-3p"	-19.3606340512264	-673180.588666697	-60.2388178533165	-0.652282541606029	0.535760419014543	0.643080189959554
"hcmv-miR-UL22A-5p"	-3.28439125563715	-9.7431701167732	-0.359024529267516	-0.648319268949496	0.538168884870686	0.644961772962213
"kshv-miR-K12-1-5p"	-5.71360923127474	-52.4768504990983	-1.26464350601132	-0.644073899230918	0.540756208988654	0.647051501239154
"hsa-miR-671-3p"	-4.73104389582651	-26.5574347702246	-9.03288097463196	-0.633439327810365	0.547270998170541	0.653126895092721
"ebv-miR-BART19-3p"	-9.23709840661146	-603.453337107995	-28.2154677257872	-0.633007371482443	0.547536627828708	0.653126895092721
"hsa-miR-526b-3p"	3.55548715883856	11.7573185223772	-3.52367995978427	0.625885217136077	0.551927696910838	0.657342458898468
"hsa-miR-517-5p"	2.5213791758402	5.74130689720807	2.05948048160267	0.620413644252728	0.555315588710738	0.660352025645172
"hsa-miR-1307-3p"	3.6297804517271	12.3786360332463	0.713780015543347	0.61572737225406	0.55822718806001	0.662786769724501
"hsa-miR-615-5p"	3.50406235843335	11.3456106726602	3.3737707299356	0.596175609832256	0.570473068615128	0.676279511016698
"hsa-miR-30d-5p"	-114.041724554771	-2.13786288790019e+34	-280.552340897732	-0.591064771776114	0.573700081198509	0.679055497344531
"hsa-miR-125b-2-3p"	-6.7612913586662	-108.480457570876	-27.9714037417039	-0.588815089421627	0.575123924679446	0.6796919109848
"hsa-miR-621"	-8.9467013020755	-493.429890460787	-27.85493116225	-0.579867827477176	0.580807081589747	0.684709721589467
"hsa-miR-576-5p"	-4.89933746700349	-29.8433475353977	1.24400312610892	-0.579321441605273	0.581155187424698	0.684709721589467
"hsa-miR-19b-3p"	-35.0326601261543	-35146454906.0441	-127.073007089027	-0.565998172421729	0.589680677141142	0.693688772035668
"hsa-miR-619-3p"	13.3869045326481	10711.7348369255	28.1084654157228	0.558700901364058	0.594380210188539	0.698146433713031
"hsa-miR-380-5p"	4.55814466006029	23.5579918529045	5.56206898119667	0.546116169602417	0.602534346290867	0.706641962698922
"hsa-miR-190a-5p"	-35.5150637333552	-49102033883.6839	10.4349763330973	-0.542217845889567	0.605072806655626	0.708535637717352
"hsa-miR-7-1-3p"	-5.20262661469894	-36.8253316892774	-1.35608113365895	-0.531911491224435	0.611812363835734	0.715335492472573
"hsa-miR-29a-5p"	-8.93076358717286	-488.008879164231	-14.8996109036213	-0.529633480787519	0.613307532820583	0.715992203460255
"hsa-miR-545-3p"	3.45902102341762	10.9968698133437	0.104803146797501	0.52490330994556	0.616418522783091	0.718129100026039
"hsa-miR-525-3p"	2.72677721419797	6.61975220537706	1.75564370137844	0.52400464768865	0.617010530530847	0.718129100026039
"hsa-miR-584-5p"	27.4530715341985	183737585.457767	-40.8331861446211	0.5210514043471	0.618958190239031	0.719304442292934
"hsa-miR-186-5p"	-4.15123698274325	-17.7683397955055	-10.4805128056262	-0.515781997338628	0.622441571757148	0.722258223203832
"ebv-miR-BART1-5p"	4.00691522694694	16.0768764185078	13.8980171394762	0.508708183520088	0.627134222916983	0.726604152533725
"hsa-miR-200a-3p"	2.45932200945296	5.49958215173928	1.29362772741912	0.506124581542556	0.628852814499285	0.727496393244271
"hsa-miR-496"	4.23985799999607	18.8940228112097	4.52180580730969	0.493801740643432	0.637083952686405	0.735908722455531
"hsa-miR-335-3p"	12.5024731782522	5802.55741824553	33.7893087447401	0.4923421741444	0.638062587546137	0.735930834056973
"hsa-miR-17-3p"	12.5167826412798	5860.39682282939	29.2355341172505	0.490741400928811	0.63913679746258	0.736062948429127
"hsa-miR-624-5p"	3.33516471529347	10.0921714476813	5.12626276702529	0.488931831359104	0.640352248338123	0.736152233362946
"hsa-miR-548c-5p"	2.71465292459541	6.56435346551922	-2.59715928477492	0.487105646522238	0.641580068703238	0.736152233362946
"hsa-miR-593-5p"	2.00382673960255	4.01062405896105	-0.382831020392981	0.485231876163941	0.642841142411124	0.736152233362946
"hsa-miR-193a-3p"	-17.2378778279451	-154567.537430557	-47.5270109858889	-0.484916603835873	0.643053450264894	0.736152233362946
"hsa-miR-578"	12.7214792638989	6753.77903554827	29.1021642974899	0.481543742787791	0.645327022144806	0.73765398805524
"hsa-miR-448"	9.05934012703944	533.498397394634	24.3558808224059	0.479479417694704	0.6467205634097	0.738146833534583
"hcmv-miR-US25-1-3p"	-4.1710305784589	-18.0137991833271	-23.0683426928351	-0.454416709013846	0.663760242933629	0.756408683443912
"hsa-miR-628-5p"	-26.8974618853699	-125009447.206502	-2.15188217461082	-0.45305420214258	0.664692897837284	0.756408683443912
"hsa-miR-380-3p"	3.86658238802404	14.5867076729949	6.90090991937947	0.449501864318412	0.667127536202569	0.758054548544253
"hsa-miR-296-3p"	-3.70216705038626	-13.01557416276	-6.83183704790964	-0.438225091880658	0.674884828460356	0.765734709214635
"ebv-miR-BART11-3p"	-2.71224062626715	-6.55338652725936	-3.33429596621719	-0.436605094474702	0.67600276843106	0.765870197026031
"hsa-miR-152-3p"	-2.57051859227975	-5.94022917818095	-7.63224586756653	-0.43461180907253	0.677379521372504	0.766298072113142
"hsa-miR-935"	2.57814243993018	5.97170310129402	0.623801040822599	0.431941433675454	0.679226024831011	0.766567797194384
"hsa-miR-122-3p"	-1.43510116130081	-2.70401126378759	-1.13618392903941	-0.431376713131137	0.679616821502192	0.766567797194384
"hsa-miR-450b-3p"	4.16554317517118	17.945412430566	-5.32829527010717	0.429223838555933	0.681107623884835	0.767121215153698
"hsa-miR-373-5p"	2.25561180214235	4.7753676278402	-3.17627109862353	0.423488412454645	0.685086739784026	0.770471450754176
"hsa-miR-452-5p"	1.71601268814014	3.28527169601974	2.10902682795286	0.416993922841122	0.68960553759228	0.774417931673908
"hsa-miR-32-5p"	-13.8103895341656	-14366.1865495637	-33.1673667729905	-0.410366337916967	0.694231081518278	0.778472572404268
"hsa-miR-539-5p"	3.51356854973298	11.4206158940514	11.0486610863507	0.404182794664626	0.698559447231586	0.78210886323159
"hsa-miR-542-5p"	2.29763328538556	4.91650559737752	-4.04705722273212	0.40282248561133	0.699513272720822	0.78210886323159
"hsa-miR-454-3p"	-8.31280586877499	-317.983008983612	-4.57158068287857	-0.396533991181184	0.703930250999693	0.785901750388304
"hsa-miR-943"	-28.9966185475978	-535614043.754487	-81.3160004101856	-0.39126398999894	0.707641385390041	0.788896718886862
"hsa-miR-302a-5p"	20.4299344679037	1412612.62798698	58.4164558151461	0.383964708703291	0.712795723625723	0.793012291410455
"hsa-miR-218-1-3p"	-2.62526700927827	-6.16998511662657	-2.89470081600601	-0.383109222979501	0.713400887970292	0.793012291410455
"hsa-miR-181c-3p"	-3.24244891914177	-9.46399242631089	-0.69345435761572	-0.378944639392631	0.716350060151728	0.795138199907924
"hsa-miR-362-3p"	-2.07606769999718	-4.216563555244	-2.12570395558187	-0.376681661251271	0.717954798880201	0.795172583180136
"hsa-miR-499a-3p"	2.59890676278488	6.05827372211681	0.208928808245479	0.375977436013581	0.718454498231857	0.795172583180136
"hsa-miR-639"	2.17814798571587	4.52572205750548	-1.31586890681674	0.36342436197557	0.72738657685399	0.803898421393387
"hsa-miR-567"	1.57224358828392	2.97366800811451	3.78132010907063	0.361202343708615	0.728972471693118	0.804491921998016
"hsa-miR-601"	3.57398123146892	11.9090071118305	10.7115079873065	0.354651013429365	0.733656595412826	0.808498000979365
"hsa-miR-125b-1-3p"	7.19413637641817	146.437006449343	0.612434624503171	0.350888765055	0.73635212192696	0.810304271905277
"hsa-miR-575"	-3.87992663991493	-14.7222537741336	2.87220909036672	-0.344248860276176	0.741119167288813	0.813638308398429
"ebv-miR-BHRF1-3"	-2.18277630188036	-4.54026436003875	-2.36546137002128	-0.342903376191968	0.742086648729271	0.813638308398429
"hsa-miR-18b-3p"	-1.77220159421192	-3.41574812193706	-1.96021871665089	-0.34172250953528	0.74293617579386	0.813638308398429
"hsa-miR-297"	-4.5081665822312	-22.755865946613	8.89091159036093	-0.34076527566082	0.743625103242893	0.813638308398429
"hsa-miR-203a-3p"	-9.03072294416708	-523.020231653915	-3.48986564747001	-0.327827032314957	0.752961480898975	0.822680136537769
"hsa-miR-542-3p"	2.40423576583289	5.29355076325234	0.685288398300521	0.318841659867798	0.759471905362682	0.828178051157196
"hsa-miR-193a-5p"	-187.201117053731	-2.25502548805866e+56	-715.544035629804	-0.317903345032755	0.760152996107778	0.828178051157196
"hsa-miR-520a-5p"	2.84188366468629	7.16955543825629	7.48226918024843	0.306199689192621	0.768667404326267	0.836266523571981
"hsa-miR-662"	1.99792793669754	3.99425914427987	4.2787409627437	0.303308281335907	0.770776280056512	0.837373097455162
"hsa-miR-106a-3p"	-3.59678320475977	-12.0987257539289	6.92010258486807	-0.287391192169161	0.782422611711699	0.848823399127119
"hsa-miR-520d-3p"	10.5646823817899	1514.55933318655	40.4795945841877	0.285044593433516	0.784144782638236	0.849490181191422
"hsa-miR-626"	1.23080168509652	2.34697371605709	2.80306894512041	0.276882327487698	0.790145196346163	0.854783308318064
"hcmv-miR-UL148D"	5.30396814604487	39.5051311582424	-32.6073367117078	0.273029291275639	0.792983099594826	0.856645123083425
"hsa-miR-30d-3p"	3.34555758147809	10.1651357841858	9.99745550667656	0.271245394328931	0.794298156751209	0.856759287845715
"kshv-miR-K12-12-5p&kshv-miR-K12-12-3p"	1.42061463432461	2.67699535248063	1.20695232380699	0.269856083305079	0.795322833045826	0.856759287845715
"hsa-miR-138-2-3p"	-2.45900062472904	-5.49835716323664	-0.00538066878355203	-0.267388471651209	0.797143876763525	0.857516624793301
"hsa-miR-944"	-1.27879391007511	-2.42636048856583	-0.485912476761382	-0.264444331435336	0.799318373576022	0.857891418597386
"hsa-miR-767-3p"	-1.95485234021881	-3.87676246094729	-3.36094898285394	-0.263888270189025	0.799729288522987	0.857891418597386
"hsa-miR-302b-3p"	10.8955716629082	1904.99522069028	40.7910962670089	0.261886133509099	0.801209382536043	0.858278765928974
"hsa-miR-335-5p"	-126.47318987875	-1.18092903571165e+38	-52.0176562201709	-0.253161437588996	0.807669395604126	0.863212792908751
"hsa-miR-644a"	-88.1970216775544	-3.54771768725262e+26	158.909424964155	-0.252626229526846	0.808066212918492	0.863212792908751
"hsa-miR-25-3p"	-3.10340740434738	-8.59446243065352	-19.3636596980248	-0.246411366307115	0.812678513394782	0.866914844280604
"hsa-miR-622"	-2.88065524374286	-7.36484541359392	-2.21658012779399	-0.244236389230908	0.814294560946972	0.866914844280604
"hsa-miR-643"	6.26433577317422	76.8693078576014	32.6564065210076	0.242601339485972	0.815510076485498	0.866914844280604
"hsa-miR-518e-3p"	-2.41727658959945	-5.34161719545478	4.59117112191144	-0.241871498951998	0.816052826037283	0.866914844280604
"hsa-miR-372-3p"	-1.22304853123965	-2.33439472970195	-1.81229748437392	-0.239229780056578	0.818018262983875	0.867800840537527
"hsa-miR-606"	-1.43578820065517	-2.70529927304914	-0.770815697561994	-0.235569695752265	0.820743697370146	0.869489524700141
"hsa-miR-424-3p"	-0.923841697943502	-1.89716044984804	-1.42592091361556	-0.230370272640095	0.824619973560107	0.871597618703753
"hsa-miR-545-5p"	1.78007894290923	3.43444967044972	5.38423468668005	0.229852398461351	0.825006350950358	0.871597618703753
"hsa-miR-216b-5p"	-2.82166597091944	-7.06978318280066	4.26149727746404	-0.218485716817098	0.833499846752427	0.879359535707169
"hsa-miR-663a"	-1.84039475647085	-3.58108002030423	-7.31292537351107	-0.210012832329661	0.839846745676377	0.884838535623326
"hsa-miR-637"	28.2206688313374	312800771.779272	-233.978352005177	0.206023668308347	0.842839457089386	0.886773475428751
"hsa-miR-302a-3p"	9.82951066320517	909.86624253727	18.5505423389844	0.199675676094286	0.84760755236743	0.889676931884308
"hsa-miR-544a"	-2.04612304363404	-4.12994635908536	-1.85986033206359	-0.199261415546956	0.847918953334328	0.889676931884308
"hsa-miR-650"	-0.923438948571136	-1.89663090374394	-4.19065614868846	-0.196317926099918	0.850132425094517	0.890780833398217
"hcmv-miR-US4-5p"	-1.29976039084359	-2.46187991285789	-0.992510691877287	-0.192446368307667	0.853046014508744	0.892614315318154
"hsa-miR-141-3p"	-6.08322592806567	-67.8005902559128	15.3282727991297	-0.189338952114595	0.855386335486566	0.893843759289095
"hsa-miR-561-3p"	1.31415252706026	2.4865622124734	0.965913902427574	0.17492573884076	0.866261687248613	0.903976481795492
"hsa-miR-135a-3p"	0.747281966931006	1.6786273207717	-0.883468440094725	0.160653905669633	0.877061287785717	0.913093209828015
"hsa-miR-135b-3p"	1.20568116422762	2.30646142554672	2.87189312218844	0.160234621921191	0.877379003446215	0.913093209828015
"hsa-miR-99a-3p"	1.58974342946955	3.00995815283199	9.03279327197248	0.155498593491111	0.880969447896014	0.915587488531495
"hsa-miR-378a-5p"	-0.989671832309057	-1.98573324771477	-1.95107413050608	-0.15298112012989	0.882879214351518	0.916330659550222
"hsa-miR-586"	-0.697000634684873	-1.62113095295465	-4.99256552878273	-0.146063233959651	0.888131447058883	0.920536243100221
"hsa-miR-29b-1-5p"	4.63567741870912	24.8586736718736	30.1496664613361	0.138468347496337	0.893904662491917	0.925269738368827
"hsa-miR-633"	1.82742865587278	3.54903956031416	10.8748695720637	0.135787231197659	0.89594437965448	0.926131184898903
"hsa-miR-214-5p"	-7.72616591770959	-211.742332431324	24.848230214187	-0.130895643916691	0.89966793963388	0.928728546028514
"hsa-miR-93-3p"	-0.588658129332903	-1.50384734743572	-4.18598340716784	-0.121590210718268	0.906758850923636	0.934790374540899
"hsa-miR-616-5p&hsa-miR-616-3p"	-1.01155478499844	-2.01608265163508	-1.96302410537133	-0.116583501525588	0.910577904179319	0.937467453027567
"hsa-miR-130b-5p"	-0.791836966084049	-1.7312774743778	6.29761438909975	-0.111723212111174	0.914287715010108	0.940025036746317
"hsa-miR-28-3p"	1.07043158925749	2.10006151692919	-0.900678176524757	0.105404318969942	0.919114301136091	0.943722448422198
"hsa-miR-885-3p"	1.12933603127383	2.18758038495445	2.86590964172034	0.0974221875614755	0.925216566518722	0.948649207206078
"hsa-miR-770-5p"	-0.482394004529563	-1.39706002183513	0.438863700611193	-0.09589299700557	0.926386253190812	0.948649207206078
"hsa-miR-552-3p"	0.498996526460883	1.41323024128114	-1.31817978624833	0.0885172271658815	0.932030728284379	0.953156758125491
"hsa-let-7g-3p"	-17.260971995451	-157061.711247465	129.054114371405	-0.0845443116659816	0.935072865774447	0.954994524699069
"hsa-miR-133b"	-4.68095993508055	-25.651298171613	-1.91339421919549	-0.0767065185635868	0.941077798849184	0.959849297496441
"hsa-miR-641"	-0.279004087953864	-1.21335699835603	1.21453365218556	-0.0667567894916192	0.948706706075277	0.963983030151781
"ebv-miR-BHRF1-2-3p"	14.4163752145209	21865.5984530747	-78.7914140378162	0.0665889710668827	0.948835432338637	0.963983030151781
"hcmv-miR-US25-2-3p"	0.455186451663394	1.37095997426586	2.71447662938521	0.0665032870920371	0.94890115745058	0.963983030151781
"hsa-miR-362-5p"	18.3783868021821	340757.716580301	260.113222727663	0.0563401069029135	0.956699864125035	0.970152653615717
"hsa-miR-585-3p"	-0.395631623104569	-1.31551857840764	-4.94413754654755	-0.0552925824919984	0.957503987988393	0.970152653615717
"hsa-miR-548b-5p"	0.225737418775611	1.16937480977191	-1.65348797113737	0.0531150893749751	0.959175693278521	0.970564322882092
"hsa-miR-623"	0.473857632652666	1.38881807831622	-0.784124402301893	0.0374777563271216	0.971186757583014	0.981048561455072
"hsa-miR-431-5p"	3.96801040559326	15.6491284457736	86.155762270912	0.0362957176041873	0.972095054375299	0.981048561455072
"hsa-miR-589-3p"	-0.219471425301091	-1.16430692946861	-1.77661584838048	-0.0278519731699911	0.978584572135414	0.985080910358665
"hsa-miR-133a-3p"	-1.19872128418494	-2.29536134153286	9.4493657429112	-0.0262457569104518	0.979819259019272	0.985080910358665
"hsa-miR-23b-5p"	2.3243133710648	5.00827357494859	67.2187899347484	0.0260840160851397	0.979943591399819	0.985080910358665
"hsa-miR-924"	0.184224568289883	1.13620611158978	5.24573935590819	0.0207625541060211	0.984034585527448	0.987898595680043
"ebv-miR-BART6-5p"	0.120285733387625	1.08695011743209	0.284098265397621	0.0184114940167836	0.985842189225895	0.988419554426485
"hsa-miR-219a-1-3p"	2.16995756376472	4.50010156831508	114.647743518391	0.0143500046095514	0.988965055118759	0.990256132214214
"hsa-miR-449b-5p"	0.0848161800216012	1.06055260319184	1.21016307403901	0.0113456583786749	0.99127522482657	0.99127522482657
