""	"logFC"	"Fold Change"	"AveExpr"	"t"	"P.Value"	"adj.P.Val"
"hsa-miR-125b-5p"	-13146.2979864787	-Inf	-13146.2979864787	-4059.71495688664	7.65129445087903e-23	5.86854284382422e-20
"hsa-miR-23b-3p"	-1559.73009286577	-Inf	-1462.02066205724	-15.5950179922067	1.50014646750774e-06	0.000575306170289217
"hsa-miR-24-3p"	-1261.83343004035	-Inf	-957.427376877891	-9.66260238008078	3.35827042450567e-05	0.00708997075606411
"hsa-miR-125a-5p"	-2225.5105929198	-Inf	-2034.36090037181	-9.51724958302422	3.6975075650921e-05	0.00708997075606411
"ebv-miR-BHRF1-1"	-123.821953963179	-1.87984596546354e+37	-111.734468387957	-8.60798923299577	6.96197110866772e-05	0.0106796636806963
"hsa-miR-491-3p"	-1315.71120387053	-Inf	-842.956174390206	-7.92193556872041	0.000116686463701364	0.0108268566128851
"hsa-miR-29a-3p"	-5638.63491443234	-Inf	-5729.78982065263	-7.86565995198089	0.000121935716321046	0.0108268566128851
"hsa-miR-520d-5p"	-2010.20946880091	-Inf	-1801.43973808564	-7.80698181222498	0.000127696213638395	0.0108268566128851
"hsa-miR-494-3p"	-1042.07372950965	-Inf	-931.303559964361	-7.64543267003001	0.000145217313853984	0.0108268566128851
"hsa-miR-99b-5p"	-681.29089227935	-1.22742325926492e+205	-582.331893524655	-7.56415325428068	0.000155052691976095	0.0108268566128851
"hsa-miR-888-3p"	-744.873586085473	-1.69547890043339e+224	-843.954910111089	-7.5623893922177	0.000155274345165235	0.0108268566128851
"hsa-let-7i"	-688.928763522443	-2.44468380746272e+207	-576.651679197682	-7.32743626385727	0.000188281415889162	0.0120343204989156
"hsa-let-7c"	-3685.6351031181	-Inf	-3153.75258650968	-7.16491017634685	0.00021576649293798	0.0127302230833408
"hsa-miR-381-3p"	-261.033105169863	-3.79135557922136e+78	-205.339262248313	-6.77432838172526	0.000302460395704567	0.0165705088218145
"hsa-miR-634"	-625.72927559051	-2.3082408243275e+188	-647.224579556659	-6.5218111562505	0.000379348326662937	0.0183345038868976
"hsa-miR-30a-5p"	-2016.20701406457	-Inf	-1881.87036176586	-6.4351592202199	0.000410642266600222	0.0183345038868976
"hsa-miR-26a-5p"	-2850.79858851675	-Inf	-2739.19076554868	-6.40634848817052	0.000421684133543026	0.0183345038868976
"hsa-miR-409-5p"	-87.5052251090869	-2.1963297039353e+26	-78.0043739897171	-6.38451458898749	0.000430275189001507	0.0183345038868976
"hsa-miR-15a-5p"	-435.790302812417	-1.53445079320139e+131	-335.945029550636	-6.28129522133173	0.000473653710884016	0.0191206524341074
"hsa-miR-600"	-78.6029570128584	-4.59037122759781e+23	-67.9100839934624	-6.14033330231604	0.000541077363969119	0.0201522620319861
"hsa-miR-30c-5p"	-1778.05072247187	-Inf	-1760.97632940264	-6.11982946685746	0.000551756848333387	0.0201522620319861
"hsa-miR-27a-3p"	-459.138919669498	-1.63903035671099e+138	-358.327023720297	-5.92512680808534	0.000665890704386054	0.0216742967479921
"hsa-miR-885-5p"	-440.85822432302	-5.14694297300025e+132	-440.968470393587	-5.87798122941843	0.000697373566526455	0.0216742967479921
"hsa-miR-103a-3p"	-686.978216729548	-6.32484087004862e+206	-702.098740880919	-5.86986902627734	0.000702957668771215	0.0216742967479921
"hsa-miR-23a-3p"	-789.499981404297	-4.60443110222845e+237	-742.807179245605	-5.86481306433185	0.000706463388135335	0.0216742967479921
"hsa-miR-197-3p"	-165.023267754713	-4.75284418318909e+49	-175.591001588022	-5.72657093428818	0.000810366073596268	0.0239057991710899
"hsa-miR-28-5p"	-354.684987171095	-5.89956717007255e+106	-261.933398375302	-5.68071450804119	0.000848539309519559	0.0241048018667223
"hsa-miR-642a-5p"	-1509.66653429337	-Inf	-947.082934692501	-5.63017349574129	0.000892967541634591	0.0244609323012047
"hsa-miR-500a-3p"	-26.5597928521875	-98922327.7270117	-24.5678243965321	-5.52289050078562	0.000996190288518525	0.0261121522425537
"hsa-miR-151a-5p"	-401.016079892737	-5.22238386917775e+120	-288.337836751232	-5.48411604114592	0.00103673515300542	0.0261121522425537
"hsa-miR-423-3p"	-168.74701374128	-6.27932287978071e+50	-121.277382434484	-5.46685134839702	0.00105538033835615	0.0261121522425537
"hsa-miR-519e-5p"	-263.889041710147	-2.7448403020921e+79	-213.281019603559	-5.40475214232193	0.00112561714418487	0.0269796359246811
"hsa-let-7b"	-1640.74363571344	-Inf	-1332.28881953052	-5.28441790869795	0.00127712200317375	0.0295122079535744
"hsa-miR-423-5p"	-340.748796733939	-3.76364630679438e+102	-273.952784025132	-5.23341163833165	0.00134811823686471	0.0295122079535744
"hsa-miR-933"	-3405.09466109503	-Inf	-2991.15916434973	-5.21580816046969	0.00137363623695811	0.0295122079535744
"hsa-miR-106b-5p"	-665.242697915316	-1.81136707325885e+200	-484.849327986897	-5.18775349940262	0.00141542742914875	0.0295122079535744
"hsa-miR-191-5p"	-740.259238303778	-6.9220590021684e+222	-666.907014443358	-5.18233224040113	0.00142366583348403	0.0295122079535744
"hsa-miR-100-5p"	-1341.08786075302	-Inf	-1117.88639057412	-4.95096730450132	0.0018305848554617	0.0353557889455935
"hsa-miR-550a-3p"	-35.98384315971	-67954175949.406	-31.9273695842077	-4.92479711065022	0.00188426074547763	0.0353557889455935
"hsa-miR-125a-3p"	20.3116285901365	1301395.99662761	17.4177764973853	4.92224204246234	0.00188959452834715	0.0353557889455935
"hsa-miR-93-5p"	-165.395228409306	-6.15070490082525e+49	-110.577710883377	-4.92207472759821	0.00188994438952977	0.0353557889455935
"hsa-miR-138-1-3p"	-293.763349176436	-2.70134298180834e+88	-350.671441832494	-4.7797095908163	0.00221554717036346	0.0387439052431569
"ebv-miR-BART13-3p"	-57.9702092741187	-282339633370076832	-44.0653559774639	-4.77466704876379	0.00222817302265327	0.0387439052431569
"hsa-miR-128-3p"	-1433.64295012351	-Inf	-1414.6945098992	-4.76759722995754	0.0022460098383623	0.0387439052431569
"hsa-miR-187-5p"	-319.160004593091	-1.19325922012106e+96	-251.199297810396	-4.73570156822991	0.00232847926835974	0.0387439052431569
"hsa-miR-219a-5p"	-4127.10908005178	-Inf	-2928.91814082748	-4.71834941665152	0.00237475478453806	0.0387439052431569
"hsa-miR-361-5p"	-233.104255930411	-1.48379243313155e+70	-227.03558205591	-4.68432300500861	0.00246849422057073	0.0387439052431569
"hsa-miR-320a-3p"	-401.464966099013	-7.12848112537805e+120	-313.283041354323	-4.66963799797702	0.0025102136888809	0.0387439052431569
"hsa-miR-140-3p"	-472.062620345196	-1.27352816939368e+142	-345.841083338716	-4.66154212126586	0.00253354813993235	0.0387439052431569
"hsa-miR-129-5p"	-299.602659221782	-1.54663276535145e+90	-259.026422943243	-4.65851253397771	0.00254234205488988	0.0387439052431569
"hsa-miR-937-3p"	-147.932096188873	-3.40406837067501e+44	-115.149256974701	-4.64695858216349	0.00257619187405607	0.0387439052431569
"hsa-miR-532-5p"	30.702600538162	1747445770.34715	27.7086893096461	4.62262421094939	0.00264913341273914	0.0390747178379023
"hsa-let-7d"	-185.243209109739	-5.80446818459653e+55	-160.319383531239	-4.5775303458612	0.00279043775572928	0.039889397278834
"hcmv-miR-US25-1-3p"	-41.9656548072114	-4294581853167.52	-23.0683426928351	-4.57198632098016	0.00280837999094789	0.039889397278834
"hsa-miR-181a-5p"	-1066.47949705102	-Inf	-731.068353261482	-4.49396338094832	0.00307493747422046	0.0419893419827935
"hsa-miR-181a-2-3p"	-50.3384813187003	-1423615844986854	-40.3553113964281	-4.4939352685266	0.00307503843365287	0.0419893419827935
"hsa-miR-602"	-98.3798070566383	-4.12356544550195e+29	-61.263673295442	-4.47573855407644	0.00314116482647611	0.0419893419827935
"hsa-miR-330-3p"	-75.8291679847727	-6.71203341119579e+22	-47.9519215245847	-4.46653616082338	0.00317520447849025	0.0419893419827935
"hsa-miR-27b-3p"	-823.277054094933	-6.77778868481904e+247	-607.2799333169	-4.34877282338995	0.0036488338111101	0.0470503318158484
"hsa-miR-101-3p"	-1159.53029076971	-Inf	-927.279063351558	-4.34148819411957	0.00368059962053573	0.0470503318158484
"hsa-miR-183-3p"	-52.8163787977327	-7930750375883107	-39.7563652155853	-4.30389985726995	0.00384944184679326	0.048265554781818
"hsa-miR-125b-2-3p"	-49.1815161247415	-638427499968465	-27.9714037417039	-4.28303075236704	0.00394686417020746	0.048265554781818
"hsa-miR-223-3p"	-97.4281352024057	-2.13201922993736e+29	-71.0383969239175	-4.27932515524375	0.00396444582953655	0.048265554781818
"hsa-miR-122-5p"	23.5491613476325	12274503.6215309	18.336892776898	4.22490985220909	0.00423283339787477	0.0497656098419782
"hsa-miR-30b-5p"	-1172.76831263962	-Inf	-1268.01221335964	-4.21856061501124	0.00426543337412671	0.0497656098419782
"hsa-miR-374b-5p"	-187.840260927977	-3.51198726703037e+56	-151.195043796741	-4.21529506058596	0.00428230801769304	0.0497656098419782
"hsa-miR-148b-3p"	-289.376479301742	-1.29122019368744e+87	-179.760197591467	-4.1988024316563	0.00436866552525167	0.0500114396696722
"hsa-miR-525-5p"	-122.461276365479	-7.32010807873372e+36	-95.3349870746472	-4.13797896213072	0.00470413720990753	0.0530599005882217
"hsa-miR-34b-5p&hsa-miR-34b-3p"	-517.132077928011	-4.70183274677784e+155	-485.110604259882	-4.09917074310234	0.00493296166329835	0.0548345158804324
"hsa-miR-502-5p"	32.213198039417	4978962623.95531	33.7067780843769	4.01262830426516	0.00548862611174428	0.0601396603958266
"hsa-miR-489-3p"	43.0184325098039	8909196789615.85	36.9248672852382	3.95675933441048	0.0058837063019345	0.0611539034924225
"hsa-miR-185-3p"	-1422.41759191205	-Inf	-475.557035211821	-3.95602714001868	0.005889087010644	0.0611539034924225
"hsa-miR-106a-5p"	-167.535151488518	-2.71085273903955e+50	-140.34048435063	-3.94015053315206	0.00600709792304687	0.0611539034924225
"hsa-miR-193b-3p"	-132.077001346892	-5.74300431736081e+39	-110.105359381063	-3.928586864501	0.0060946829968036	0.0611539034924225
"hsa-miR-519e-3p"	-73.4123432299328	-1.25694815315006e+22	-68.7427037026582	-3.9244610732755	0.00612627057017395	0.0611539034924225
"hsa-miR-513a-5p"	-150.183171920497	-1.62046476408601e+45	-100.864700485866	-3.92376989054243	0.00613157988542933	0.0611539034924225
"hsa-miR-10a-5p"	17.4180709734807	175130.516948528	15.0657324507302	3.92276476723059	0.0061393097378312	0.0611539034924225
"hsa-miR-508-5p"	-31.1118453943131	-2320591430.52107	-23.5893474059211	-3.9080432256452	0.0062537577253349	0.0614952842991265
"hsa-miR-425-3p&hsa-miR-425-5p"	-105.58301643498	-6.07652067093168e+31	-96.2702710165614	-3.88363184028956	0.00644872424934253	0.062609765813237
"hsa-miR-302d-3p"	43.1283782533486	9614695146471.24	39.966240882021	3.86612522182891	0.00659264243150263	0.0632069593120314
"hsa-miR-629-3p"	-17.907012480809	-245780.76375907	-13.1420200292674	-3.85525851193448	0.00668374241262353	0.0632892645738549
"hsa-miR-138-5p"	-1256.67625069166	-Inf	-900.390101355483	-3.82934284537022	0.00690661553350001	0.0646021233438354
"hsa-miR-96-5p"	16.3412571266727	83024.9383882786	14.3285873592812	3.81100355094435	0.00706924226542195	0.0653266122599835
"hsa-miR-382-5p"	-85.809313046084	-6.77917951286525e+25	-87.8182732242547	-3.76720040405699	0.00747487652767124	0.0682527416276648
"hsa-miR-147a"	-49.0429216953034	-579949936591342	-41.6444086625326	-3.7535627238216	0.00760630682068531	0.0686357333113604
"hsa-miR-142-5p"	-68.9592757696672	-5.7386598836148e+20	-47.9689261969792	-3.71625535330282	0.00797892019924279	0.0704213100614182
"hsa-miR-29b-3p"	-2055.86730246106	-Inf	-2008.37640388156	-3.71538818045543	0.00798781483095618	0.0704213100614182
"hsa-miR-605-5p"	-63.3501756944579	-11757178576221906944	-43.4960562336313	-3.65979617790427	0.00858123481165437	0.0719726992850988
"hsa-miR-196a-3p"	-155.360875608755	-5.86521195144882e+46	-108.24588947309	-3.65460115638587	0.0086390975879916	0.0719726992850988
"hsa-miR-18a-5p"	-65.6711838339228	-58748419152791756800	-41.5903553233299	-3.63865871131118	0.00881933620361861	0.0719726992850988
"hsa-miR-339-5p"	-75.7219862670859	-6.23145119057284e+22	-49.2706201828048	-3.63725521279052	0.0088353986287274	0.0719726992850988
"hsa-miR-202-3p"	-25.7174088776868	-55171079.6669026	-25.3183630623881	-3.63633178486184	0.008845984230458	0.0719726992850988
"hcmv-miR-UL148D"	-70.5186415694605	-1.69132226427778e+21	-32.6073367117078	-3.63004720226081	0.00891839462210594	0.0719726992850988
"hsa-miR-452-3p"	52.5461464741709	6576067241238585	53.0977739629497	3.627198666939	0.00895142751950711	0.0719726992850988
"hsa-miR-519d-3p"	-1431.29661854726	-Inf	-1849.42364630193	-3.62426689945312	0.00898556476193854	0.0719726992850988
"hsa-miR-637"	-496.177372841691	-2.31351540190244e+149	-233.978352005177	-3.62231962308878	0.00900831699005148	0.0719726992850988
"hiv1-miR-N367"	21.9642227002759	4091568.85617677	20.7524550775365	3.58854780886879	0.00941304964186439	0.0744310213949483
"hsa-miR-338-3p"	-1100.32327134494	-Inf	-825.140055140685	-3.57752148025537	0.00954944287487232	0.0747390069900721
"hsa-miR-938"	-47.6725226683543	-224315504218028	-51.139888424774	-3.55906987975412	0.00978251551425321	0.07548497618808
"hsa-miR-556-3p"	31.8954921309369	3994844305.7638	32.6877391713697	3.54868070914824	0.00991646181877907	0.07548497618808
"hsa-miR-19b-3p"	-219.1133540519	-9.11364316337886e+65	-127.073007089027	-3.54006111725391	0.0100291058633322	0.07548497618808
"hsa-miR-675-5p"	-112.690072680016	-8.37706895365709e+33	-93.5597656101232	-3.53935316205405	0.0100384192583887	0.07548497618808
"hsa-miR-19a-3p"	-202.219939016296	-7.48630238829205e+60	-123.429256220182	-3.5278845029145	0.010190609240859	0.0758854105605717
"hsa-miR-208a-3p"	-73.9969108020763	-1.88490617803578e+22	-62.8536964875529	-3.48684121661644	0.0107561182427907	0.078768007166289
"hsa-miR-7-5p"	-773.65109028832	-7.80161213144362e+232	-882.677233627559	-3.48494155438961	0.0107831039797397	0.078768007166289
"hsa-miR-433-3p"	-44.8861149441855	-32513744379552.3	-29.0790125908517	-3.47387306588521	0.0109418050229015	0.0791732495525039
"hsa-miR-551b-3p"	-778.628677945891	-2.45803207603221e+234	-1334.41062730293	-3.46645552314737	0.0110495744929219	0.0792058283744961
"hsa-miR-587"	17.6502227325347	205705.769486713	15.5874720050101	3.43957342817052	0.0114498871870426	0.0813154025227932
"hsa-miR-648"	-48.3027239272023	-347191252333606	-32.2333560783818	-3.42179781015706	0.0117232030254287	0.0816044010184183
"ebv-miR-BART6-3p"	-101.117001655407	-2.74948003137048e+30	-60.2388178533165	-3.4067507636813	0.011960086246813	0.0816044010184183
"hsa-miR-18b-5p"	-37.5493171007388	-201127179818.541	-23.2467347030325	-3.39331954030467	0.0121759092197117	0.0816044010184183
"hsa-miR-557"	-110.897264817201	-2.4177041005013e+33	-82.5317973078174	-3.3888553594085	0.0122485726243615	0.0816044010184183
"hsa-miR-219a-2-3p"	-455.048563743848	-9.62204028194442e+136	-286.45071262809	-3.38683300158416	0.0122816447003904	0.0816044010184183
"hsa-let-7d-3p"	-35.4901336344948	-48260828597.6497	-26.5062027040236	-3.38378099667724	0.0123317377409619	0.0816044010184183
"hsa-miR-514a-3p"	-84.5540855389475	-2.8399847183466e+25	-59.9533780508023	-3.38079207395365	0.0123810095283422	0.0816044010184183
"hsa-miR-150-3p"	25.0783962683201	35428235.2582723	20.7753910674112	3.37967113636984	0.0123995427895425	0.0816044010184183
"hsa-miR-378a-5p&hsa-miR-378a-3p"	-62.0842443728049	-4888997490550513664	-62.8188560864894	-3.37674109874035	0.0124481289689113	0.0816044010184183
"hsa-miR-135b-5p"	40.6716615118764	1751419128214.03	44.6013967546855	3.35327819801749	0.0128446939006805	0.0834905103544232
"hsa-miR-134-5p"	-20.1845192291132	-1191641.8196934	-14.2436992028986	-3.33806355358158	0.0131091283784671	0.0844932896326411
"hsa-miR-338-5p"	-233.616480641853	-2.11625576718963e+70	-146.471393275463	-3.31580903529528	0.0135065565749863	0.0863170796536479
"hsa-miR-29c-3p"	-1642.13734942816	-Inf	-1614.98424079456	-3.30151025378929	0.0137687545180377	0.0863170796536479
"hsa-let-7b-3p"	-70.305740349084	-1.45927355565231e+21	-45.5385110462074	-3.28483893394905	0.0140814053386041	0.0863170796536479
"hsa-miR-374a-5p"	-166.28608592531	-1.14051164802378e+50	-183.102444476776	-3.28215072546333	0.0141325318182917	0.0863170796536479
"hsa-miR-603"	33.2671415579312	10337308539.6164	32.7778480821432	3.27972747817217	0.0141787904718142	0.0863170796536479
"hsa-miR-618"	29.264672257782	644976903.435914	30.3861736401038	3.27932861915413	0.0141864201245176	0.0863170796536479
"hsa-miR-218-2-3p"	-69.0382994056937	-6.0617632543856e+20	-73.1556577459383	-3.27398849601546	0.0142889967932742	0.0863170796536479
"hiv1-miR-H1"	-15.6965029567676	-53102.8973161584	-9.89453569726721	-3.26754519248142	0.0144138286998191	0.0863170796536479
"hsa-miR-330-5p"	-30.1962715419741	-1230222006.0185	-21.7860245132929	-3.2560668237787	0.0146391282207378	0.0863170796536479
"hsa-miR-151a-3p"	-208.859494133836	-7.46401689007083e+62	-132.905673927828	-3.25318259844112	0.0146963343270922	0.0863170796536479
"hsa-miR-629-3p&hsa-miR-629-5p"	14.7876400964729	28282.8541614744	15.0512176991843	3.25139349950409	0.0147319404290055	0.0863170796536479
"hsa-miR-518c-3p"	33.0735194765912	9039021608.93884	35.9303985377126	3.24156192853112	0.0149292693081041	0.0863170796536479
"hsa-miR-760"	14.2274300303447	19181.5280108188	15.8513986445605	3.23752098131582	0.0150111978823444	0.0863170796536479
"hsa-miR-873-5p"	-71.6455268897664	-3.69362370666359e+21	-68.5066516404645	-3.23658657827865	0.0150302112909324	0.0863170796536479
"ebv-miR-BART19-3p"	-47.193837044963	-160975788484657	-28.2154677257872	-3.23413754222001	0.0150801677621758	0.0863170796536479
"hsa-miR-181b-5p"	-200.373007514394	-2.08106470317594e+60	-153.181456949442	-3.20895273481364	0.0156043824805055	0.0873040219799156
"hsa-miR-517a-3p"	20.60111151436	1590568.9853115	21.1341782878264	3.2033460285644	0.0157237295852114	0.0873040219799156
"hsa-miR-874-3p"	-65.120576185596	-40109455542942679040	-50.0737278431573	-3.20078845151361	0.0157784968033467	0.0873040219799156
"hsa-miR-410-3p"	-175.532572049415	-6.92738624474822e+52	-174.65730837245	-3.19943486947546	0.0158075649141636	0.0873040219799156
"hsa-miR-595"	23.814330364408	14751214.0968347	26.3426239446474	3.19877670438507	0.0158217197590721	0.0873040219799156
"hsa-miR-205-5p"	19.9345760182178	1002086.7790203	20.7969224516642	3.19286595147717	0.0159494513557451	0.0873802084989751
"hsa-miR-181a-3p"	-72.8773082948435	-8.67472667813809e+21	-55.9653296233752	-3.18326301579388	0.0161593381137625	0.087604516533477
"hsa-miR-455-5p"	44.4570949617238	24150109461993.5	33.2467793581434	3.17937695958208	0.0162451148650374	0.087604516533477
"hsa-miR-25-5p"	-73.9483289232889	-1.82248992074169e+22	-78.5683080125893	-3.17002459916108	0.0164535589051564	0.087604516533477
"hsa-miR-613"	20.3176102829664	1306803.03784945	21.4860832347178	3.16741132515698	0.01651231487148	0.087604516533477
"ebv-miR-BART2-5p"	27.5803002764095	200677033.572089	31.8651451113588	3.16238491846318	0.0166259607284285	0.087604516533477
"hsa-miR-522-3p"	35.6910938562179	55474044272.3265	33.8078866067492	3.15290127061371	0.0168426749882537	0.087604516533477
"ebv-miR-BART17-3p"	28.2580644261172	321014767.607673	30.6055104216811	3.13766128726561	0.017197298788549	0.087604516533477
"hsa-miR-519c-3p"	47.7345519020202	234170375359631	54.2883662848475	3.13479615741834	0.0172648576425529	0.087604516533477
"sv40-miR-S1-3p"	27.7035950924986	218581353.348143	31.0016401935499	3.13102427618622	0.0173542313638045	0.087604516533477
"hsa-miR-505-3p"	-37.6285195067913	-212477556821.865	-25.0908056723033	-3.13074833142324	0.0173607892320726	0.087604516533477
"hsa-miR-17-5p"	-135.863519962876	-7.92491887767589e+40	-127.5754459599	-3.12975396808165	0.0173844424542914	0.087604516533477
"hsa-miR-589-3p&hsa-miR-589-5p"	-86.6825862836631	-1.2418197800092e+26	-74.0834632419277	-3.12685997242809	0.0174534794768042	0.087604516533477
"hsa-miR-429"	28.7766175469008	459859386.265754	29.8999438189118	3.12595130698042	0.0174752164662607	0.087604516533477
"ebv-miR-BART5-5p"	-36.2143785418624	-79728614189.9686	-35.3897806219032	-3.11614665457729	0.017711615323804	0.0882130451516734
"hsa-miR-631"	-20.5267759120754	-1510689.68483826	-14.0028752131288	-3.1080255028144	0.0179100164885211	0.0885130377592097
"hsa-miR-875-5p"	30.1802460000184	1216632244.7891	28.4713162105099	3.09942261641231	0.0181227839799778	0.0885130377592097
"hsa-miR-891b"	32.1629805517533	4808635917.70925	35.8613628612121	3.09427507933103	0.0182513855457825	0.0885130377592097
"hsa-miR-373-3p"	21.459147769994	2883016.7138663	18.9543625753288	3.08549939634301	0.0184728857956423	0.0885130377592097
"hsa-miR-222-3p"	-704.031180840213	-8.60009632638533e+211	-781.838682352528	-3.07275373459068	0.018799723691956	0.0885130377592097
"hsa-miR-340-3p&hsa-miR-340-5p"	-424.250133240258	-5.1524735349718e+127	-345.95006772859	-3.06970659482691	0.0188787738001537	0.0885130377592097
"hsa-miR-10b-5p"	42.6665470165512	6980884673673.78	32.2952234980691	3.06189015798141	0.0190831797452371	0.0885130377592097
"hsa-miR-188-3p"	29.9712879104942	1052583771.1651	34.5252280118899	3.06024807692986	0.0191264212813044	0.0885130377592097
"hsa-miR-376a-3p"	-97.022994198848	-1.61002093430879e+29	-95.4221973145404	-3.06001328900092	0.019132612588703	0.0885130377592097
"hsa-miR-200c-3p"	-39.8425377907158	-985823072692.297	-35.707496785974	-3.05913106563611	0.019155895774293	0.0885130377592097
"hsa-miR-431-3p"	19.9471898374554	1010886.67115311	18.0682987835126	3.05668917388951	0.0192204989034417	0.0885130377592097
"hsa-miR-105-5p"	-79.2479589511611	-7.17815347115057e+23	-76.6497890023477	-3.05260355614461	0.0193291097405057	0.0885130377592097
"hsa-miR-376c-3p"	-221.26752639412	-4.05660303274888e+66	-223.318709724338	-3.05196359133986	0.0193461816686537	0.0885130377592097
"hsa-miR-554"	-23.3753075332112	-10880997.872045	-18.3101046012523	-3.05041828942973	0.0193874711128386	0.0885130377592097
"hsa-miR-15b-5p"	-115.570064738658	-6.16674637454035e+34	-102.657935335895	-3.0333756886184	0.0198491305323927	0.0895815329356159
"hsa-miR-621"	-46.7631610224245	-119430200063978	-27.85493116225	-3.03088833218876	0.0199174847350909	0.0895815329356159
"hsa-miR-345-5p"	-37.1288360876193	-150277294075.693	-27.6867081357942	-3.02891494989199	0.0199718932620474	0.0895815329356159
"ebv-miR-BART1-5p"	23.7891190520054	14495673.7224493	13.8980171394762	3.02020852827218	0.0202138398018543	0.0901396228373385
"hsa-miR-202-5p"	42.2011546576538	5056073790602.55	41.3480079293347	3.01098262664743	0.0204736374424867	0.0907704041525275
"hsa-let-7a-5p"	-1719.80388897237	-Inf	-2138.26192623312	-3.00028835458702	0.0207792456591432	0.0915958702331195
"hsa-miR-99a-5p"	-286.892998109306	-2.30886200441742e+86	-296.286152437816	-2.97847780311073	0.0214176891132447	0.0938706717134782
"hsa-miR-26b-3p"	17.4033301242074	173350.217872515	18.5168130675461	2.96921145457487	0.0216952287964152	0.0943216328812141
"hsa-miR-186-3p"	-37.1308194897702	-150484035818.662	-29.9019708489066	-2.9641588612581	0.0218481710475199	0.0943216328812141
"hsa-miR-22-3p"	-707.47623165205	-9.36627590107883e+212	-804.41424073163	-2.96271537328228	0.0218920758799639	0.0943216328812141
"hsa-miR-185-5p"	-645.473765908383	-2.02751909296274e+194	-644.500506188645	-2.95877251147535	0.0220124801639339	0.0943216328812141
"hsa-miR-609"	22.5044998720641	5950171.71180853	27.6186423279491	2.93012904086244	0.0229085945162039	0.0958871615312552
"hsa-miR-708-3p"	59.5131667469234	822712939312027008	46.0353985626286	2.92587385193996	0.0230449919321278	0.0958871615312552
"hsa-miR-888-5p"	-60.3840340716904	-1504546153723457536	-57.5949458157621	-2.92316036978865	0.023132421089756	0.0958871615312552
"hsa-miR-590-3p"	39.9928750988026	1094094960359.32	35.7864337013732	2.91968855787379	0.0232447978092867	0.0958871615312552
"kshv-miR-K12-11-3p"	11.3226072087343	2561.20534184206	9.03542184049561	2.91665536972712	0.0233434514678383	0.0958871615312552
"hsa-miR-769-5p"	-138.035868751597	-3.57220991668459e+41	-154.089744587433	-2.91600774303417	0.0233645728877713	0.0958871615312552
"hsa-miR-29c-5p"	-152.897282242093	-1.06333035125115e+46	-126.535090252839	-2.91527172097417	0.0233886018290729	0.0958871615312552
"hsa-miR-195-5p"	-773.840205793361	-8.89434138396545e+232	-746.139479024419	-2.90898542350914	0.0235949027481091	0.0958871615312552
"hsa-miR-548a-5p"	-14.4342743797495	-22138.5694366746	-11.8964169362101	-2.90843816410377	0.023612953621905	0.0958871615312552
"hsa-miR-127-5p"	-84.9509093774436	-3.73914133736608e+25	-78.8468688980761	-2.90798243054056	0.0236279967788882	0.0958871615312552
"hsa-miR-21-5p"	-254.154106668841	-3.22114020461992e+76	-184.156871284642	-2.90243116581989	0.0238120551829125	0.0961255069752311
"hsa-miR-154-5p"	-199.14443962947	-8.88075314211193e+59	-196.806794320619	-2.8869278280506	0.0243341863603015	0.0973276902753901
"hsa-miR-223-5p"	20.2182844164031	1219860.22318874	23.451217371118	2.88606363731216	0.0243636460663297	0.0973276902753901
"hsa-miR-148a-5p"	14.35237357387	20916.7860749266	13.5495196068962	2.8762682874516	0.0247002183440823	0.0976712783226483
"hsa-miR-192-5p"	-30.1496746533593	-1191122504.76606	-29.6643366289368	-2.87614924188297	0.0247043389760023	0.0976712783226483
"hsa-miR-342-3p"	-469.246449157472	-1.8082420118193e+141	-478.927419921674	-2.86781164561391	0.0249947552200621	0.0980624086211462
"ebv-miR-BART11-5p"	48.763150574079	477717340499159	58.7657284858437	2.86598187162367	0.0250589727376071	0.0980624086211462
"hsa-miR-635"	-122.221331912672	-6.19850585428887e+36	-163.475727785317	-2.86215990334354	0.0251936723641937	0.0980890695600843
"hsa-miR-34c-3p"	-21.7424360515599	-3508531.90633588	-16.7788306732216	-2.85069943293029	0.0256021951216354	0.0991761800923957
"hsa-miR-508-3p"	26.089106472745	71384448.4606292	26.2361198586434	2.83315599728234	0.0262411864552268	0.100908418181115
"hsa-miR-25-3p"	-35.6239119917023	-52950013161.7947	-19.3636596980248	-2.82854800655015	0.0264118069356322	0.100908418181115
"hsa-miR-221-3p"	-262.684014694111	-1.19060528046982e+79	-270.922490982335	-2.82669032042756	0.0264809229810599	0.100908418181115
"hsa-miR-302c-3p"	28.086833488335	285088279.612605	36.4016714805287	2.82415338075434	0.026575619912106	0.100908418181115
"hsa-miR-19b-1-5p"	21.2471935621157	2489101.38162873	26.31584600085	2.81748349235769	0.026826299642426	0.101358481900201
"kshv-miR-K12-6-3p"	-508.323396376347	-1.04855159949756e+153	-170.859046963068	-2.80108319706599	0.0274533662644691	0.103219274141411
"hsa-miR-200b-3p"	20.2859324371413	1278421.75834843	18.123065834437	2.78934861460082	0.0279115247263648	0.104232890504169
"hsa-miR-645"	14.2708033528801	19766.9594538197	11.6093720892705	2.78723875941517	0.0279947528603113	0.104232890504169
"hsa-miR-941"	22.1388160474167	4617933.75667624	23.3065542720561	2.78001436530554	0.0282817241117077	0.104792668568502
"hsa-miR-130b-3p"	-42.5215361400392	-6313320539550.59	-35.1220585273483	-2.75416442140271	0.0293342103127379	0.10804165949714
"hsa-miR-1296-5p"	-38.0786558078488	-290280319704.884	-32.1130477546057	-2.74975681057778	0.0295177462131269	0.10804165949714
"hsa-miR-16-5p"	-743.950963216757	-8.94448276065025e+223	-972.244186586796	-2.74599401917476	0.0296753879208627	0.10804165949714
"hsa-miR-210-3p"	-16.8126060651483	-115106.203736349	-13.9334949071724	-2.74169895381737	0.029856412754181	0.10804165949714
"hsa-miR-934"	-146.949677170094	-1.72290242128069e+44	-166.192961407008	-2.74154592889504	0.0298628837202005	0.10804165949714
"hsa-miR-507"	15.0217796789205	33266.4357237798	16.3785924819308	2.73572681463026	0.0301100548757466	0.108424469904684
"hsa-miR-570-3p"	18.5988624169253	397022.822695174	18.3062640790534	2.72722059821118	0.0304752416084064	0.109226683708634
"hsa-miR-588"	27.1899110779165	153101277.273547	34.9988284511349	2.71404173497111	0.0310502572885913	0.110769987629533
"hsa-miR-486-3p"	-17.8708722011997	-239700.302018889	-11.6390351976069	-2.70377074535963	0.0315062973062884	0.11187652793483
"kshv-miR-K12-10a-3p"	136.062928895627	9.09961243422818e+40	157.047392436045	2.68684094833545	0.0322734070236325	0.114072364917632
"hsa-miR-20a-5p"	-203.825718147672	-2.27853156953416e+61	-224.189842509968	-2.65205583292978	0.033911680154104	0.119313113202742
"kshv-miR-K12-3-5p"	-53.8079569963843	-15769178212790088	-36.3541378769266	-2.64604292367629	0.034203588770527	0.119790651082165
"hsa-miR-520e-3p"	23.8671985628761	15301805.5885296	31.8156135847839	2.63911377727798	0.0345432419175258	0.120430302503374
"hsa-miR-517c-3p"	93.1066813974678	1.06636012616434e+28	108.458509209651	2.63092549549194	0.0349491686334278	0.121294173492485
"hsa-miR-432-5p"	-85.9158639085531	-7.29881136901485e+25	-86.3459260349703	-2.62619678577394	0.0351858592680556	0.121565558822516
"hsa-miR-659-3p"	-95.1364918314414	-4.3544942709795e+28	-80.1579277891192	-2.62145440088738	0.035424917731999	0.121842654262077
"hsa-miR-665"	-2608.03718451641	-Inf	-2160.74384496326	-2.61116101852137	0.0359496537970963	0.123095466349879
"hsa-miR-488-5p"	13.7720444159283	13989.380113861	9.52286967915653	2.59531524833129	0.0367733597238983	0.125356297369911
"hsa-miR-519b-3p"	25.4182012407292	44837460.7265837	31.8708547005545	2.58395181038558	0.0373761699903666	0.126847444170846
"hsa-miR-342-5p"	-41.5591931857139	-3240139767837.01	-41.2866579323733	-2.5777687317019	0.0377084909777972	0.127179355256841
"hsa-miR-142-3p"	-70.6032540271277	-1.79348295536719e+21	-67.7202945787535	-2.57597271794175	0.0378055971298042	0.127179355256841
"hsa-miR-450a-5p"	69.3050637330398	7.29294662419303e+20	88.5259729429165	2.5721996849558	0.0380104455735462	0.127310094999607
"hsa-miR-192-3p"	108.551750033185	4.75699660868935e+32	135.091306571373	2.56712402997087	0.0382878426145416	0.12768163167545
"hsa-let-7a-3p"	81.9491976146596	4.66838432978503e+24	51.5848676804405	2.55904024435435	0.0387340019573581	0.128164761805232
"hsa-miR-616-5p"	26.0876640900924	71313115.1340048	29.1821177268546	2.55801231235566	0.0387911220986461	0.128164761805232
"hsa-miR-15b-3p"	16.7085002930426	107092.676010412	17.8449798717115	2.55544770112177	0.0389340149942883	0.128164761805232
"hsa-miR-361-3p"	23.6889606498455	13523456.9144644	17.5869256213453	2.54406974840375	0.0395745980048116	0.12971673790466
"ebv-miR-BART19-5p"	-27.2214708207187	-156487352.514654	-22.4875457215367	-2.53945550720265	0.0398374966106433	0.130022808086653
"kshv-miR-K12-5-3p"	-31.5608081789998	-3167743068.41202	-30.8354517112842	-2.53090416470545	0.0403295241139469	0.130029306008357
"ebv-miR-BART3-5p"	115.768933647406	7.07817985716543e+34	145.956304698383	2.52963567614407	0.0404030465257933	0.130029306008357
"hsa-miR-130a-5p"	19.0005479466182	524487.166415121	25.0454324591615	2.5291495094732	0.0404312619570079	0.130029306008357
"hsa-miR-617"	-99.6612698279991	-1.00237822598383e+30	-134.272764621347	-2.5204264729429	0.0409410095916752	0.130029306008357
"hsa-miR-497-5p"	-77.636977207891	-2.34995157129303e+23	-80.5520907877985	-2.51983137769177	0.0409760274108934	0.130029306008357
"hsa-miR-92b-3p"	-52.5344543172942	-6522987636076565	-49.7339858493907	-2.51952389008522	0.0409941334123765	0.130029306008357
"hsa-miR-590-5p"	-25.6591493867535	-52987524.2869126	-16.3713229686399	-2.5150416236047	0.041259010696403	0.130029306008357
"hsa-miR-532-3p"	-29.1335595744506	-588945777.441861	-21.1790368773649	-2.51294962670774	0.0413832436037794	0.130029306008357
"kshv-miR-K12-10b"	175.884937475493	8.84386217100383e+52	191.712585646044	2.50972274962521	0.0415756328640939	0.130029306008357
"hsa-miR-515-3p"	13.2410185719088	9681.52482259406	14.1028057330864	2.50912260817127	0.041611516049652	0.130029306008357
"hsa-miR-668-3p"	-83.743563636227	-1.61928986733432e+25	-73.4275848417433	-2.50757305148974	0.0417043145737364	0.130029306008357
"hsa-miR-502-3p"	-18.2335104760013	-308200.670730948	-17.8315948773278	-2.49921964492713	0.0422082869462613	0.131067838412075
"hsa-miR-371a-5p"	-3480.44162970992	-Inf	-3227.11831305007	-2.48563208714591	0.0430415713057906	0.132563203362675
"hsa-miR-363-5p"	90.1755345084127	1.39810813296914e+27	92.5655803309484	2.48296747919157	0.0432069728080807	0.132563203362675
"hsa-miR-149-5p"	-220.859158589013	-3.05655033706525e+66	-218.576184955105	-2.48131652030864	0.0433097837116293	0.132563203362675
"hsa-miR-21-3p"	-39.6706780058529	-875112783703.079	-27.0796197940417	-2.48017243086314	0.0433811786753994	0.132563203362675
"hsa-miR-191-3p"	13.4684443902877	11334.5884643924	11.0982249611882	2.45873618114939	0.0447416291809746	0.136070777120451
"hsa-miR-298"	-245.547607916385	-8.26409586376791e+73	-216.224075514571	-2.45653440401992	0.0448838417359506	0.136070777120451
"hsa-miR-367-3p"	14.9720779392161	32139.902660941	15.4205222492742	2.44779646604788	0.0454528459584282	0.136695462475829
"hsa-miR-140-5p"	-68.2203768024976	-3.43858475226273e+20	-55.1842360534454	-2.44759232911098	0.0454662278538706	0.136695462475829
"hsa-miR-520a-3p"	14.5892743904978	24649.5619910936	20.4193537197686	2.44518170103513	0.0456245611392596	0.136695462475829
"hsa-let-7g"	-59.0247053772624	-586417340190994304	-61.3050313159258	-2.44012584505458	0.0459584887820147	0.137160159127647
"hcmv-miR-US25-1-5p"	15.3234352402255	41002.8121867595	14.9857759364992	2.43232401962082	0.0464787402502984	0.138175169658833
"hsa-miR-18a-3p"	-18.4937874381289	-369134.597953466	-17.6566367490082	-2.42720156549603	0.0468236239229528	0.138663009841331
"hsa-miR-632"	15.5326288078743	47400.9649401092	17.283421385574	2.42205967514337	0.0471724714395857	0.139158790746778
"hsa-miR-33b-5p"	12.7034886360159	6670.08132393738	11.7859386431545	2.41055517902109	0.0479627223139325	0.1409479234283
"hsa-miR-516a-5p"	-98.9680478528243	-6.19941937132653e+29	-103.93679294427	-2.39494255837882	0.0490570297017829	0.14330803436128
"hsa-miR-579-3p"	-47.3429537738246	-178504500141349	-45.5428793529355	-2.39196997357624	0.0492682771144084	0.14330803436128
"hsa-miR-625-5p"	-136.649932594232	-1.36687442070957e+41	-132.895761267502	-2.39115489967199	0.0493263638479502	0.14330803436128
"hsa-miR-15a-3p"	76.67179920699	1.20368093777605e+23	93.8364202389417	2.38062443787813	0.0500831880095139	0.144943030749403
"hsa-miR-509-3-5p"	-39.3256180242351	-688954630372.465	-26.0222946435798	-2.37491295444218	0.0504986548919238	0.144943030749403
"hsa-miR-517b-3p"	13.6854244809585	13174.1702690136	16.2634404942181	2.37364073484903	0.0505916804418866	0.144943030749403
"hsa-miR-107"	-443.409757165508	-3.01743050730581e+133	-452.270359319961	-2.37291231152249	0.050645022478279	0.144943030749403
"ebv-miR-BART13-5p"	28.8757433336679	492566521.408171	34.6646668666484	2.37029531770645	0.050837140552378	0.144951995552691
"hsa-miR-654-5p"	-19.8643417278796	-954470.926574276	-19.1115733248321	-2.33656601070435	0.0533812792297977	0.151230529035036
"hsa-miR-651-5p"	11.9788287100036	4036.33082541201	14.6487746116474	2.33589142734186	0.0534334724491457	0.151230529035036
"hsa-miR-498-5p"	-112.040130935372	-5.33875670249978e+33	-102.34193131342	-2.32192936462455	0.0545255429519869	0.153608361073152
"hsa-miR-30d-5p"	-447.062957240692	-3.7962961080026e+134	-280.552340897732	-2.31707443764685	0.0549106102245277	0.153608361073152
"hsa-miR-127-3p"	-116.505246496139	-1.17916301142949e+35	-107.074102761646	-2.31281964955304	0.0552503638760079	0.153608361073152
"hsa-miR-548d-5p"	-28.8480554659827	-483203433.775366	-34.9491655610109	-2.31266283324524	0.0552629269704637	0.153608361073152
"hsa-miR-510-5p"	-102.897770615757	-9.44746827679255e+30	-105.821279018866	-2.31251245056959	0.0552749773874706	0.153608361073152
"hsa-miR-296-5p"	75.6312313362077	5.85152737611759e+22	69.3080411838395	2.30816618388598	0.0556244140424129	0.154021391951374
"hsa-miR-331-3p"	-259.745961533748	-1.55355157016306e+78	-296.908316705581	-2.29554005183338	0.0566524026228057	0.156283964699498
"hsa-miR-424-5p"	-151.990337787674	-5.67088349683194e+45	-213.661191179127	-2.29315135382943	0.056849056259661	0.156283964699498
"hsa-miR-328-3p"	14.8245258442756	29015.2923413208	16.3153791929058	2.28994393538925	0.0571142087454333	0.156452136099098
"hsa-miR-643"	59.0484772688409	596160031555464448	32.6564065210076	2.28679307730802	0.0573759142046228	0.156609701761372
"hsa-miR-23a-5p"	10.5134790914278	1461.74819187976	10.2082392082573	2.28089097565352	0.0578694299705604	0.157396641090141
"hsa-miR-196b-5p"	13.9812664660909	16172.6274998041	15.690671860791	2.26762899018354	0.0589942026941499	0.159846143113799
"hsa-miR-100-3p"	22.1856377137326	4770264.10949292	28.4695852434329	2.26538352380249	0.05918683786743	0.159846143113799
"hsa-miR-511-5p"	39.6793408898118	880383340921.82	47.0606795349622	2.26157707254112	0.0595148517687205	0.160168039672311
"hsa-miR-573"	10.6520834058183	1609.15034046271	10.7977539286766	2.25147621796471	0.0603942713068517	0.161966454868375
"hsa-miR-146a-3p"	13.254970207147	9775.60453046406	14.8837286927962	2.24433633944843	0.061023859467257	0.163084669726084
"ebv-miR-BART10-5p"	12.8099022214844	7180.66738349737	13.2205881673348	2.23693706530542	0.06168336098203	0.164274784282004
"hsa-miR-550a-3p&hsa-miR-550a-5p"	-236.969912302079	-2.16297586143427e+71	-263.138558961762	-2.20094085539681	0.064996408434614	0.172499118579062
"hsa-miR-212-3p"	-73.1218270089256	-1.02769269010994e+22	-98.5949584340776	-2.19420151536307	0.0656364483365479	0.173168897967367
"hsa-miR-486-5p"	-66.8717859438661	-1.35024765816516e+20	-59.5817037779949	-2.19141095315873	0.0659033334870408	0.173168897967367
"hsa-miR-193a-3p"	-77.8161441438326	-2.66068544710825e+23	-47.5270109858889	-2.18903630240709	0.0661313057344726	0.173168897967367
"hsa-miR-206"	10.3867455509241	1338.81931163234	6.74269680634622	2.18882246577706	0.0661518736694112	0.173168897967367
"hsa-miR-577"	228.362573715128	5.54606014816684e+68	248.521454953511	2.17747563421994	0.0672525978537049	0.174513769916999
"hsa-miR-132-3p"	-193.050871003675	-1.30047755522564e+58	-213.77403986569	-2.17722913181953	0.0672767146479057	0.174513769916999
"hsa-let-7f-2-3p"	14.3130222770876	20353.9654980269	12.1949685315208	2.17649890382008	0.0673482084686203	0.174513769916999
"hsa-miR-335-3p"	55.0761443112279	37981444982112032	33.7893087447401	2.16887556942325	0.0680991765127164	0.175711492509367
"hsa-miR-548b-3p"	10.2798305694355	1243.18955247051	9.24630635122349	2.16540129389249	0.0684442226583132	0.175711492509367
"hsa-miR-199b-5p"	33.2557487517813	10255997411.2057	30.4574119601273	2.16272690778367	0.0687110291927864	0.175711492509367
"hsa-miR-520f-3p"	23.1362053285237	9219169.28582407	19.8156906487976	2.16256925647418	0.0687267897689833	0.175711492509367
"hsa-miR-501-3p"	9.8814982653956	943.251229548428	9.09006779911598	2.15313531760156	0.0696765770401861	0.177547955447916
"hsa-miR-152-3p"	-12.6939731428533	-6626.232650979	-7.63224586756653	-2.14624031450428	0.070379107440408	0.178744289426467
"hsa-miR-539-5p"	18.5837536229684	392886.650441378	11.0486610863507	2.13777911783195	0.0712509721982458	0.180361371868167
"hsa-miR-592"	37.1857642341441	156325723077.338	38.747938481305	2.13498212423457	0.0715415659805577	0.180501253641736
"hsa-miR-493-5p&hsa-miR-493-3p"	-13.5660173167298	-12127.6913055361	-20.9755611944279	-2.12998087234722	0.0720641459806338	0.181223606449659
"hsa-miR-551b-5p"	-120.058333509154	-1.38407497277681e+36	-118.20155062415	-2.1210908810146	0.073002551008439	0.182983518377362
"hsa-miR-488-5p&hsa-miR-488-3p"	-252.356838725557	-9.26783017951907e+75	-208.742119752305	-2.1187165566332	0.0732552495487642	0.18301881564789
"hsa-miR-99b-3p"	-36.0654341347121	-71908044943.6284	-33.6597517887521	-2.1128351338619	0.0738849964823157	0.183524722066739
"hsa-miR-193a-5p"	-1243.88695420588	-Inf	-715.544035629804	-2.11235824768692	0.0739362961129365	0.183524722066739
"hsa-miR-136-5p"	-263.05356622386	-1.53820387032722e+79	-206.701661844021	-2.10048105192846	0.075225542318299	0.185149195063021
"hsa-miR-448"	39.6524215177723	864108500733.239	24.3558808224059	2.09866499247331	0.075424649207666	0.185149195063021
"hsa-miR-302d-5p"	-507.485218869014	-5.86507048425566e+152	-555.343653615952	-2.09773165068321	0.0755271831710754	0.185149195063021
"hsa-miR-892a"	11.5581641235265	3015.46363865826	12.9424769089905	2.09528641578926	0.0757964716841276	0.185149195063021
"hsa-miR-497-3p"	11.3579359616688	2624.69844100947	14.3595752368676	2.09527514807373	0.0757977147976383	0.185149195063021
"hsa-miR-186-5p"	-16.8097886285092	-114881.632384912	-10.4805128056262	-2.0885789921642	0.0765400936114645	0.185789290118153
"hsa-miR-105-3p"	12.5770326212548	6110.32169427147	10.176622438838	2.08854196717449	0.0765442186145192	0.185789290118153
"ebv-miR-BART9-3p"	10.6075565575885	1560.24465881858	11.6501156379602	2.07777279470028	0.0777535189952374	0.188129176874912
"hsa-miR-593-5p&hsa-miR-593-3p"	9.22019538188601	596.424363601955	10.8277601961685	2.07220908910764	0.078385750275482	0.188786496439062
"hsa-miR-584-5p"	-109.119443823441	-7.05059390188269e+32	-40.8331861446211	-2.07105566948861	0.0785174607093362	0.188786496439062
"hsa-miR-26b-5p"	-1774.90052731556	-Inf	-2608.31510571136	-2.0670565607963	0.07897583877602	0.189295213566273
"hsa-miR-612"	43.4066490060979	11660129185132.1	69.1131300388118	2.0618005127232	0.0795823546188315	0.190154722718516
"hsa-miR-563"	14.4794620264266	22842.9606183935	17.7944031084175	2.05558965801218	0.0803050454385111	0.191092332655447
"hsa-miR-548d-3p"	21.6251656153665	3234621.81669154	29.3681592942954	2.05415387119287	0.0804730423047059	0.191092332655447
"hsa-miR-9-5p"	-1070.92966797155	-Inf	-1639.7139895124	-2.04012618627321	0.0821329243093077	0.194431953534688
"hsa-miR-377-3p"	-270.886934602675	-3.50826789283528e+81	-293.181042340402	-2.0374300273117	0.0824558447691542	0.194595793655204
"hsa-miR-30a-3p"	-20.3531399582999	-1339385.62453731	-19.8943139757372	-2.03140571309035	0.083181954573503	0.195707236680604
"ebv-miR-BART14-5p"	10.7674408143313	1743.10143993894	12.9825404250701	2.02752003419172	0.0836536666384392	0.196215175265085
"hsa-miR-183-5p"	-19.3113033258869	-650551.311083885	-35.237693493745	-2.02087145893075	0.0844669653303507	0.197518787830424
"hsa-miR-215-5p"	-15.1053738752243	-35250.9343021816	-15.6462884274614	-2.01791850830055	0.084830706022925	0.197766417992655
"hsa-miR-640"	-26.3160503937422	-83545013.959158	-27.5059854881094	-2.01300953373078	0.0854388337558811	0.198580562093215
"hsa-miR-339-3p"	-35.4531291491979	-47038700361.8985	-32.8755280032343	-2.00602983110905	0.0863109437581621	0.200001492031753
"kshv-miR-K12-7-3p"	40.3018537636701	1355398072593.7	31.5569674729272	2.00251508702791	0.0867534471449263	0.200421367349875
"hsa-miR-323b-5p"	13.3143920037954	10186.6495906529	13.1813920375193	1.99544904153693	0.0876498748122035	0.20132594042281
"hsa-miR-218-5p"	-120.046093093619	-1.37238158977707e+36	-136.164048165634	-1.99529149389454	0.0876699662336617	0.20132594042281
"hsa-miR-371a-3p"	11.6571575880743	3229.6398728166	12.7851760263078	1.98239153830717	0.0893306163578034	0.204527112675926
"hsa-miR-217-5p"	-19.9373306046124	-1004001.92491559	-22.4304226311168	-1.97707073201533	0.0900246136716837	0.205502615137445
"hsa-miR-491-5p"	-102.304254384109	-6.26108001013263e+30	-105.57697548019	-1.95811266227902	0.0925409195947142	0.210619837771946
"hsa-miR-136-3p"	-138.80875668543	-6.10378774807439e+41	-141.302422228091	-1.95057233468385	0.0935609318471918	0.211888111261092
"hsa-miR-586"	-9.28813042288058	-625.181129714014	-4.99256552878273	-1.94641769245781	0.0941276750822878	0.211888111261092
"hsa-miR-526b-5p"	-106.217434717172	-9.43265417402152e+31	-96.4091218833814	-1.94583463969157	0.0942074806634087	0.211888111261092
"hsa-miR-30c-1-3p"	7.28936725763698	156.42933315963	7.58497123131585	1.94516928654975	0.0942986325675781	0.211888111261092
"hsa-miR-196a-5p"	11.1650150349142	2296.17205702446	12.167343691021	1.94385134133831	0.0944794446561842	0.211888111261092
"hsa-miR-31-5p"	-51.5090813693514	-3204634776175854	-41.9361543649143	-1.93604601811567	0.0955572935605848	0.213680595221483
"hsa-miR-483-5p"	-66.5024814939436	-1.04530184216463e+20	-63.2609522976176	-1.93106114887624	0.0962519830435742	0.214608345914016
"ebv-miR-BART8-5p"	88.8013862065591	5.3936269440571e+26	126.403217262971	1.92083636400014	0.0976924762175861	0.216714793504099
"hsa-miR-877-3p"	14.9585866983014	31840.7500041978	18.945138637392	1.9203478739993	0.0977618234060212	0.216714793504099
"hsa-miR-184"	-87.7193217031555	-2.54769263703849e+26	-79.215937960229	-1.90746638293752	0.099608044532402	0.219412950512445
"hsa-miR-548a-3p"	9.76890255800048	872.434225721939	9.71910062564961	1.90708701303643	0.099662932351943	0.219412950512445
"hsa-miR-483-3p"	59.3741529735083	747138321108778880	78.4115030514638	1.90588399157852	0.099837183479587	0.219412950512445
"hsa-miR-520d-3p"	70.3945067865854	1.55187977337982e+21	40.4795945841877	1.89930684537394	0.100795137857778	0.220885344962616
"hsa-miR-744-3p"	-24.5820237008428	-25114612.8685859	-24.6278751955299	-1.89548534805921	0.101355863453589	0.221481331250435
"hcmv-miR-UL36-5p"	6.86382861645755	116.471132586535	5.61503731099644	1.89321066250915	0.101691074826443	0.221582540886027
"hsa-miR-130b-5p"	13.3870657442835	10712.9318693741	6.29761438909975	1.88883071864072	0.10233958750576	0.222363919594668
"hsa-miR-936"	-13.8608607464381	-14877.6675663541	-9.61933662849875	-1.88448067236694	0.102987675815009	0.223139964265854
"hsa-miR-375-3p"	11.2510241521095	2437.22571520893	9.60653559338501	1.87368522967632	0.104613399814112	0.22588818037377
"hsa-miR-208b-3p"	-25.018542275958	-33988474.5163916	-24.0781692336607	-1.87215999719651	0.104845100668921	0.22588818037377
"hsa-miR-526b-3p"	-10.6028470784071	-1555.15975909849	-3.52367995978427	-1.86645737966812	0.105715839062649	0.226480131344399
"hsa-miR-562"	14.7614225323382	27773.5222658941	12.4348867163791	1.86530959932031	0.10589194536422	0.226480131344399
"hsa-miR-518c-5p"	-759.774822077813	-5.18813652180237e+228	-834.829238959948	-1.86456922767317	0.106005693810482	0.226480131344399
"hsa-miR-188-5p"	8.67626580863436	409.087546411625	10.667267778058	1.85595324368754	0.10733821352647	0.228690027152228
"hsa-miR-149-3p"	-170.28652254535	-1.82537098708587e+51	-196.4381123031	-1.84807533277856	0.108570848339603	0.23015094153219
"hsa-miR-33a-5p"	-230.465385306191	-2.38228622432253e+69	-169.877676859594	-1.84732021185372	0.108689720686004	0.23015094153219
"hsa-miR-766-3p"	-74.2314505819138	-2.21765123568085e+22	-68.6427944161982	-1.84583363949035	0.108924109225795	0.23015094153219
"hsa-miR-542-5p"	-10.3917477308498	-1343.46938557526	-4.04705722273212	-1.82188762558964	0.112768024234967	0.237618336780823
"kshv-miR-K12-4-3p"	7.87287106998272	234.406874435775	8.03059227779762	1.81758587052869	0.113472361354744	0.238447400435859
"hsa-miR-302a-5p"	96.4029771623886	1.04758144425148e+29	58.4164558151461	1.81181888284758	0.114423291107524	0.239084211170127
"ebv-miR-BART18-5p"	70.3686092535192	1.52427082950719e+21	48.239757603636	1.81172298321336	0.114439169193714	0.239084211170127
"hsa-miR-501-5p"	9.60918390614546	781.002797693093	9.42433672067109	1.81008591565883	0.1147105472107	0.239084211170127
"hsa-miR-214-3p"	-59.3166985418459	-717968689022826496	-71.844170939854	-1.80631036702778	0.115338798253269	0.239394755906324
"hsa-miR-324-5p"	-43.2882425585829	-10741364881536.6	-48.1713752714716	-1.80466083273917	0.115614323757549	0.239394755906324
"hsa-miR-943"	-133.635382272773	-1.69144759209124e+40	-81.3160004101856	-1.80320035549147	0.115858801537652	0.239394755906324
"hsa-miR-17-3p"	45.9542855932212	68173939813880.2	29.2355341172505	1.80171463682094	0.116108017206196	0.239394755906324
"hsa-miR-34a-5p"	-332.274186849391	-1.05802767199538e+100	-371.364795617133	-1.78941608037539	0.118190960688651	0.243036104150657
"hsa-miR-619-3p"	42.8300262987975	7818485427031.61	28.1084654157228	1.78750615874086	0.118517651709826	0.243056253640204
"hsa-miR-671-3p"	-13.3347180534374	-10331.1845076513	-9.03288097463196	-1.78538500726265	0.118881493839715	0.243152282066831
"hsa-miR-141-5p"	60.8862347199085	2130997664438698240	96.0535897500998	1.78162484906102	0.119529122780812	0.24382669460873
"hsa-miR-16-2-3p"	7.65178506178086	201.102201060697	7.21894140749981	1.77489983823035	0.120695884568714	0.245553696191521
"hsa-miR-490-3p"	-90.113093541342	-1.3388877190702e+27	-98.9624617317559	-1.77295970674225	0.121034521875977	0.245572082778948
"hsa-miR-601"	17.849034743144	236099.38256464	10.7115079873065	1.77118396835851	0.121345266457916	0.245572082778948
"hsa-miR-92a-1-5p"	9.31858845713939	638.520202709916	8.36280442703857	1.76867821635947	0.121785065036751	0.245813539166285
"hsa-miR-27a-5p"	7.19328909653261	146.351030757843	8.4163411632757	1.76501777226357	0.122430285455046	0.246467267569607
"ebv-miR-BART20-3p"	-12.0352358413915	-4197.27083065919	-10.00797634339	-1.74322497202723	0.126340128460289	0.253672456882308
"ebv-miR-BART10-3p"	-18.7690441898353	-446730.17768109	-16.3358019069162	-1.7409054601785	0.126763249805388	0.253857474153348
"hsa-miR-301b-3p"	23.2957043005224	10296882.6810411	36.3380421104186	1.7370814691895	0.127463778668325	0.254363339069729
"hsa-miR-598-3p"	-69.076595788592	-6.22482764029024e+20	-83.432766901006	-1.73591001792476	0.127679120654297	0.254363339069729
"hsa-miR-492"	-13.1527603690877	-9107.00126446974	-11.7514774940203	-1.72963114033901	0.128839277724211	0.255885631804549
"hsa-miR-624-5p&hsa-miR-624-3p"	-18.884474475243	-483941.949216895	-17.6681411579921	-1.72817115372725	0.129110481757967	0.255885631804549
"hsa-miR-578"	45.482849331081	49170195712684.9	29.1021642974899	1.72165367291016	0.130327819237429	0.257632570502856
"hsa-miR-939-5p"	-506.148602725086	-2.32226450219233e+152	-486.783957889204	-1.71778162094839	0.131056222160543	0.258406484311405
"kshv-miR-K12-8-3p"	-48.3610864162833	-361524416800350	-46.3872935014085	-1.71535770167048	0.131514179713721	0.258644553436985
"hsa-miR-615-3p"	-26.9384193686724	-128609267.811774	-32.5701301643237	-1.71078683510878	0.132381919685086	0.259685249100923
"hsa-miR-137-3p"	-169.018275415053	-7.57828118501089e+50	-213.765877400784	-1.70899997331372	0.132722621044312	0.259689414135171
"hsa-miR-302b-3p"	70.6866208711096	1.90017313792499e+21	40.7910962670089	1.69902474174699	0.134639990656005	0.26241347439714
"hsa-miR-661"	10.4547148967391	1403.40422622553	10.1442258258649	1.69820305407608	0.134799098973237	0.26241347439714
"hsa-miR-297"	22.289989762953	5128088.619366	8.89091159036093	1.68486553624429	0.137406838863988	0.266812773186529
"hsa-miR-921"	-1195.54498914448	-Inf	-1308.49528716402	-1.67544882685212	0.139276735706705	0.269104154075853
"hsa-miR-450b-5p"	9.12432679194851	558.079480464663	7.37689376961857	1.67538950807856	0.13928859083196	0.269104154075853
"hsa-miR-493-5p"	9.63198723349653	793.445452020047	11.7505169259085	1.66870497936804	0.140630661016976	0.270553711112816
"hsa-miR-549a-3p"	-155.904814330854	-8.55117081864958e+46	-201.262806416284	-1.66814140637552	0.140744368623225	0.270553711112816
"hsa-miR-524-3p"	10.0669159582217	1072.61450897219	11.986355729289	1.66510169180248	0.141359168275882	0.271056205169003
"hsa-miR-29b-1-5p"	55.6636555039631	57072904524454792	30.1496664613361	1.66268135097836	0.141850510849329	0.271320054417545
"hsa-miR-150-5p"	-26.9150437527448	-126542236.004282	-35.0222268543137	-1.65920808431758	0.142558423534548	0.271995798136812
"hsa-miR-148b-5p"	-9.69800054864885	-830.59452318128	-9.41932188876725	-1.63823091024145	0.146905305748741	0.279564048138083
"hsa-miR-657"	-11.7285972822833	-3393.59170037518	-11.870889746568	-1.63657325539787	0.147254074899329	0.279564048138083
"hsa-miR-574-3p"	-70.1440905723156	-1.304593711696e+21	-86.4836363266669	-1.63305347602351	0.147997217590076	0.279703498892849
"ebv-miR-BART17-5p"	-601.788477000789	-1.43345024163716e+181	-726.759817739033	-1.63277165489027	0.148056871643412	0.279703498892849
"hcmv-miR-UL70-5p"	12.2698732599402	4938.55499350239	10.6756111259847	1.62901904997447	0.148853355415636	0.280517257011775
"hsa-miR-373-5p"	-8.60815399938941	-390.222728373473	-3.17627109862353	-1.61617059633405	0.151610989737274	0.285013796883551
"hsa-let-7i-3p"	-26.1207351615006	-72966714.6438831	-27.9159930790734	-1.61304291206952	0.152289490172885	0.285495538766094
"hsa-miR-99a-3p"	16.4758431144754	91142.9290432072	9.03279327197248	1.61156220770542	0.152611696080963	0.285495538766094
"hsa-miR-93-3p"	-7.78330868500277	-220.297404138686	-4.18598340716784	-1.60768041064393	0.153459419751846	0.286382907420112
"hsa-miR-485-3p"	-89.5320911854798	-8.95045310270694e+26	-164.648986971629	-1.60545872506809	0.153946581780693	0.286594728703377
"ebv-miR-BART12"	22.3863604645281	5482340.35034616	30.6605058255958	1.59968771068484	0.155218791763366	0.288263470417679
"hsa-miR-604"	8.36077102085424	328.732667744504	7.95996860637595	1.59448105654504	0.15637501226537	0.289709261853958
"hsa-miR-650"	-7.45787334880578	-175.810003207335	-4.19065614868846	-1.58550192323907	0.158387873494402	0.292731322819774
"hsa-miR-299-3p"	-22.1426893937558	-4630348.63931901	-20.1174026428401	-1.58347513348052	0.158845549804939	0.292871482452856
"hsa-miR-597-5p"	-24.8423215763455	-30080424.1960078	-22.3472577870334	-1.57718671342595	0.160273409387652	0.294795455636281
"hsa-miR-139-3p"	-7.24718511603618	-151.92180233981	-7.23777471212216	-1.56937010939089	0.162064905088645	0.297377469385146
"hsa-miR-32-5p"	-52.5243440118154	-6477434799015822	-33.1673667729905	-1.56072518087173	0.164067896405723	0.300334311558926
"hsa-miR-620"	-1040.30238875276	-Inf	-1252.06975308774	-1.54479871420951	0.167818184190499	0.306467969700268
"hsa-miR-431-5p"	168.343514136231	4.74730713993452e+50	86.155762270912	1.53985197240721	0.168999060579755	0.307046345854758
"hsa-miR-194-3p"	7.67428331002055	204.262889688505	8.58332118250117	1.53895174086636	0.169214785778198	0.307046345854758
"hsa-miR-362-5p"	501.848058653144	1.17847105570475e+151	260.113222727663	1.53844695825972	0.169335859578309	0.307046345854758
"hsa-miR-130a-3p"	-236.884527296374	-2.0386760685722e+71	-337.148230474663	-1.53542874824672	0.170061457319804	0.307634758878042
"hsa-miR-450b-3p"	-14.8221337153855	-28967.2220243016	-5.32829527010717	-1.52729496763544	0.172031173112352	0.310465670063939
"hsa-miR-1180-3p"	7.15513362617407	142.531168130108	6.42564560016363	1.52546752028176	0.172476598896783	0.310538852943269
"hsa-miR-300"	-346.165216649074	-1.6073618890795e+104	-412.238925701794	-1.51281917057203	0.175588739571595	0.313706324542916
"hsa-miR-329-3p"	-126.264683362173	-1.02201456486032e+38	-161.51405350622	-1.51254067645666	0.175657840379423	0.313706324542916
"ebv-miR-BART14-3p"	9.06626453728881	536.065150021716	8.22653713114922	1.51060527479766	0.176138748213763	0.313706324542916
"hsa-miR-224-5p"	8.30292320420364	315.812224089699	11.3170483696879	1.51004966359496	0.176277029368778	0.313706324542916
"hsa-miR-200b-5p"	-51.1899880953109	-2568750326202549	-58.7654433731887	-1.51003424511158	0.176280868159057	0.313706324542916
"hsa-miR-219a-1-3p"	227.125529473018	2.35286577474714e+68	114.647743518391	1.50198900167893	0.178294410031634	0.316555121514498
"hsa-miR-23b-5p"	132.113266498432	5.88919644396047e+39	67.2187899347484	1.48260755684023	0.183231900976243	0.323372369094609
"hsa-miR-124-5p"	-28.0719781108476	-282167797.989426	-52.6139153339871	-1.48142946922976	0.183536011950485	0.323372369094609
"hsa-miR-744-5p"	-341.194084098409	-5.12452547837453e+102	-435.461030980235	-1.48139905735575	0.183543868549413	0.323372369094609
"hsa-miR-633"	19.9223104882545	993603.333545622	10.8748695720637	1.48032886075553	0.18382053836408	0.323372369094609
"hsa-miR-376b-3p"	-26.5442761537263	-97864083.9919203	-30.0831766523723	-1.4767052813788	0.184760140410427	0.324281527905715
"hsa-miR-302c-5p"	-20.7835043905769	-1804921.16064765	-37.7069279578281	-1.47418978370334	0.185414985707464	0.32468788593065
"hsa-miR-16-1-3p"	5.33924255683029	40.4829510839148	4.3933870355479	1.46808020914328	0.187014264109893	0.326507354914082
"hsa-miR-451a"	-1683.46425030419	-Inf	-2132.84656822942	-1.46697315435295	0.187305392649539	0.326507354914082
"hsa-miR-877-5p"	-29.4021404701384	-709457228.896929	-27.076606179565	-1.46422389916255	0.188030162846459	0.327027516787378
"hsa-miR-663a"	-12.7854559905513	-7060.01723726948	-7.31292537351107	-1.45898580495355	0.189418106432317	0.328696125867845
"hsa-miR-922"	62.4057614250177	6109505937094825984	-2.71830386107259	1.45103675787111	0.191542137232145	0.331576877585699
"hsa-miR-143-5p"	-7.27532453973833	-154.914088014196	-5.84341663345152	-1.44954623667237	0.191942807885333	0.331576877585699
"hsa-miR-942-5p"	9.86481221514797	932.404537555706	9.81279047274108	1.44051165336329	0.194387692548058	0.333686550135145
"hsa-miR-518f-3p"	7.34212445502433	162.255599301304	8.05296379824715	1.44038394340045	0.194422453578252	0.333686550135145
"hsa-miR-512-3p"	6.09976595853588	68.5823749116498	5.71988660433795	1.44021217722792	0.194469215007053	0.333686550135145
"hsa-miR-425-3p"	6.10423453251303	68.7951298718933	5.69875504197443	1.43464249789409	0.19599101437847	0.335547116134569
"hsa-miR-19a-5p"	7.92161226895312	242.461566635011	8.40075801111069	1.43288047204569	0.196474684834657	0.335626020641831
"hsa-miR-9-3p"	-1329.34852678352	-Inf	-1790.55356573946	-1.42700447306001	0.198095417439821	0.336819585907672
"hsa-miR-365a-3p"	-105.638070845741	-6.31288689930197e+31	-126.586455321131	-1.42627499758304	0.198297461562431	0.336819585907672
"hsa-miR-129-2-3p"	-728.224025087254	-1.64920679092261e+219	-961.096428105588	-1.42557753687072	0.198490812034247	0.336819585907672
"hsa-miR-124-3p"	-960.778286181302	-1.67141125845732e+289	-1345.8756858591	-1.41956273429765	0.200165294264028	0.338358753900577
"hsa-miR-548c-5p"	-7.90897149414525	-240.346418320361	-2.59715928477492	-1.41915183266227	0.200280148984175	0.338358753900577
"hsa-miR-649"	10.3434345478348	1299.22406755289	2.47458265131281	1.41648898186128	0.201025902859965	0.338872236249655
"hsa-miR-568"	-17.104936041552	-140960.951439507	-16.2734819581395	-1.41179958879596	0.202345274181792	0.340348301090865
"hsa-miR-658"	-842.004671433551	-2.94213496086198e+253	-1069.46045712382	-1.40850881876691	0.203275775246547	0.341165250796722
"hsa-miR-487b-3p"	-168.385424544012	-4.88723947903834e+50	-279.186226984231	-1.40627205015823	0.203910434790888	0.341483195381247
"hcmv-miR-US33-3p"	-9.347015221672	-651.226330413671	-9.53128567321125	-1.39981171040917	0.205753469509671	0.343818978461695
"hsa-let-7e"	-704.408930252683	-1.1174220053024e+212	-1161.21444307437	-1.39389998219537	0.207453041258645	0.345464735758704
"hsa-miR-106a-3p"	17.4369883744959	177442.045301308	6.92010258486807	1.39325519262729	0.207639169732415	0.345464735758704
"ebv-miR-BART8-3p"	-65.6472290310492	-57781002232482152448	-92.3699771991782	-1.38439679632	0.210211421091772	0.348987359258419
"hsa-miR-564"	-17.5583746880875	-193017.842203225	-16.7747560615679	-1.37664867115663	0.212484528189511	0.351451935373606
"hsa-miR-567"	5.99039662985734	63.5753956356546	3.78132010907063	1.37621505889578	0.212612383329013	0.351451935373606
"hsa-miR-20a-3p"	-9.74965811723383	-860.873899388504	-8.22530748480679	-1.36629793561539	0.215555280786492	0.355550323361805
"hsa-miR-892b"	6.10457652768218	68.8114398960323	6.61608889010995	1.36263981648731	0.216649919936384	0.356589031311601
"hsa-miR-555"	-11.5530888595535	-3004.87416161493	-11.1507304872407	-1.3575922081559	0.218168432822022	0.358319460330816
"hsa-miR-516b-5p"	-33.4659672773985	-11864788047.9779	-44.8296741456695	-1.35248433235856	0.219714660952494	0.359640487803741
"hsa-miR-30d-3p"	16.649353431875	102790.929065781	9.99745550667656	1.34986779541707	0.220510471812923	0.359640487803741
"hcmv-miR-UL70-3p"	5.82869783926101	56.8346101405713	7.33620470577346	1.34877431727254	0.220843803389796	0.359640487803741
"hsa-let-7g-3p"	275.369200738262	7.8413222874943e+82	129.054114371405	1.34875947522326	0.220848330841672	0.359640487803741
"hsa-miR-20b-5p"	-29.1585445435993	-599234125.088234	-45.9154792806455	-1.33217499787305	0.225958744841508	0.36718296036745
"hsa-miR-585-3p"	-9.49264346999054	-720.394556665857	-4.94413754654755	-1.32667042137037	0.227677804152787	0.369194240560651
"hsa-miR-558"	9.10374030181803	550.1725315461	16.9666719909767	1.31823491348946	0.230334460024084	0.372714200081165
"hsa-miR-383-5p"	-18.8760146120816	-481112.451454981	-14.6238989949312	-1.30682381784536	0.233971419690027	0.375617173262524
"hsa-miR-520a-5p"	12.1226546958106	4459.46428934379	7.48226918024843	1.30615941326945	0.234184717185199	0.375617173262524
"hsa-miR-301a-3p"	-80.7727090713342	-2.06541944556773e+24	-90.6506620828091	-1.30601302758398	0.234231735010852	0.375617173262524
"hsa-miR-24-2-5p"	-32.3926537610117	-5638458927.41611	-29.2393966380494	-1.30535993180092	0.23444160417605	0.375617173262524
"hsa-miR-607"	10.3914207192072	1343.16489964369	2.53581556923496	1.30493859018142	0.234577087343871	0.375617173262524
"hsa-miR-26a-1-3p"	10.5660605611119	1516.00685439428	13.5861964624985	1.30016239656827	0.236117663107302	0.377296349173543
"hsa-miR-591"	29.745095386327	899841327.09646	44.4531136716597	1.29639375525423	0.237339466663129	0.378033634871848
"hsa-miR-98-5p"	-146.945329197623	-1.71771778066846e+44	-194.813887400879	-1.29570052092564	0.237564813570053	0.378033634871848
"hsa-miR-324-3p"	14.3827590108664	21361.9986201329	25.224496014202	1.29385179404717	0.238166682493489	0.378206719404775
"hsa-miR-920"	-45.2098893595561	-40694226488831	-60.349283227552	-1.27731470849482	0.243609664135497	0.386050852049435
"hsa-miR-194-5p"	5.77774577546673	54.8623979142892	6.80219446819081	1.27243187639823	0.245237263430611	0.387640623414892
"hsa-miR-144-3p"	-91.420958311449	-3.31474927346402e+27	-113.78315006741	-1.27127681265144	0.245623654471496	0.387640623414892
"hsa-miR-19b-2-5p"	10.2289098969021	1200.07586575405	9.25386472423474	1.26544198738235	0.247583564173828	0.389931403945228
"hsa-miR-369-3p"	-32.2565215788376	-5130746422.68235	-34.4027709899345	-1.23817132808887	0.256923294844091	0.40330275804576
"hsa-miR-29a-5p"	-20.8684582200698	-1914396.48190674	-14.8996109036213	-1.237591170999	0.257125226446384	0.40330275804576
"sv40-miR-S1-5p"	-245.141137195056	-6.23498577370765e+73	-277.346711487956	-1.23001519037093	0.259774628176032	0.406626815940851
"hsa-miR-506-3p"	-10.5037843096374	-1451.95830503954	-13.6561775984358	-1.22161535108881	0.262739337634364	0.40998280125114
"hsa-miR-671-5p"	-29.8263256204892	-951959938.349882	-37.3539911009559	-1.22091544418703	0.262987663905555	0.40998280125114
"hsa-miR-490-5p"	6.01630524686157	64.7274268195639	6.43121830041623	1.20995630646203	0.266902049516644	0.415241119633399
"hsa-miR-22-5p"	-30.6291923608588	-1660755286.58727	-55.6343065052505	-1.20319498655517	0.269341619843891	0.417625942695596
"hsa-miR-323a-5p"	8.0409468075651	263.369926543487	7.07874784241305	1.20269184031617	0.26952391347369	0.417625942695596
"hsv1-miR-H1-5p"	-21.0582779432764	-2183601.16809529	-24.1166272021698	-1.19718031705528	0.271527617677283	0.419173573113688
"hsa-miR-891a-5p"	-38.4326424653592	-371003660592.817	-63.2626541085884	-1.19544064566988	0.272162678226046	0.419173573113688
"hsa-miR-181d-5p"	-12.0270063727828	-4173.39677634858	-15.9175306788494	-1.19491803866211	0.272353698598665	0.419173573113688
"hsa-miR-182-5p"	-12.1030069348449	-4399.14346180794	-14.2732637635424	-1.19394747872654	0.272708752260404	0.419173573113688
"hsa-miR-628-3p"	-599.115762532057	-2.24809881786166e+180	-722.668524587637	-1.19105718057482	0.273768403767855	0.41996073137989
"hsa-miR-190b-5p"	-7.37254618685558	-165.713368972438	-8.33232534697975	-1.18270520714881	0.276849937882252	0.42384012446245
"hsa-miR-296-3p"	-9.96150704543303	-997.039634237753	-6.83183704790964	-1.17914245382289	0.278173289556544	0.424239392993455
"hsa-miR-890"	-9.24145007303267	-605.276308725324	-12.9056557758727	-1.17902510383429	0.278216968286451	0.424239392993455
"hsa-miR-484"	-5.64126771226202	-49.9103706358689	-0.633609517157777	-1.17659987694299	0.279120948633191	0.424773348415987
"ebv-miR-BART4-5p"	4.67528754408228	25.5506403635343	6.29992379453067	1.17259362221537	0.28061963444651	0.426207517024043
"hsa-miR-569"	4.96726388487343	31.2820658375808	5.01478021464466	1.16610180768022	0.283062431503923	0.426207517024043
"hsa-miR-92b-5p"	-7.60924412430974	-195.258849367472	-8.30558728507108	-1.16565833705546	0.283229951026989	0.426207517024043
"hsa-miR-769-3p"	5.13924186108369	35.2424388741521	6.32983374805155	1.16520669284268	0.283400643188652	0.426207517024043
"hsa-miR-644a"	406.015871605864	1.6709215839937e+122	158.909424964155	1.16296737487167	0.284248228940719	0.426207517024043
"hsa-miR-449a"	5.07642029040476	33.7407535749021	4.93495162538872	1.16246085966863	0.28444023890589	0.426207517024043
"hsa-miR-924"	10.3072541435265	1267.04684005547	5.24573935590819	1.16165245399156	0.284746913762866	0.426207517024043
"hsa-miR-518e-3p"	11.5996188334223	3103.36749611245	4.59117112191144	1.16065211841421	0.285126780369131	0.426207517024043
"hsa-miR-545-5p"	8.98839043045086	507.896397392651	5.38423468668005	1.16062442453797	0.28513730282652	0.426207517024043
"kshv-miR-K12-9-5p"	-12.9169477361751	-7733.72492664119	-14.6434730299933	-1.15890349770801	0.28579181479923	0.426207517024043
"hsa-miR-145-5p"	-65.8233184374688	-65281971843663929344	-86.4110811781489	-1.15716439771471	0.286454509658139	0.426207517024043
"hsa-miR-380-3p"	9.93523745073489	979.049131995341	6.90090991937947	1.15500131857624	0.287280549300541	0.426207517024043
"hsa-miR-610"	6.77000743172213	109.137828344062	5.57720706721822	1.1549839106735	0.28728720508661	0.426207517024043
"hsa-miR-141-3p"	36.7397715263252	114755434918.407	15.3282727991297	1.14351660187903	0.291699582965194	0.431733138761029
"hsa-miR-548c-3p"	8.26931956381094	308.541248423539	7.07156562585813	1.14238624452792	0.292137547610136	0.431733138761029
"ebv-miR-BART2-3p"	-298.179554093125	-5.76753017988039e+89	-465.674960191151	-1.13913230828405	0.293401348188515	0.43276698857806
"hsa-miR-521"	-12.6343566277679	-6357.99703243866	-14.0141503890839	-1.13374866893852	0.295502235023731	0.434634643320892
"hsa-miR-572"	9.80776769273465	896.256391981099	12.1609212801151	1.1329859139409	0.295800891543032	0.434634643320892
"hsa-miR-630"	-44.2401254565544	-20778049394601.3	-55.8012183712722	-1.11960506874622	0.301080755831605	0.440756533901236
"hsa-miR-887-3p"	-17.5230190849161	-188345.114356189	-41.7688935956166	-1.11874407207975	0.301423127911384	0.440756533901236
"hsa-miR-519a-3p"	20.6256328335441	1617834.7608606	21.7695218934778	1.11807038727671	0.301691238980638	0.440756533901236
"hsa-miR-299-5p"	26.5943549938894	101320790.271424	36.9817248930097	1.10861573055906	0.305474650477476	0.44543546942248
"hsa-miR-875-3p"	5.51801696497382	45.8235385645122	7.33784107203298	1.10295101281841	0.307760002115838	0.44791635981565
"hsa-miR-24-1-5p"	-32.0349180612685	-4400188129.39439	-47.4782992038346	-1.10135739535577	0.30840543467411	0.448005621960308
"hsa-miR-518b"	-46.0213683183731	-71418759966463.4	-43.9985889342472	-1.09161329687128	0.312375931719654	0.452390343883431
"hsa-miR-409-3p"	-51.7191243420081	-3706873592020298	-8.61459772137492	-1.091057881809	0.312603497077208	0.452390343883431
"hsa-miR-583"	-241.931080951885	-6.73770899922693e+72	-350.592424599773	-1.08911993968424	0.313398567830373	0.452686820199428
"hsa-miR-20b-3p"	-6.26959186655799	-77.149872452413	-14.3897598749721	-1.07503901234482	0.319224832166933	0.460235801263229
"hsa-miR-652-3p"	-14.0081373574455	-16476.6732009328	-20.1549426903749	-1.06759600861473	0.322339682131303	0.463854664530412
"hsa-miR-10b-3p"	6.95693231690145	124.235383571647	7.42033622770652	1.02666469195974	0.339907150216958	0.48821869703447
"hsa-miR-624-5p"	6.91736081875711	120.874056533677	5.12626276702529	1.01407821861926	0.345459226791098	0.495265844764061
"hsa-miR-509-3p"	8.61636687124972	392.450495627003	10.8531555099604	1.01193728910427	0.346410686186555	0.495703351315462
"ebv-miR-BART3-3p"	-8.40565059468861	-339.11965526301	-9.40393230102545	-1.00809224195666	0.348124645463802	0.49722831111869
"hsa-miR-662"	6.55955398878987	94.3240649807236	4.2787409627437	0.99581521942107	0.353641720482817	0.504169516004313
"hsa-miR-582-3p"	-12.4787736567569	-5708.01597346099	-21.6490884510621	-0.98439680364154	0.358833924209366	0.509753057451451
"hsa-miR-626"	4.3753362051443	20.7542688784149	2.80306894512041	0.984279828903988	0.358887419848479	0.509753057451451
"hsa-miR-214-5p"	57.4226263460835	193167011104897408	24.848230214187	0.972846264371498	0.364146161143803	0.5162663689414
"hsa-miR-337-3p"	-12.4642619560296	-5650.88829751939	-28.3872913530608	-0.967314905882135	0.366711498342653	0.518059176093348
"hsa-miR-30b-3p"	-262.478708517475	-1.03267695832287e+79	-334.794982330558	-0.967207214963765	0.366761580989163	0.518059176093348
"hsa-miR-509-5p"	-69.2304156242655	-6.92519035008084e+20	-115.286236940738	-0.965233387505713	0.367680459439594	0.518402412481928
"hcmv-miR-US5-1"	4.18582226066658	18.1994413454391	8.06888146253613	0.957357418619309	0.371364576959988	0.522389869344734
"hsa-miR-30c-2-3p"	-223.618714445299	-2.06985841750434e+67	-316.855993993406	-0.955054692537836	0.372447039762574	0.522389869344734
"hsa-miR-198"	-24.9231470834426	-31813749.5970841	-30.4145297655239	-0.953763138262615	0.373055227207043	0.522389869344734
"hsa-miR-608"	-13.826264074492	-14525.1362333918	-23.4037565242491	-0.953386094840961	0.373232918384504	0.522389869344734
"hsa-miR-30e-5p"	-169.595297644688	-1.13050298815024e+51	-201.209335745217	-0.944923596873192	0.377238098079612	0.52703391844638
"ebv-miR-BART20-5p"	-5.19985414810857	-36.7546313954486	-8.58385987730438	-0.940326750420288	0.379427384251425	0.529128734037896
"hsa-miR-802"	-10.4827607893895	-1430.95321578423	-13.1162053003381	-0.93719319580214	0.380925283593567	0.53025352543787
"hsa-miR-106b-3p"	-3.26007592866039	-9.58033383413225	1.834571630513	-0.933453431303193	0.382718821292131	0.531785028860624
"hsa-miR-454-5p"	6.91149739245023	120.383795027843	9.22685462093268	0.923351155221805	0.387595621229149	0.53758741678618
"kshv-miR-K12-9-3p"	5.34498950887399	40.6445358773933	7.25025326956125	0.913320621107838	0.39248388512294	0.543384729042049
"hsa-miR-216b-5p"	11.3446605258475	2600.65719116123	4.26149727746404	0.878433631968412	0.409843855351277	0.566396823521495
"hsa-miR-576-5p"	7.38734371922134	167.421815775775	1.24400312610892	0.873515376696527	0.412335990550986	0.568816015742098
"hsa-let-7e-3p"	5.11465094869508	34.6468178554895	6.2003766979874	0.864712644611129	0.416824066624896	0.573974971456544
"hsa-miR-190a-5p"	56.3850163995497	94098184044870688	10.4349763330973	0.860844918149425	0.418807238611971	0.575283594322912
"hsa-miR-520g-3p"	-7.91495034691184	-241.344534721878	-11.4567996696979	-0.859935599815018	0.419274483998055	0.575283594322912
"hsa-miR-323a-3p"	-38.9567859957955	-533532794705.848	-65.5859417149544	-0.855075646738341	0.421778141046462	0.576992590561702
"hsa-miR-575"	9.62434482064836	789.253433032677	2.87220909036672	0.853925871001974	0.422372040392673	0.576992590561702
"hsa-miR-126-5p"	73.8747134410947	1.7318276405593e+22	5.68010065867501	0.852648257059563	0.423032681688734	0.576992590561702
"hsa-miR-574-5p"	-135.97674522493	-8.57193808471198e+40	-209.932749812646	-0.851689160178872	0.42352911145533	0.576992590561702
"hcmv-miR-UL22A-3p"	9.61058998654592	781.764350211447	15.7907192179471	0.846878143933932	0.426025645050688	0.57936466268418
"hsa-miR-513a-3p"	-13.1651150129017	-9185.32474408822	-17.6760025137893	-0.842050280634277	0.428541555331879	0.581754642370886
"ebv-miR-BHRF1-2-5p"	-6.40034055673938	-84.4684432143355	-5.76755248668085	-0.836696836078924	0.43134380869407	0.5845242071879
"hsa-miR-548b-5p"	-3.53271336105035	-11.5731794647422	-1.65348797113737	-0.831232973806958	0.434217354662285	0.586261103079121
"hcmv-miR-US5-2-3p"	3.87663760586531	14.6887284353472	3.95019568331292	0.829262207490521	0.435257160828945	0.586261103079121
"hsa-miR-515-5p"	-13.6373345270771	-12742.2685420073	-18.7640079275078	-0.829005659316017	0.435392649900507	0.586261103079121
"hsa-miR-374b-3p"	-39.1316972274175	-602302473478.774	-69.8667392193275	-0.828456153151465	0.435682957959712	0.586261103079121
"hsa-miR-646"	3.98679166794227	15.8541834270707	5.82574577302687	0.826437633693381	0.43675053868242	0.58666841185537
"hsa-miR-660-5p"	-5.78296198943872	-55.061117649524	-7.43842924821477	-0.808326751439876	0.446412335363837	0.598598358783327
"hsa-miR-639"	-4.80988579934935	-28.0491626825681	-1.31586890681674	-0.802530263906464	0.449536185384223	0.601735173105932
"hsa-miR-193b-5p"	-19.9112664157092	-986026.172575553	-27.1204917649135	-0.796546276555974	0.452777099070262	0.60501748255556
"ebv-miR-BHRF1-2-3p"	-171.999203290153	-5.98300575578271e+51	-78.7914140378162	-0.794461145814141	0.453910220248862	0.605476763358047
"hsa-miR-380-5p"	6.56599330233305	94.7460112155659	5.56206898119667	0.786678655314512	0.458156866480431	0.61008041074738
"hsa-miR-636"	-9.95471927818731	-992.35965889024	-15.0474653923922	-0.78294460242562	0.460204155932286	0.611229034511385
"hsa-miR-485-5p"	10.5895863603687	1540.93080089227	-0.128167080060446	0.781471704959974	0.461013444907604	0.611229034511385
"hsa-miR-638"	-46.3540226205048	-89939657306205.8	-63.294013317492	-0.779621447251527	0.46203146646363	0.611229034511385
"hsa-miR-379-3p"	-25.396618907778	-44171696.5187553	-43.8285795991318	-0.77930253043036	0.462207092590095	0.611229034511385
"ebv-miR-BART16"	-35.5753315172014	-51196691032.5831	-49.1088530321527	-0.77443008616959	0.464896042320748	0.613726789087803
"hsa-miR-940"	3.60866496438549	12.198779986708	3.35282744121456	0.768925127086779	0.467946953638823	0.616692978420923
"hsa-miR-199a-5p"	6.88043021562881	117.819148035941	-5.21904182999067	0.766437665402336	0.469330016256104	0.617454755520467
"hsa-miR-153-3p"	147.619467576047	2.74086524763452e+44	-31.4929696778836	0.762101272124442	0.471747774707294	0.619572847946052
"hsa-miR-92a-3p"	-25.4990062791526	-47420458.5950358	10.9206800801308	-0.752832495505258	0.47694394268671	0.625326502633687
"hsa-miR-553"	-10.6494197154085	-1606.18205977864	-16.5118241517352	-0.738190392142532	0.485230941651511	0.634655458055607
"hsa-miR-503-5p"	-664.430670967891	-1.03172035875044e+200	-1185.93677897481	-0.737341813170299	0.485714151080366	0.634655458055607
"hsa-miR-767-5p"	3.81089065548727	14.0343530499638	3.62319219808286	0.734804052738664	0.487161154357233	0.635463614612241
"hcmv-miR-US25-2-3p"	4.97376680710703	31.4233874559529	2.71447662938521	0.726673302101016	0.491816541798138	0.640277615325165
"hsa-miR-363-3p"	-26.5866852249737	-100783569.983954	-57.7274113518242	-0.725446981881026	0.49252124255782	0.640277615325165
"hsa-miR-518d-3p"	4.01698069412899	16.189434571043	4.97786264317063	0.719391146671523	0.496010995567934	0.643723237902885
"hsa-miR-34a-3p"	-7.73633343270837	-213.239875211751	-12.5307360504894	-0.717119933018973	0.497324003712694	0.644337011566954
"hsa-miR-653-5p"	19.6054726584056	797692.207162944	20.2962922674222	0.713131313001551	0.499635383830464	0.644705453697298
"hsa-miR-7-2-3p"	-9.61553768118307	-784.449998431882	-30.1191211305584	-0.712773869464683	0.499842863502322	0.644705453697298
"hsa-miR-221-5p"	16.2551730673187	78215.8335518685	-5.3459314057522	0.712279275953837	0.500130045567004	0.644705453697298
"hsa-miR-495-3p"	-39.5226029260281	-789748823224.421	-90.4087285826611	-0.672615893388763	0.523509877596796	0.673711537108628
"hsa-miR-593-5p"	-2.76948878038851	-6.81866250999455	-0.382831020392981	-0.670638938169599	0.524693144452995	0.674103252588689
"hsa-miR-641"	2.70807139232499	6.53447528192929	1.21453365218556	0.647955208081429	0.538390459417152	0.690544284904608
"hsa-miR-767-3p"	-4.76704562548908	-27.2285004367965	-3.36094898285394	-0.643510201840444	0.541100328946251	0.692861356096451
"hsa-miR-222-5p"	-5.8338238966026	-57.0369090694536	-10.7834728270106	-0.639141548591077	0.543771832733458	0.695121659510937
"ebv-miR-BART11-3p"	-3.95635130616724	-15.5231701039866	-3.33429596621719	-0.636876801812979	0.545159947323515	0.695736571709044
"hsa-miR-126-3p"	-462.754675508321	-2.0092684354397e+139	-891.721099904669	-0.6285329812475	0.550292761127934	0.701120511270973
"ebv-miR-BART1-3p"	3.43690261513667	10.8295591903715	7.84066111904965	0.622933322422465	0.553753895243268	0.704360261445417
"hsa-miR-132-5p"	-33.0711238927927	-9024024838.91744	-78.2893905518368	-0.61870166996783	0.556378182667186	0.704672678928154
"hsa-miR-765"	-260.727244494633	-3.06705299193298e+78	-489.878761142365	-0.617315151307359	0.557239668497954	0.704672678928154
"hsa-miR-505-5p"	-22.4547902545399	-5748643.97771844	-35.2149947400576	-0.616651134937302	0.557652525821761	0.704672678928154
"hsa-miR-33b-3p"	-3.15760294688989	-8.92345835992803	1.25695257897446	-0.616615854424395	0.557674466896205	0.704672678928154
"hsa-miR-181c-5p"	-41.9357945931353	-4206608204498.9	-73.2114854391156	-0.614742705520421	0.558840129324911	0.704984176302971
"hsa-miR-452-5p"	2.50204096776559	5.6648626139286	2.10902682795286	0.608000095493795	0.563048134589554	0.70912630415466
"hsa-miR-135b-3p"	4.53810508014926	23.2330246176318	2.87189312218844	0.603112641493561	0.566110122570974	0.711569091852847
"hsa-miR-708-5p"	-77.5566965513554	-2.22275720446241e+23	-185.263459160925	-0.601944894126642	0.566843174865827	0.711569091852847
"hsa-miR-411-3p"	-21.1256186687235	-2287941.39666988	-46.3669118813409	-0.588109018852538	0.575571227991205	0.721344986714468
"hsa-miR-32-3p"	-444.989469543294	-9.01940912381889e+133	-774.677333959172	-0.581289194533318	0.579902084824784	0.725587111028726
"hsa-miR-204-5p"	30.6386255050502	1671649808.60411	-34.0286598109329	0.570999529793759	0.586471990513842	0.732612405088138
"hsa-let-7f-5p"	-37.0647531151854	-143748217987.916	-100.757811038957	-0.561283060275641	0.592714850975214	0.739206976744697
"hsa-miR-496"	4.80375361462331	27.9301925535389	4.52180580730969	0.559476731655958	0.593879562116758	0.739457182051223
"hsa-miR-552-3p"	-3.13535609895755	-8.78691110702905	-1.31817978624833	-0.556182284525609	0.596007129822769	0.740903514706748
"hsa-miR-302a-3p"	27.2715740147637	162017455.560478	18.5505423389844	0.553991970316218	0.597424015461119	0.7414631389299
"hsa-miR-615-5p"	3.24347910143784	9.47075277340565	3.3737707299356	0.551840387949723	0.598817685343201	0.741992188462415
"hsa-miR-367-5p"	28.7505930838048	451638453.220979	-12.0326269077919	0.55018563082274	0.599890778299059	0.742122946702223
"hsa-miR-135a-3p"	-2.51421884712046	-5.71288245880443	-0.883468440094725	-0.540517629720076	0.606181783816871	0.748697951992818
"hsa-miR-576-3p"	-88.6284071948436	-4.78419677059383e+26	-242.503519403501	-0.535884739847363	0.609209304639436	0.751227550897825
"hsa-miR-155-5p"	-13.8161799938256	-14423.9631315213	11.3413908683168	-0.525225423356726	0.616206400511969	0.758329283084518
"hsa-miR-302b-5p"	2.83400795690334	7.13052329407891	-0.913630164894067	0.524102798139072	0.616945857424693	0.758329283084518
"hsa-miR-33a-3p"	-5.78151479810642	-55.0059126220201	-9.30745723547121	-0.517297343682231	0.621438764852333	0.761620626609989
"hcmv-miR-UL36-3p"	3.27142588097881	9.65600137130721	7.32809238059991	0.515585718803304	0.622571525892008	0.761620626609989
"hsa-miR-374a-3p"	-4.31583813448203	-19.9157531604226	-6.45475198964862	-0.515538909454634	0.62260252005797	0.761620626609989
"hcmv-miR-UL22A-5p"	2.56634219710212	5.92305793301909	-0.359024529267516	0.50658066216801	0.628549252257698	0.767670822423016
"hsa-miR-487a-3p"	-24.4278601672873	-22569328.6263817	-57.0737792120083	-0.499703596289682	0.633134757984007	0.770844884433438
"hsa-miR-556-5p"	13.9751177291252	16103.8467649985	-11.3710521177511	0.498618644465556	0.633859784870711	0.770844884433438
"hsa-miR-129-1-3p"	-344.976714100591	-7.05242944275833e+103	-805.756260971695	-0.498164899946721	0.634163131782919	0.770844884433438
"hsa-miR-545-3p"	-3.24941472982262	-9.50979821790708	0.104803146797501	-0.493095744582823	0.637557223429513	0.773067502851492
"hsa-miR-518f-5p"	10.1416404640781	1129.63459700296	-2.4874485117504	0.492424347617285	0.638007469758793	0.773067502851492
"hsa-miR-424-3p"	-1.92800012928762	-3.80527344633809	-1.42592091361556	-0.480768422147242	0.645850229390096	0.781336160792119
"hsa-miR-30e-3p"	-23.3983071956295	-11055854.4767609	-69.9060000695966	-0.470788432102494	0.652604242426471	0.786357752039649
"hsa-miR-580-3p"	7.07970199442141	135.270364625743	20.8093522874211	0.47017803177491	0.65301848704856	0.786357752039649
"hsa-miR-372-3p"	-2.40154643750819	-5.28369224493214	-1.81229748437392	-0.469745403690906	0.65331216761944	0.786357752039649
"hsa-miR-543"	-5.09571541800741	-34.1950458342434	-7.14943579747681	-0.468582343930386	0.654102015386305	0.786357752039649
"hsa-miR-369-5p"	-17.730676955063	-217503.177983187	-32.9316273294071	-0.462787885717976	0.658044218748268	0.788060152644761
"hsa-miR-146b-5p"	-59.7893322073255	-996282300995422208	-138.705286634731	-0.462444101221786	0.658278480399585	0.788060152644761
"hsa-miR-218-1-3p"	-3.16413462273375	-8.96395013090869	-2.89470081600601	-0.461746996566007	0.658753628697829	0.788060152644761
"kshv-miR-K12-3-3p"	2.30333150626673	4.93596274746043	3.28696468431811	0.460464942372207	0.659627924378013	0.788060152644761
"hsa-miR-95-3p"	62.9163461322956	8703769945247774720	-28.6486909477896	0.458094252434896	0.661246127133341	0.788764820390781
"hsa-miR-581"	16.7104627058307	107238.446966799	43.4569248725318	0.450340545091168	0.666552344022151	0.792740507898799
"hsa-miR-378a-5p"	-2.9124764287031	-7.52909482183849	-1.95107413050608	-0.450203685574596	0.666646189823631	0.792740507898799
"hsa-miR-1-3p"	50.7583086445779	1904466909854125	-85.5034777587663	0.444438710376911	0.670605121011808	0.796213820148695
"hsa-miR-133a-3p"	20.0974527700073	1121853.43026279	9.4493657429112	0.440029610619243	0.673640595314624	0.798581663997398
"hsa-miR-29b-2-5p"	-7.58798292834516	-192.402392448815	-19.7853112124551	-0.434704885796772	0.677315204018647	0.801698705991207
"hsa-miR-145-3p"	-2.88245149901377	-7.37402086719764	-3.79690189650809	-0.431791650373147	0.679329667172139	0.802844152112528
"hsa-miR-541-3p"	-3.55417672109889	-11.746643890391	-4.72768945563063	-0.425234171691934	0.683874418600165	0.806264481399663
"hsa-miR-148a-3p"	-4.13946065487166	-17.6238920086201	-7.40743018953021	-0.424421978650851	0.68443831121186	0.806264481399663
"hsa-miR-589-3p"	-3.33376027145987	-10.0823516377068	-1.77661584838048	-0.423070117253304	0.685377368803885	0.806264481399663
"hsa-miR-599"	-4.76780522679778	-27.2428404392529	-12.620697951598	-0.420506180158384	0.687160032359308	0.80712365209738
"hsa-miR-384"	1.99174164127903	3.97716837714052	7.6427760201605	0.418606140128405	0.688482487571645	0.807440470898244
"hsa-miR-200a-5p"	-4.1387990988265	-17.6158123249855	-7.31890924048965	-0.415329808175582	0.690765625174733	0.808543314531522
"hsa-miR-18b-3p"	-2.14823583908986	-4.43285397619352	-1.96021871665089	-0.414230832657534	0.691532235396333	0.808543314531522
"ebv-miR-BART9-5p"	1.78025758855306	3.43487497686859	-2.45848184035805	0.41272206138496	0.692585342434433	0.808543314531522
"hsa-miR-92a-2-5p"	-9.93578594816626	-979.421426911315	9.71840903383612	-0.408327503301405	0.695656877473906	0.809872760910921
"hsa-miR-187-3p"	6.94032053131749	122.813090287596	18.6296222427569	0.408071615974123	0.69583591843585	0.809872760910921
"ebv-miR-BHRF1-3"	-2.5481464381622	-5.84882343776205	-2.36546137002128	-0.400301220021789	0.70128268982033	0.814975489533626
"hsa-miR-885-3p"	4.60248325216684	24.2932440683782	2.86590964172034	0.397033278160261	0.70357910239471	0.815848792376118
"hsa-miR-34c-5p"	-3.7053716312225	-13.0445170898219	-5.83870851322778	-0.395183881285572	0.704880173901775	0.815848792376118
"hsa-miR-362-3p"	-2.17534021116657	-4.51692265813233	-2.12570395558187	-0.394693662701861	0.70522522730817	0.815848792376118
"hsa-miR-517-5p"	1.59758178736513	3.02635616984196	2.05948048160267	0.393102928820972	0.706345423350267	0.815914065827794
"hsa-miR-628-5p"	22.5936975361483	6329664.21180669	-2.15188217461082	0.38056265882314	0.715203626510309	0.824904032381063
"hsa-miR-154-3p"	-12.5083274850301	-5826.15143281485	-33.5469670204327	-0.377664541268006	0.71725762273987	0.825134990193386
"hsa-miR-625-3p"	-30.4609645586284	-1477964589.72765	-72.1899934302007	-0.377244598531645	0.717555460833101	0.825134990193386
"hsa-miR-1307-3p"	-2.20222042064041	-4.601870611643	0.713780015543347	-0.37356733024444	0.720165769280227	0.826896923709482
"hsa-miR-551a"	-2.53475133488113	-5.79476973678269	-6.46203035698782	-0.371990640090664	0.721286220733318	0.826945487746569
"kshv-miR-K12-1-5p"	3.1843222192521	9.09026415996171	-1.26464350601132	0.358956789857988	0.730576621260734	0.836346669413407
"hsa-miR-376a-5p"	-20.6412471155328	-1635439.67636896	-76.3629711733831	-0.354685244952905	0.733632088198349	0.838592863857129
"hsa-miR-340-3p"	5.69832570557028	51.9238590627511	-14.7448344056122	0.350045902518935	0.736956556784184	0.841139403353377
"hsa-miR-504-5p"	-8.13666932190964	-281.437219004069	-23.7745243745587	-0.347604933981304	0.738708160944594	0.841820563635105
"hsa-miR-524-5p"	13.2732863218135	9900.50446346368	-16.9526592625375	0.346156335051802	0.739748448357316	0.841820563635105
"hsa-miR-370-3p"	-3.18777751062857	-9.11206166657723	-4.89214297029162	-0.344263373217635	0.741108734390689	0.842119110040976
"hsa-miR-512-5p"	-24.2544105499432	-20012673.1598937	24.0918218336721	-0.340519877526577	0.743801758750249	0.843928918582014
"hsa-miR-216a-5p"	-1.76746201660411	-3.40454503371329	-2.63094231269958	-0.338773841478259	0.745059163476944	0.844106910467971
"hsa-miR-616-5p&hsa-miR-616-3p"	-2.91449342574422	-7.53962842887191	-1.96302410537133	-0.335900589652286	0.747130157029501	0.845204764663167
"hsa-miR-143-3p"	-111.058667706395	-2.70389771082497e+33	-323.390605534223	-0.33153436621176	0.750281577826545	0.847519838281237
"hsa-miR-499a-3p"	-2.18104914629392	-4.53483213032818	0.208928808245479	-0.315527004502652	0.761878927394818	0.859354613693861
"hsa-miR-331-5p"	-9.93792302623746	-980.873328404661	-25.4873869943695	-0.313110846395601	0.763635279674389	0.859378450451654
"hsa-miR-449b-5p"	2.33550996805642	5.04729345206202	1.21016307403901	0.312415605498969	0.76414094290486	0.859378450451654
"hsa-miR-876-5p"	27.0242458089775	136492440.383759	-28.2571909470859	0.308206401741361	0.767205030545696	0.861365171712978
"hsa-miR-518a-3p"	-4.60234621927043	-24.2909367092974	-10.1218609347186	-0.306904647525235	0.768153555999579	0.861365171712978
"hsa-miR-499a-5p"	-12.6910057677287	-6612.61763877426	-39.3640189321786	-0.296678516488028	0.775619644864989	0.868467543958316
"hsa-miR-125b-1-3p"	-5.96926712741183	-62.651064935793	0.612434624503171	-0.291146659032864	0.779669214813498	0.871729282451827
"hsa-miR-28-3p"	-2.871787942307	-7.31971736124616	-0.900678176524757	-0.282782062228684	0.785806494168399	0.877312345017703
"hcmv-miR-UL112-3p"	-1.53952492069435	-2.90698760633519	1.521413972186	-0.277868850198734	0.789419136536315	0.878559634907884
"hsa-let-7f-1-3p"	-19.6440378635892	-819303.165641812	25.2602934607619	-0.277612659562656	0.789607665733487	0.878559634907884
"kshv-miR-K12-2"	1.45802760904264	2.74732504227284	3.67870869003177	0.275328081312289	0.791289545092401	0.878559634907884
"hsa-miR-139-5p"	-9.98347274033183	-1012.33617372238	-48.0435234680916	-0.272614777053567	0.793288607433804	0.878559634907884
"hsa-miR-10a-3p"	-10.7876634739837	-1767.70702888316	23.2199602817876	-0.271473842686618	0.794129708234699	0.878559634907884
"hsa-miR-627-5p"	-7.89891125047308	-238.676257551946	10.2193996728823	-0.270709838335269	0.794693100384238	0.878559634907884
"hsa-miR-770-5p"	1.36012140575195	2.56706781006732	0.438863700611193	0.27037259307602	0.794941833932297	0.878559634907884
"hsa-miR-138-2-3p"	2.44823928716193	5.45749645148237	-0.00538066878355203	0.266218298054646	0.798007917373165	0.880679241187363
"hsa-miR-455-3p"	-3.35739750775813	-10.2489023958772	-9.30593713692518	-0.258654480782443	0.803600263695788	0.885576727377399
"hsa-miR-7-1-3p"	2.49046434738104	5.61958793853548	-1.35608113365895	0.254622655624382	0.806586321826459	0.886183608029825
"hsa-miR-758-3p"	-4.09630964737449	-17.1045666391719	-13.5118883453076	-0.252971397103407	0.80781028961758	0.886183608029825
"hsa-miR-325"	1.13768883018636	2.20028259634329	2.68937657552908	0.251860836646956	0.808633801299823	0.886183608029825
"hsa-miR-122-3p"	-0.837266696778004	-1.78666195672262	-1.13618392903941	-0.251673795137118	0.808772523625655	0.886183608029825
"hsa-miR-523-3p"	-18.4209759689761	-350967.026366116	27.8293756540939	-0.249701283704841	0.81023591943514	0.886520613704354
"hsa-miR-876-3p"	3.7737613804857	13.6777723769097	-12.2642536579346	0.247459721161523	0.811899918008174	0.887075836342264
"ebv-miR-BART18-3p"	2.43331986995802	5.40134937850159	-8.928095033517	0.24203847994529	0.815928640157404	0.890209483642573
"hsa-miR-571"	2.63202427202219	6.19895173847925	12.0196089039757	0.238951960860049	0.818225042708761	0.891446886019346
"hsa-miR-146a-5p"	-3.30750454957738	-9.90052170501904	-15.2421435970806	-0.235263169190431	0.820972070415122	0.893171032636026
"hsa-miR-541-5p"	1.13221351511531	2.19194791148343	3.5211676349275	0.232284360008049	0.823192360979877	0.894318046560291
"hsa-miR-614"	-1.24284673137265	-2.36665060259236	1.48484932387363	-0.22852948409074	0.825993593156754	0.89609205933696
"hsa-miR-346"	-1.72710359557541	-3.31062498176304	-3.74137055592669	-0.224908596522275	0.828697461737278	0.897334036614139
"hsa-miR-935"	-1.33054035828498	-2.51496854864976	0.623801040822599	-0.222918447413725	0.830184660872273	0.897334036614139
"hsa-miR-144-5p"	8.33876849239355	323.757205729208	18.8174501491624	0.221216504203741	0.831457086241277	0.897334036614139
"ebv-miR-BART7-3p"	-5.49432571279782	-45.0771910504864	11.6588672621676	-0.220733730213614	0.831818122597983	0.897334036614139
"hsa-miR-181c-3p"	1.85554020391033	3.61887231008809	-0.69345435761572	0.216856774303615	0.834719037011893	0.899198737904666
"hsa-miR-146b-3p"	-19.8048643400948	-915921.442676982	-106.25852422603	-0.204890702110675	0.84368993391939	0.907587909279344
"hsa-miR-96-3p"	1.14264347250695	2.20785200920812	2.93344111643017	0.200353593600592	0.847098023064416	0.909733025413126
"hsa-miR-889-3p"	-4.34674717288465	-20.3470420495228	-20.0235079123994	-0.198115877565989	0.848780210416229	0.909733025413126
"hsa-miR-379-5p"	-28.2195139477656	-312550473.614777	-81.7874350435388	-0.196070715929009	0.85031839119657	0.909733025413126
"hsa-miR-654-3p"	-3.45645567277914	-10.977332933201	-14.8873408048566	-0.19473311586979	0.851324791159719	0.909733025413126
"hsa-miR-211-5p"	4.49955752115331	22.6204781662196	12.9188588104427	0.194348155478177	0.851614487935625	0.909733025413126
"kshv-miR-K12-12-5p&kshv-miR-K12-12-3p"	0.993290013289362	1.99071958164099	1.20695232380699	0.188682663190888	0.855880815246262	0.913018894706374
"hsa-miR-337-5p"	-2.99329981163547	-7.96293240819633	-13.6061604177939	-0.169924022729923	0.870043143790315	0.926837626787739
"hsa-miR-182-3p"	-9.74665484735387	-859.083675270795	35.2305483712209	-0.167387044393837	0.871962591582818	0.927593454913371
"hsa-miR-412-3p"	4.26637703522351	19.2445367098213	18.8202111085063	0.163454968300014	0.874939390709477	0.927593454913371
"hsa-miR-544a"	-1.67359762049314	-3.19009109251586	-1.85986033206359	-0.162983077656559	0.875296786106543	0.927593454913371
"hsa-miR-623"	-2.04210643725645	-4.11846416915831	-0.784124402301893	-0.161511733009569	0.876411338483922	0.927593454913371
"hsa-miR-195-3p"	-5.43232164921427	-43.1809072196447	-27.3229045007314	-0.160999340731115	0.876799549950709	0.927593454913371
"hsa-miR-411-5p"	-15.8980152153721	-61063.1847739276	-50.2575664492779	-0.156670726593871	0.880080553415789	0.929782072272604
"hsa-miR-525-3p"	0.784510188558901	1.72250740920237	1.75564370137844	0.150759285659088	0.884565407405275	0.932765004931636
"hsa-miR-326"	-1.50391390231709	-2.83611081184889	-4.16511301796726	-0.149743824973953	0.885336275867316	0.932765004931636
"hsa-miR-26a-2-3p"	13.4742634465527	11380.39842555	81.5790403736723	0.145221496172353	0.888770935738609	0.93509918753294
"hsa-miR-27b-5p"	0.623364289927386	1.54046327641253	2.69854970002873	0.139736080970839	0.892940507622084	0.937062506332049
"ebv-miR-BART7-5p"	-1.19492691581775	-2.28933234504471	-11.7176249664999	-0.139552082069277	0.893080433023113	0.937062506332049
"hsa-miR-542-3p"	-1.03365896923185	-2.04720981495567	0.685288398300521	-0.137080375465152	0.894960485046635	0.937752311517444
"hsa-miR-155-3p"	-0.69170436677449	-1.61519054076113	-2.29706863230078	-0.133411018346223	0.897752846194833	0.939394860888727
"hsa-miR-622"	-1.55250501184512	-2.9332601151659	-2.21658012779399	-0.131629155963582	0.899109401222981	0.939532575937366
"hsa-miR-500a-3p&hsa-miR-500a-5p"	-1.12757608100621	-2.18491337273546	-6.17173550292292	-0.126788147299462	0.902796749868297	0.94094496418825
"kshv-miR-K12-4-5p"	-25.6062846212959	-51081042.0803334	129.553123743246	-0.126633490008578	0.902914594058086	0.94094496418825
"hsa-miR-559"	-0.621655826767524	-1.53864011422494	-6.15780834456281	-0.105566023009053	0.918990739197115	0.956034242737782
"kshv-miR-K12-6-5p"	1.01983407859208	2.02768574617635	-16.600929614837	0.10439326731249	0.919886924563863	0.956034242737782
"hcmv-miR-US4-5p"	-0.685260992910981	-1.6079928515348	-0.992510691877287	-0.101461769690513	0.922127635728816	0.957066165905279
"hcmv-miR-US25-2-5p"	-32.9783549249168	-8462019855.82684	210.234092568143	-0.0977699690775389	0.924950574199576	0.958559497371844
"hsa-miR-31-3p"	-0.942328671526193	-1.92162745887171	-5.00693276483812	-0.0947228842185329	0.927281412173986	0.958559497371844
"hsa-miR-377-5p"	-0.53397003086833	-1.44790809464462	-8.37975516419722	-0.0935057759655527	0.928212644275394	0.958559497371844
"ebv-miR-BART15"	-14.3465361551488	-20832.3237679279	100.434602628567	-0.093044694155755	0.928565458340652	0.958559497371844
"hsa-miR-432-3p"	-2.3581122882497	-5.12699072650855	17.0515173508263	-0.0829370722690168	0.936303895797508	0.964520035891129
"hsa-miR-561-3p"	0.617675277794886	1.5344006937915	0.965913902427574	0.0822182373104301	0.936854532905986	0.964520035891129
"hsa-miR-596"	-0.456953232088141	-1.37263993360147	3.21161332724098	-0.0787929803129692	0.939478832225717	0.965925287288371
"hcmv-miR-US33-5p"	0.313422362964338	1.24265202696889	1.91743341523503	0.075182374722462	0.942246017328889	0.965998313060519
"hsa-miR-203a-3p"	2.05099164922706	4.14390706793239	-3.48986564747001	0.0744536743985873	0.942804602512713	0.965998313060519
"hsa-miR-34b-5p"	-0.673468231660316	-1.59490250020782	5.67903513789479	-0.0737706462865917	0.943328209233805	0.965998313060519
"ebv-miR-BART6-5p"	0.447910797407615	1.36406349150951	0.284098265397621	0.0685593106868938	0.94732417510067	0.968628904179893
"hsa-miR-611"	4.53807610804392	23.2325580582697	53.045551544321	0.0671268880100124	0.948422825344328	0.968628904179893
"hsa-miR-944"	0.306968956552345	1.23710585875499	-0.485912476761382	0.0634787199464529	0.951221465937995	0.969116699019598
"hsa-miR-582-5p"	2.34378586911898	5.076330037853	-29.5738780961873	0.063210214037539	0.951427476351705	0.969116699019598
"hsa-miR-135a-5p"	21.1274429741638	2290836.35638592	-195.779854835459	0.0534248630268509	0.95893786006437	0.97547127144479
"hsa-miR-655-3p"	0.504005416861347	1.41814536035456	-4.89674739805969	0.0450737567800275	0.965351038239404	0.979521720680625
"hsa-miR-335-5p"	22.4378774384086	5681645.69735843	-52.0176562201709	0.0449139087438138	0.9654738211663	0.979521720680625
"hsa-miR-656-3p"	-0.911428782102181	-1.88090734474205	-23.2189805227355	-0.041380908770005	0.968187850949209	0.980977650829647
"hsa-miR-454-3p"	-0.830355496982136	-1.77812345883405	-4.57158068287857	-0.0396092708665749	0.969548986625622	0.981060781981335
"hsa-miR-147b-3p"	-1.96951749598031	-3.91637115544604	-42.94354491518	-0.0361462928604836	0.972209877868286	0.982457149308268
"hsa-miR-421"	-0.270674989762768	-1.20637211768041	-11.8394237990039	-0.028926799720737	0.977758395879114	0.986764065314843
"hsa-miR-200a-3p"	0.127933445385287	1.09272732808423	1.29362772741912	0.0263285008071508	0.979755652890239	0.987480401796075
"hsa-miR-200c-5p"	0.0955316337545322	1.06845906314516	-3.09862257952018	0.0185121430442557	0.985764803678151	0.991818740800905
"hsa-miR-606"	-0.105843194468817	-1.07612315534204	-0.770815697561994	-0.0173656874371092	0.986646283221761	0.991818740800905
"hsa-miR-133b"	0.85417149668956	1.80772032886924	-1.91339421919549	0.0139972404540944	0.989236305032611	0.993120659931589
"hsa-miR-422a"	-1.10085352590548	-2.14481546353021	-61.0337785146662	-0.012313451720826	0.990531036307257	0.993120659931589
"hsa-miR-101-5p"	-0.62070864710561	-1.53763027480642	83.5324910888979	-0.00567381905486496	0.995636770628929	0.996936557535755
"hsa-miR-647"	-0.0226455675451778	-1.01582055178321	-21.0232262562791	-0.00183923666369685	0.998585598943715	0.998585598943715
